-1
501
1
503
3
505
5
507
7
509
9
511
11
513
13
515
15
517
17
519
19
521
21
523
23
525
25
527
27
529
29
531
31
533
33
535
35
537
37
539
39
541
41
543
43
545
45
547
47
549
49
551
51
553
53
555
55
557
57
559
59
561
61
563
63
565
65
567
67
569
69
571
71
573
73
575
75
577
77
579
79
581
81
583
83
585
85
587
87
589
89
591
91
593
93
595
95
597
97
599
99
601
101
603
103
605
105
607
107
609
109
611
111
613
113
615
115
617
117
619
119
621
121
623
123
625
125
627
127
629
129
631
131
633
133
635
135
637
137
639
139
641
141
643
143
645
145
647
147
649
149
651
151
653
153
655
155
657
157
659
159
661
161
663
163
665
165
667
167
669
169
671
171
673
173
675
175
677
177
679
179
681
181
683
183
685
185
687
187
689
189
691
191
693
193
695
195
697
197
699
199
701
201
703
203
705
205
707
207
709
209
711
211
713
213
715
215
717
217
719
219
721
221
723
223
725
225
727
227
729
229
731
231
733
233
735
235
737
237
739
239
741
241
743
243
745
245
747
247
749
249
751
251
753
253
755
255
757
257
759
259
761
261
763
263
765
265
767
267
769
269
771
271
773
273
775
275
777
277
779
279
781
281
783
283
785
285
787
287
789
289
791
291
793
293
795
295
797
297
799
299
801
301
803
303
805
305
807
307
809
309
811
311
813
313
815
315
817
317
819
319
821
321
823
323
825
325
827
327
829
329
831
331
833
333
835
335
837
337
839
339
841
341
843
343
845
345
847
347
849
349
851
351
853
353
855
355
857
357
859
359
861
361
863
363
865
365
867
367
869
369
871
371
873
373
875
375
877
377
879
379
881
381
883
383
885
385
887
387
889
389
891
391
893
393
895
395
897
397
899
399
901
401
903
403
905
405
907
407
909
409
911
411
913
413
915
415
917
417
919
419
921
421
923
423
925
425
927
427
929
429
931
431
933
433
935
435
937
437
939
439
941
441
943
443
945
445
947
447
949
449
951
451
953
453
955
455
957
457
959
459
961
461
963
463
965
465
967
467
969
469
971
471
973
473
975
475
977
477
979
479
981
481
983
483
985
485
987
487
989
489
991
491
993
493
995
495
997
497
999
499
502
2
504
4
506
6
508
8
510
10
512
12
514
14
516
16
518
18
520
20
522
22
524
24
526
26
528
28
530
30
532
32
534
34
536
36
538
38
540
40
542
42
544
44
546
46
548
48
550
50
552
52
554
54
556
56
558
58
560
60
562
62
564
64
566
66
568
68
570
70
572
72
574
74
576
76
578
78
580
80
582
82
584
84
586
86
588
88
590
90
592
92
594
94
596
96
598
98
600
100
602
102
604
104
606
106
608
108
610
110
612
112
614
114
616
116
618
118
620
120
622
122
624
124
626
126
628
128
630
130
632
132
634
134
636
136
638
138
640
140
642
142
644
144
646
146
648
148
650
150
652
152
654
154
656
156
658
158
660
160
662
162
664
164
666
166
668
168
670
170
672
172
674
174
676
176
678
178
680
180
682
182
684
184
686
186
688
188
690
190
692
192
694
194
696
196
698
198
700
200
702
202
704
204
706
206
708
208
710
210
712
212
714
214
716
216
718
218
720
220
722
222
724
224
726
226
728
228
730
230
732
232
734
234
736
236
738
238
740
240
742
242
744
244
746
246
748
248
750
250
752
252
754
254
756
256
758
258
760
260
762
262
764
264
766
266
768
268
770
270
772
272
774
274
776
276
778
278
780
280
782
282
784
284
786
286
788
288
790
290
792
292
794
294
796
296
798
298
800
300
802
302
804
304
806
306
808
308
810
310
812
312
814
314
816
316
818
318
820
320
822
322
824
324
826
326
828
328
830
330
832
332
834
334
836
336
838
338
840
340
842
342
844
344
846
346
848
348
850
350
852
352
854
354
856
356
858
358
860
360
862
362
864
364
866
366
868
368
870
370
872
372
874
374
876
376
878
378
880
380
882
382
884
384
886
386
888
388
890
390
892
392
894
394
896
396
898
398
900
400
902
402
904
404
906
406
908
408
910
410
912
412
914
414
916
416
918
418
920
420
922
422
924
424
926
426
928
428
930
430
932
432
934
434
936
436
938
438
940
440
942
442
944
444
946
446
948
448
950
450
952
452
954
454
956
456
958
458
960
460
962
462
964
464
966
466
968
468
970
470
972
472
974
474
976
476
978
478
980
480
982
482
984
484
986
486
988
488
990
490
992
492
994
494
996
496
998
498
1000
500
