-1
5001
1
5003
3
5005
5
5007
7
5009
9
5011
11
5013
13
5015
15
5017
17
5019
19
5021
21
5023
23
5025
25
5027
27
5029
29
5031
31
5033
33
5035
35
5037
37
5039
39
5041
41
5043
43
5045
45
5047
47
5049
49
5051
51
5053
53
5055
55
5057
57
5059
59
5061
61
5063
63
5065
65
5067
67
5069
69
5071
71
5073
73
5075
75
5077
77
5079
79
5081
81
5083
83
5085
85
5087
87
5089
89
5091
91
5093
93
5095
95
5097
97
5099
99
5101
101
5103
103
5105
105
5107
107
5109
109
5111
111
5113
113
5115
115
5117
117
5119
119
5121
121
5123
123
5125
125
5127
127
5129
129
5131
131
5133
133
5135
135
5137
137
5139
139
5141
141
5143
143
5145
145
5147
147
5149
149
5151
151
5153
153
5155
155
5157
157
5159
159
5161
161
5163
163
5165
165
5167
167
5169
169
5171
171
5173
173
5175
175
5177
177
5179
179
5181
181
5183
183
5185
185
5187
187
5189
189
5191
191
5193
193
5195
195
5197
197
5199
199
5201
201
5203
203
5205
205
5207
207
5209
209
5211
211
5213
213
5215
215
5217
217
5219
219
5221
221
5223
223
5225
225
5227
227
5229
229
5231
231
5233
233
5235
235
5237
237
5239
239
5241
241
5243
243
5245
245
5247
247
5249
249
5251
251
5253
253
5255
255
5257
257
5259
259
5261
261
5263
263
5265
265
5267
267
5269
269
5271
271
5273
273
5275
275
5277
277
5279
279
5281
281
5283
283
5285
285
5287
287
5289
289
5291
291
5293
293
5295
295
5297
297
5299
299
5301
301
5303
303
5305
305
5307
307
5309
309
5311
311
5313
313
5315
315
5317
317
5319
319
5321
321
5323
323
5325
325
5327
327
5329
329
5331
331
5333
333
5335
335
5337
337
5339
339
5341
341
5343
343
5345
345
5347
347
5349
349
5351
351
5353
353
5355
355
5357
357
5359
359
5361
361
5363
363
5365
365
5367
367
5369
369
5371
371
5373
373
5375
375
5377
377
5379
379
5381
381
5383
383
5385
385
5387
387
5389
389
5391
391
5393
393
5395
395
5397
397
5399
399
5401
401
5403
403
5405
405
5407
407
5409
409
5411
411
5413
413
5415
415
5417
417
5419
419
5421
421
5423
423
5425
425
5427
427
5429
429
5431
431
5433
433
5435
435
5437
437
5439
439
5441
441
5443
443
5445
445
5447
447
5449
449
5451
451
5453
453
5455
455
5457
457
5459
459
5461
461
5463
463
5465
465
5467
467
5469
469
5471
471
5473
473
5475
475
5477
477
5479
479
5481
481
5483
483
5485
485
5487
487
5489
489
5491
491
5493
493
5495
495
5497
497
5499
499
5501
501
5503
503
5505
505
5507
507
5509
509
5511
511
5513
513
5515
515
5517
517
5519
519
5521
521
5523
523
5525
525
5527
527
5529
529
5531
531
5533
533
5535
535
5537
537
5539
539
5541
541
5543
543
5545
545
5547
547
5549
549
5551
551
5553
553
5555
555
5557
557
5559
559
5561
561
5563
563
5565
565
5567
567
5569
569
5571
571
5573
573
5575
575
5577
577
5579
579
5581
581
5583
583
5585
585
5587
587
5589
589
5591
591
5593
593
5595
595
5597
597
5599
599
5601
601
5603
603
5605
605
5607
607
5609
609
5611
611
5613
613
5615
615
5617
617
5619
619
5621
621
5623
623
5625
625
5627
627
5629
629
5631
631
5633
633
5635
635
5637
637
5639
639
5641
641
5643
643
5645
645
5647
647
5649
649
5651
651
5653
653
5655
655
5657
657
5659
659
5661
661
5663
663
5665
665
5667
667
5669
669
5671
671
5673
673
5675
675
5677
677
5679
679
5681
681
5683
683
5685
685
5687
687
5689
689
5691
691
5693
693
5695
695
5697
697
5699
699
5701
701
5703
703
5705
705
5707
707
5709
709
5711
711
5713
713
5715
715
5717
717
5719
719
5721
721
5723
723
5725
725
5727
727
5729
729
5731
731
5733
733
5735
735
5737
737
5739
739
5741
741
5743
743
5745
745
5747
747
5749
749
5751
751
5753
753
5755
755
5757
757
5759
759
5761
761
5763
763
5765
765
5767
767
5769
769
5771
771
5773
773
5775
775
5777
777
5779
779
5781
781
5783
783
5785
785
5787
787
5789
789
5791
791
5793
793
5795
795
5797
797
5799
799
5801
801
5803
803
5805
805
5807
807
5809
809
5811
811
5813
813
5815
815
5817
817
5819
819
5821
821
5823
823
5825
825
5827
827
5829
829
5831
831
5833
833
5835
835
5837
837
5839
839
5841
841
5843
843
5845
845
5847
847
5849
849
5851
851
5853
853
5855
855
5857
857
5859
859
5861
861
5863
863
5865
865
5867
867
5869
869
5871
871
5873
873
5875
875
5877
877
5879
879
5881
881
5883
883
5885
885
5887
887
5889
889
5891
891
5893
893
5895
895
5897
897
5899
899
5901
901
5903
903
5905
905
5907
907
5909
909
5911
911
5913
913
5915
915
5917
917
5919
919
5921
921
5923
923
5925
925
5927
927
5929
929
5931
931
5933
933
5935
935
5937
937
5939
939
5941
941
5943
943
5945
945
5947
947
5949
949
5951
951
5953
953
5955
955
5957
957
5959
959
5961
961
5963
963
5965
965
5967
967
5969
969
5971
971
5973
973
5975
975
5977
977
5979
979
5981
981
5983
983
5985
985
5987
987
5989
989
5991
991
5993
993
5995
995
5997
997
5999
999
6001
1001
6003
1003
6005
1005
6007
1007
6009
1009
6011
1011
6013
1013
6015
1015
6017
1017
6019
1019
6021
1021
6023
1023
6025
1025
6027
1027
6029
1029
6031
1031
6033
1033
6035
1035
6037
1037
6039
1039
6041
1041
6043
1043
6045
1045
6047
1047
6049
1049
6051
1051
6053
1053
6055
1055
6057
1057
6059
1059
6061
1061
6063
1063
6065
1065
6067
1067
6069
1069
6071
1071
6073
1073
6075
1075
6077
1077
6079
1079
6081
1081
6083
1083
6085
1085
6087
1087
6089
1089
6091
1091
6093
1093
6095
1095
6097
1097
6099
1099
6101
1101
6103
1103
6105
1105
6107
1107
6109
1109
6111
1111
6113
1113
6115
1115
6117
1117
6119
1119
6121
1121
6123
1123
6125
1125
6127
1127
6129
1129
6131
1131
6133
1133
6135
1135
6137
1137
6139
1139
6141
1141
6143
1143
6145
1145
6147
1147
6149
1149
6151
1151
6153
1153
6155
1155
6157
1157
6159
1159
6161
1161
6163
1163
6165
1165
6167
1167
6169
1169
6171
1171
6173
1173
6175
1175
6177
1177
6179
1179
6181
1181
6183
1183
6185
1185
6187
1187
6189
1189
6191
1191
6193
1193
6195
1195
6197
1197
6199
1199
6201
1201
6203
1203
6205
1205
6207
1207
6209
1209
6211
1211
6213
1213
6215
1215
6217
1217
6219
1219
6221
1221
6223
1223
6225
1225
6227
1227
6229
1229
6231
1231
6233
1233
6235
1235
6237
1237
6239
1239
6241
1241
6243
1243
6245
1245
6247
1247
6249
1249
6251
1251
6253
1253
6255
1255
6257
1257
6259
1259
6261
1261
6263
1263
6265
1265
6267
1267
6269
1269
6271
1271
6273
1273
6275
1275
6277
1277
6279
1279
6281
1281
6283
1283
6285
1285
6287
1287
6289
1289
6291
1291
6293
1293
6295
1295
6297
1297
6299
1299
6301
1301
6303
1303
6305
1305
6307
1307
6309
1309
6311
1311
6313
1313
6315
1315
6317
1317
6319
1319
6321
1321
6323
1323
6325
1325
6327
1327
6329
1329
6331
1331
6333
1333
6335
1335
6337
1337
6339
1339
6341
1341
6343
1343
6345
1345
6347
1347
6349
1349
6351
1351
6353
1353
6355
1355
6357
1357
6359
1359
6361
1361
6363
1363
6365
1365
6367
1367
6369
1369
6371
1371
6373
1373
6375
1375
6377
1377
6379
1379
6381
1381
6383
1383
6385
1385
6387
1387
6389
1389
6391
1391
6393
1393
6395
1395
6397
1397
6399
1399
6401
1401
6403
1403
6405
1405
6407
1407
6409
1409
6411
1411
6413
1413
6415
1415
6417
1417
6419
1419
6421
1421
6423
1423
6425
1425
6427
1427
6429
1429
6431
1431
6433
1433
6435
1435
6437
1437
6439
1439
6441
1441
6443
1443
6445
1445
6447
1447
6449
1449
6451
1451
6453
1453
6455
1455
6457
1457
6459
1459
6461
1461
6463
1463
6465
1465
6467
1467
6469
1469
6471
1471
6473
1473
6475
1475
6477
1477
6479
1479
6481
1481
6483
1483
6485
1485
6487
1487
6489
1489
6491
1491
6493
1493
6495
1495
6497
1497
6499
1499
6501
1501
6503
1503
6505
1505
6507
1507
6509
1509
6511
1511
6513
1513
6515
1515
6517
1517
6519
1519
6521
1521
6523
1523
6525
1525
6527
1527
6529
1529
6531
1531
6533
1533
6535
1535
6537
1537
6539
1539
6541
1541
6543
1543
6545
1545
6547
1547
6549
1549
6551
1551
6553
1553
6555
1555
6557
1557
6559
1559
6561
1561
6563
1563
6565
1565
6567
1567
6569
1569
6571
1571
6573
1573
6575
1575
6577
1577
6579
1579
6581
1581
6583
1583
6585
1585
6587
1587
6589
1589
6591
1591
6593
1593
6595
1595
6597
1597
6599
1599
6601
1601
6603
1603
6605
1605
6607
1607
6609
1609
6611
1611
6613
1613
6615
1615
6617
1617
6619
1619
6621
1621
6623
1623
6625
1625
6627
1627
6629
1629
6631
1631
6633
1633
6635
1635
6637
1637
6639
1639
6641
1641
6643
1643
6645
1645
6647
1647
6649
1649
6651
1651
6653
1653
6655
1655
6657
1657
6659
1659
6661
1661
6663
1663
6665
1665
6667
1667
6669
1669
6671
1671
6673
1673
6675
1675
6677
1677
6679
1679
6681
1681
6683
1683
6685
1685
6687
1687
6689
1689
6691
1691
6693
1693
6695
1695
6697
1697
6699
1699
6701
1701
6703
1703
6705
1705
6707
1707
6709
1709
6711
1711
6713
1713
6715
1715
6717
1717
6719
1719
6721
1721
6723
1723
6725
1725
6727
1727
6729
1729
6731
1731
6733
1733
6735
1735
6737
1737
6739
1739
6741
1741
6743
1743
6745
1745
6747
1747
6749
1749
6751
1751
6753
1753
6755
1755
6757
1757
6759
1759
6761
1761
6763
1763
6765
1765
6767
1767
6769
1769
6771
1771
6773
1773
6775
1775
6777
1777
6779
1779
6781
1781
6783
1783
6785
1785
6787
1787
6789
1789
6791
1791
6793
1793
6795
1795
6797
1797
6799
1799
6801
1801
6803
1803
6805
1805
6807
1807
6809
1809
6811
1811
6813
1813
6815
1815
6817
1817
6819
1819
6821
1821
6823
1823
6825
1825
6827
1827
6829
1829
6831
1831
6833
1833
6835
1835
6837
1837
6839
1839
6841
1841
6843
1843
6845
1845
6847
1847
6849
1849
6851
1851
6853
1853
6855
1855
6857
1857
6859
1859
6861
1861
6863
1863
6865
1865
6867
1867
6869
1869
6871
1871
6873
1873
6875
1875
6877
1877
6879
1879
6881
1881
6883
1883
6885
1885
6887
1887
6889
1889
6891
1891
6893
1893
6895
1895
6897
1897
6899
1899
6901
1901
6903
1903
6905
1905
6907
1907
6909
1909
6911
1911
6913
1913
6915
1915
6917
1917
6919
1919
6921
1921
6923
1923
6925
1925
6927
1927
6929
1929
6931
1931
6933
1933
6935
1935
6937
1937
6939
1939
6941
1941
6943
1943
6945
1945
6947
1947
6949
1949
6951
1951
6953
1953
6955
1955
6957
1957
6959
1959
6961
1961
6963
1963
6965
1965
6967
1967
6969
1969
6971
1971
6973
1973
6975
1975
6977
1977
6979
1979
6981
1981
6983
1983
6985
1985
6987
1987
6989
1989
6991
1991
6993
1993
6995
1995
6997
1997
6999
1999
7001
2001
7003
2003
7005
2005
7007
2007
7009
2009
7011
2011
7013
2013
7015
2015
7017
2017
7019
2019
7021
2021
7023
2023
7025
2025
7027
2027
7029
2029
7031
2031
7033
2033
7035
2035
7037
2037
7039
2039
7041
2041
7043
2043
7045
2045
7047
2047
7049
2049
7051
2051
7053
2053
7055
2055
7057
2057
7059
2059
7061
2061
7063
2063
7065
2065
7067
2067
7069
2069
7071
2071
7073
2073
7075
2075
7077
2077
7079
2079
7081
2081
7083
2083
7085
2085
7087
2087
7089
2089
7091
2091
7093
2093
7095
2095
7097
2097
7099
2099
7101
2101
7103
2103
7105
2105
7107
2107
7109
2109
7111
2111
7113
2113
7115
2115
7117
2117
7119
2119
7121
2121
7123
2123
7125
2125
7127
2127
7129
2129
7131
2131
7133
2133
7135
2135
7137
2137
7139
2139
7141
2141
7143
2143
7145
2145
7147
2147
7149
2149
7151
2151
7153
2153
7155
2155
7157
2157
7159
2159
7161
2161
7163
2163
7165
2165
7167
2167
7169
2169
7171
2171
7173
2173
7175
2175
7177
2177
7179
2179
7181
2181
7183
2183
7185
2185
7187
2187
7189
2189
7191
2191
7193
2193
7195
2195
7197
2197
7199
2199
7201
2201
7203
2203
7205
2205
7207
2207
7209
2209
7211
2211
7213
2213
7215
2215
7217
2217
7219
2219
7221
2221
7223
2223
7225
2225
7227
2227
7229
2229
7231
2231
7233
2233
7235
2235
7237
2237
7239
2239
7241
2241
7243
2243
7245
2245
7247
2247
7249
2249
7251
2251
7253
2253
7255
2255
7257
2257
7259
2259
7261
2261
7263
2263
7265
2265
7267
2267
7269
2269
7271
2271
7273
2273
7275
2275
7277
2277
7279
2279
7281
2281
7283
2283
7285
2285
7287
2287
7289
2289
7291
2291
7293
2293
7295
2295
7297
2297
7299
2299
7301
2301
7303
2303
7305
2305
7307
2307
7309
2309
7311
2311
7313
2313
7315
2315
7317
2317
7319
2319
7321
2321
7323
2323
7325
2325
7327
2327
7329
2329
7331
2331
7333
2333
7335
2335
7337
2337
7339
2339
7341
2341
7343
2343
7345
2345
7347
2347
7349
2349
7351
2351
7353
2353
7355
2355
7357
2357
7359
2359
7361
2361
7363
2363
7365
2365
7367
2367
7369
2369
7371
2371
7373
2373
7375
2375
7377
2377
7379
2379
7381
2381
7383
2383
7385
2385
7387
2387
7389
2389
7391
2391
7393
2393
7395
2395
7397
2397
7399
2399
7401
2401
7403
2403
7405
2405
7407
2407
7409
2409
7411
2411
7413
2413
7415
2415
7417
2417
7419
2419
7421
2421
7423
2423
7425
2425
7427
2427
7429
2429
7431
2431
7433
2433
7435
2435
7437
2437
7439
2439
7441
2441
7443
2443
7445
2445
7447
2447
7449
2449
7451
2451
7453
2453
7455
2455
7457
2457
7459
2459
7461
2461
7463
2463
7465
2465
7467
2467
7469
2469
7471
2471
7473
2473
7475
2475
7477
2477
7479
2479
7481
2481
7483
2483
7485
2485
7487
2487
7489
2489
7491
2491
7493
2493
7495
2495
7497
2497
7499
2499
7501
2501
7503
2503
7505
2505
7507
2507
7509
2509
7511
2511
7513
2513
7515
2515
7517
2517
7519
2519
7521
2521
7523
2523
7525
2525
7527
2527
7529
2529
7531
2531
7533
2533
7535
2535
7537
2537
7539
2539
7541
2541
7543
2543
7545
2545
7547
2547
7549
2549
7551
2551
7553
2553
7555
2555
7557
2557
7559
2559
7561
2561
7563
2563
7565
2565
7567
2567
7569
2569
7571
2571
7573
2573
7575
2575
7577
2577
7579
2579
7581
2581
7583
2583
7585
2585
7587
2587
7589
2589
7591
2591
7593
2593
7595
2595
7597
2597
7599
2599
7601
2601
7603
2603
7605
2605
7607
2607
7609
2609
7611
2611
7613
2613
7615
2615
7617
2617
7619
2619
7621
2621
7623
2623
7625
2625
7627
2627
7629
2629
7631
2631
7633
2633
7635
2635
7637
2637
7639
2639
7641
2641
7643
2643
7645
2645
7647
2647
7649
2649
7651
2651
7653
2653
7655
2655
7657
2657
7659
2659
7661
2661
7663
2663
7665
2665
7667
2667
7669
2669
7671
2671
7673
2673
7675
2675
7677
2677
7679
2679
7681
2681
7683
2683
7685
2685
7687
2687
7689
2689
7691
2691
7693
2693
7695
2695
7697
2697
7699
2699
7701
2701
7703
2703
7705
2705
7707
2707
7709
2709
7711
2711
7713
2713
7715
2715
7717
2717
7719
2719
7721
2721
7723
2723
7725
2725
7727
2727
7729
2729
7731
2731
7733
2733
7735
2735
7737
2737
7739
2739
7741
2741
7743
2743
7745
2745
7747
2747
7749
2749
7751
2751
7753
2753
7755
2755
7757
2757
7759
2759
7761
2761
7763
2763
7765
2765
7767
2767
7769
2769
7771
2771
7773
2773
7775
2775
7777
2777
7779
2779
7781
2781
7783
2783
7785
2785
7787
2787
7789
2789
7791
2791
7793
2793
7795
2795
7797
2797
7799
2799
7801
2801
7803
2803
7805
2805
7807
2807
7809
2809
7811
2811
7813
2813
7815
2815
7817
2817
7819
2819
7821
2821
7823
2823
7825
2825
7827
2827
7829
2829
7831
2831
7833
2833
7835
2835
7837
2837
7839
2839
7841
2841
7843
2843
7845
2845
7847
2847
7849
2849
7851
2851
7853
2853
7855
2855
7857
2857
7859
2859
7861
2861
7863
2863
7865
2865
7867
2867
7869
2869
7871
2871
7873
2873
7875
2875
7877
2877
7879
2879
7881
2881
7883
2883
7885
2885
7887
2887
7889
2889
7891
2891
7893
2893
7895
2895
7897
2897
7899
2899
7901
2901
7903
2903
7905
2905
7907
2907
7909
2909
7911
2911
7913
2913
7915
2915
7917
2917
7919
2919
7921
2921
7923
2923
7925
2925
7927
2927
7929
2929
7931
2931
7933
2933
7935
2935
7937
2937
7939
2939
7941
2941
7943
2943
7945
2945
7947
2947
7949
2949
7951
2951
7953
2953
7955
2955
7957
2957
7959
2959
7961
2961
7963
2963
7965
2965
7967
2967
7969
2969
7971
2971
7973
2973
7975
2975
7977
2977
7979
2979
7981
2981
7983
2983
7985
2985
7987
2987
7989
2989
7991
2991
7993
2993
7995
2995
7997
2997
7999
2999
8001
3001
8003
3003
8005
3005
8007
3007
8009
3009
8011
3011
8013
3013
8015
3015
8017
3017
8019
3019
8021
3021
8023
3023
8025
3025
8027
3027
8029
3029
8031
3031
8033
3033
8035
3035
8037
3037
8039
3039
8041
3041
8043
3043
8045
3045
8047
3047
8049
3049
8051
3051
8053
3053
8055
3055
8057
3057
8059
3059
8061
3061
8063
3063
8065
3065
8067
3067
8069
3069
8071
3071
8073
3073
8075
3075
8077
3077
8079
3079
8081
3081
8083
3083
8085
3085
8087
3087
8089
3089
8091
3091
8093
3093
8095
3095
8097
3097
8099
3099
8101
3101
8103
3103
8105
3105
8107
3107
8109
3109
8111
3111
8113
3113
8115
3115
8117
3117
8119
3119
8121
3121
8123
3123
8125
3125
8127
3127
8129
3129
8131
3131
8133
3133
8135
3135
8137
3137
8139
3139
8141
3141
8143
3143
8145
3145
8147
3147
8149
3149
8151
3151
8153
3153
8155
3155
8157
3157
8159
3159
8161
3161
8163
3163
8165
3165
8167
3167
8169
3169
8171
3171
8173
3173
8175
3175
8177
3177
8179
3179
8181
3181
8183
3183
8185
3185
8187
3187
8189
3189
8191
3191
8193
3193
8195
3195
8197
3197
8199
3199
8201
3201
8203
3203
8205
3205
8207
3207
8209
3209
8211
3211
8213
3213
8215
3215
8217
3217
8219
3219
8221
3221
8223
3223
8225
3225
8227
3227
8229
3229
8231
3231
8233
3233
8235
3235
8237
3237
8239
3239
8241
3241
8243
3243
8245
3245
8247
3247
8249
3249
8251
3251
8253
3253
8255
3255
8257
3257
8259
3259
8261
3261
8263
3263
8265
3265
8267
3267
8269
3269
8271
3271
8273
3273
8275
3275
8277
3277
8279
3279
8281
3281
8283
3283
8285
3285
8287
3287
8289
3289
8291
3291
8293
3293
8295
3295
8297
3297
8299
3299
8301
3301
8303
3303
8305
3305
8307
3307
8309
3309
8311
3311
8313
3313
8315
3315
8317
3317
8319
3319
8321
3321
8323
3323
8325
3325
8327
3327
8329
3329
8331
3331
8333
3333
8335
3335
8337
3337
8339
3339
8341
3341
8343
3343
8345
3345
8347
3347
8349
3349
8351
3351
8353
3353
8355
3355
8357
3357
8359
3359
8361
3361
8363
3363
8365
3365
8367
3367
8369
3369
8371
3371
8373
3373
8375
3375
8377
3377
8379
3379
8381
3381
8383
3383
8385
3385
8387
3387
8389
3389
8391
3391
8393
3393
8395
3395
8397
3397
8399
3399
8401
3401
8403
3403
8405
3405
8407
3407
8409
3409
8411
3411
8413
3413
8415
3415
8417
3417
8419
3419
8421
3421
8423
3423
8425
3425
8427
3427
8429
3429
8431
3431
8433
3433
8435
3435
8437
3437
8439
3439
8441
3441
8443
3443
8445
3445
8447
3447
8449
3449
8451
3451
8453
3453
8455
3455
8457
3457
8459
3459
8461
3461
8463
3463
8465
3465
8467
3467
8469
3469
8471
3471
8473
3473
8475
3475
8477
3477
8479
3479
8481
3481
8483
3483
8485
3485
8487
3487
8489
3489
8491
3491
8493
3493
8495
3495
8497
3497
8499
3499
8501
3501
8503
3503
8505
3505
8507
3507
8509
3509
8511
3511
8513
3513
8515
3515
8517
3517
8519
3519
8521
3521
8523
3523
8525
3525
8527
3527
8529
3529
8531
3531
8533
3533
8535
3535
8537
3537
8539
3539
8541
3541
8543
3543
8545
3545
8547
3547
8549
3549
8551
3551
8553
3553
8555
3555
8557
3557
8559
3559
8561
3561
8563
3563
8565
3565
8567
3567
8569
3569
8571
3571
8573
3573
8575
3575
8577
3577
8579
3579
8581
3581
8583
3583
8585
3585
8587
3587
8589
3589
8591
3591
8593
3593
8595
3595
8597
3597
8599
3599
8601
3601
8603
3603
8605
3605
8607
3607
8609
3609
8611
3611
8613
3613
8615
3615
8617
3617
8619
3619
8621
3621
8623
3623
8625
3625
8627
3627
8629
3629
8631
3631
8633
3633
8635
3635
8637
3637
8639
3639
8641
3641
8643
3643
8645
3645
8647
3647
8649
3649
8651
3651
8653
3653
8655
3655
8657
3657
8659
3659
8661
3661
8663
3663
8665
3665
8667
3667
8669
3669
8671
3671
8673
3673
8675
3675
8677
3677
8679
3679
8681
3681
8683
3683
8685
3685
8687
3687
8689
3689
8691
3691
8693
3693
8695
3695
8697
3697
8699
3699
8701
3701
8703
3703
8705
3705
8707
3707
8709
3709
8711
3711
8713
3713
8715
3715
8717
3717
8719
3719
8721
3721
8723
3723
8725
3725
8727
3727
8729
3729
8731
3731
8733
3733
8735
3735
8737
3737
8739
3739
8741
3741
8743
3743
8745
3745
8747
3747
8749
3749
8751
3751
8753
3753
8755
3755
8757
3757
8759
3759
8761
3761
8763
3763
8765
3765
8767
3767
8769
3769
8771
3771
8773
3773
8775
3775
8777
3777
8779
3779
8781
3781
8783
3783
8785
3785
8787
3787
8789
3789
8791
3791
8793
3793
8795
3795
8797
3797
8799
3799
8801
3801
8803
3803
8805
3805
8807
3807
8809
3809
8811
3811
8813
3813
8815
3815
8817
3817
8819
3819
8821
3821
8823
3823
8825
3825
8827
3827
8829
3829
8831
3831
8833
3833
8835
3835
8837
3837
8839
3839
8841
3841
8843
3843
8845
3845
8847
3847
8849
3849
8851
3851
8853
3853
8855
3855
8857
3857
8859
3859
8861
3861
8863
3863
8865
3865
8867
3867
8869
3869
8871
3871
8873
3873
8875
3875
8877
3877
8879
3879
8881
3881
8883
3883
8885
3885
8887
3887
8889
3889
8891
3891
8893
3893
8895
3895
8897
3897
8899
3899
8901
3901
8903
3903
8905
3905
8907
3907
8909
3909
8911
3911
8913
3913
8915
3915
8917
3917
8919
3919
8921
3921
8923
3923
8925
3925
8927
3927
8929
3929
8931
3931
8933
3933
8935
3935
8937
3937
8939
3939
8941
3941
8943
3943
8945
3945
8947
3947
8949
3949
8951
3951
8953
3953
8955
3955
8957
3957
8959
3959
8961
3961
8963
3963
8965
3965
8967
3967
8969
3969
8971
3971
8973
3973
8975
3975
8977
3977
8979
3979
8981
3981
8983
3983
8985
3985
8987
3987
8989
3989
8991
3991
8993
3993
8995
3995
8997
3997
8999
3999
9001
4001
9003
4003
9005
4005
9007
4007
9009
4009
9011
4011
9013
4013
9015
4015
9017
4017
9019
4019
9021
4021
9023
4023
9025
4025
9027
4027
9029
4029
9031
4031
9033
4033
9035
4035
9037
4037
9039
4039
9041
4041
9043
4043
9045
4045
9047
4047
9049
4049
9051
4051
9053
4053
9055
4055
9057
4057
9059
4059
9061
4061
9063
4063
9065
4065
9067
4067
9069
4069
9071
4071
9073
4073
9075
4075
9077
4077
9079
4079
9081
4081
9083
4083
9085
4085
9087
4087
9089
4089
9091
4091
9093
4093
9095
4095
9097
4097
9099
4099
9101
4101
9103
4103
9105
4105
9107
4107
9109
4109
9111
4111
9113
4113
9115
4115
9117
4117
9119
4119
9121
4121
9123
4123
9125
4125
9127
4127
9129
4129
9131
4131
9133
4133
9135
4135
9137
4137
9139
4139
9141
4141
9143
4143
9145
4145
9147
4147
9149
4149
9151
4151
9153
4153
9155
4155
9157
4157
9159
4159
9161
4161
9163
4163
9165
4165
9167
4167
9169
4169
9171
4171
9173
4173
9175
4175
9177
4177
9179
4179
9181
4181
9183
4183
9185
4185
9187
4187
9189
4189
9191
4191
9193
4193
9195
4195
9197
4197
9199
4199
9201
4201
9203
4203
9205
4205
9207
4207
9209
4209
9211
4211
9213
4213
9215
4215
9217
4217
9219
4219
9221
4221
9223
4223
9225
4225
9227
4227
9229
4229
9231
4231
9233
4233
9235
4235
9237
4237
9239
4239
9241
4241
9243
4243
9245
4245
9247
4247
9249
4249
9251
4251
9253
4253
9255
4255
9257
4257
9259
4259
9261
4261
9263
4263
9265
4265
9267
4267
9269
4269
9271
4271
9273
4273
9275
4275
9277
4277
9279
4279
9281
4281
9283
4283
9285
4285
9287
4287
9289
4289
9291
4291
9293
4293
9295
4295
9297
4297
9299
4299
9301
4301
9303
4303
9305
4305
9307
4307
9309
4309
9311
4311
9313
4313
9315
4315
9317
4317
9319
4319
9321
4321
9323
4323
9325
4325
9327
4327
9329
4329
9331
4331
9333
4333
9335
4335
9337
4337
9339
4339
9341
4341
9343
4343
9345
4345
9347
4347
9349
4349
9351
4351
9353
4353
9355
4355
9357
4357
9359
4359
9361
4361
9363
4363
9365
4365
9367
4367
9369
4369
9371
4371
9373
4373
9375
4375
9377
4377
9379
4379
9381
4381
9383
4383
9385
4385
9387
4387
9389
4389
9391
4391
9393
4393
9395
4395
9397
4397
9399
4399
9401
4401
9403
4403
9405
4405
9407
4407
9409
4409
9411
4411
9413
4413
9415
4415
9417
4417
9419
4419
9421
4421
9423
4423
9425
4425
9427
4427
9429
4429
9431
4431
9433
4433
9435
4435
9437
4437
9439
4439
9441
4441
9443
4443
9445
4445
9447
4447
9449
4449
9451
4451
9453
4453
9455
4455
9457
4457
9459
4459
9461
4461
9463
4463
9465
4465
9467
4467
9469
4469
9471
4471
9473
4473
9475
4475
9477
4477
9479
4479
9481
4481
9483
4483
9485
4485
9487
4487
9489
4489
9491
4491
9493
4493
9495
4495
9497
4497
9499
4499
9501
4501
9503
4503
9505
4505
9507
4507
9509
4509
9511
4511
9513
4513
9515
4515
9517
4517
9519
4519
9521
4521
9523
4523
9525
4525
9527
4527
9529
4529
9531
4531
9533
4533
9535
4535
9537
4537
9539
4539
9541
4541
9543
4543
9545
4545
9547
4547
9549
4549
9551
4551
9553
4553
9555
4555
9557
4557
9559
4559
9561
4561
9563
4563
9565
4565
9567
4567
9569
4569
9571
4571
9573
4573
9575
4575
9577
4577
9579
4579
9581
4581
9583
4583
9585
4585
9587
4587
9589
4589
9591
4591
9593
4593
9595
4595
9597
4597
9599
4599
9601
4601
9603
4603
9605
4605
9607
4607
9609
4609
9611
4611
9613
4613
9615
4615
9617
4617
9619
4619
9621
4621
9623
4623
9625
4625
9627
4627
9629
4629
9631
4631
9633
4633
9635
4635
9637
4637
9639
4639
9641
4641
9643
4643
9645
4645
9647
4647
9649
4649
9651
4651
9653
4653
9655
4655
9657
4657
9659
4659
9661
4661
9663
4663
9665
4665
9667
4667
9669
4669
9671
4671
9673
4673
9675
4675
9677
4677
9679
4679
9681
4681
9683
4683
9685
4685
9687
4687
9689
4689
9691
4691
9693
4693
9695
4695
9697
4697
9699
4699
9701
4701
9703
4703
9705
4705
9707
4707
9709
4709
9711
4711
9713
4713
9715
4715
9717
4717
9719
4719
9721
4721
9723
4723
9725
4725
9727
4727
9729
4729
9731
4731
9733
4733
9735
4735
9737
4737
9739
4739
9741
4741
9743
4743
9745
4745
9747
4747
9749
4749
9751
4751
9753
4753
9755
4755
9757
4757
9759
4759
9761
4761
9763
4763
9765
4765
9767
4767
9769
4769
9771
4771
9773
4773
9775
4775
9777
4777
9779
4779
9781
4781
9783
4783
9785
4785
9787
4787
9789
4789
9791
4791
9793
4793
9795
4795
9797
4797
9799
4799
9801
4801
9803
4803
9805
4805
9807
4807
9809
4809
9811
4811
9813
4813
9815
4815
9817
4817
9819
4819
9821
4821
9823
4823
9825
4825
9827
4827
9829
4829
9831
4831
9833
4833
9835
4835
9837
4837
9839
4839
9841
4841
9843
4843
9845
4845
9847
4847
9849
4849
9851
4851
9853
4853
9855
4855
9857
4857
9859
4859
9861
4861
9863
4863
9865
4865
9867
4867
9869
4869
9871
4871
9873
4873
9875
4875
9877
4877
9879
4879
9881
4881
9883
4883
9885
4885
9887
4887
9889
4889
9891
4891
9893
4893
9895
4895
9897
4897
9899
4899
9901
4901
9903
4903
9905
4905
9907
4907
9909
4909
9911
4911
9913
4913
9915
4915
9917
4917
9919
4919
9921
4921
9923
4923
9925
4925
9927
4927
9929
4929
9931
4931
9933
4933
9935
4935
9937
4937
9939
4939
9941
4941
9943
4943
9945
4945
9947
4947
9949
4949
9951
4951
9953
4953
9955
4955
9957
4957
9959
4959
9961
4961
9963
4963
9965
4965
9967
4967
9969
4969
9971
4971
9973
4973
9975
4975
9977
4977
9979
4979
9981
4981
9983
4983
9985
4985
9987
4987
9989
4989
9991
4991
9993
4993
9995
4995
9997
4997
9999
4999
5002
2
5004
4
5006
6
5008
8
5010
10
5012
12
5014
14
5016
16
5018
18
5020
20
5022
22
5024
24
5026
26
5028
28
5030
30
5032
32
5034
34
5036
36
5038
38
5040
40
5042
42
5044
44
5046
46
5048
48
5050
50
5052
52
5054
54
5056
56
5058
58
5060
60
5062
62
5064
64
5066
66
5068
68
5070
70
5072
72
5074
74
5076
76
5078
78
5080
80
5082
82
5084
84
5086
86
5088
88
5090
90
5092
92
5094
94
5096
96
5098
98
5100
100
5102
102
5104
104
5106
106
5108
108
5110
110
5112
112
5114
114
5116
116
5118
118
5120
120
5122
122
5124
124
5126
126
5128
128
5130
130
5132
132
5134
134
5136
136
5138
138
5140
140
5142
142
5144
144
5146
146
5148
148
5150
150
5152
152
5154
154
5156
156
5158
158
5160
160
5162
162
5164
164
5166
166
5168
168
5170
170
5172
172
5174
174
5176
176
5178
178
5180
180
5182
182
5184
184
5186
186
5188
188
5190
190
5192
192
5194
194
5196
196
5198
198
5200
200
5202
202
5204
204
5206
206
5208
208
5210
210
5212
212
5214
214
5216
216
5218
218
5220
220
5222
222
5224
224
5226
226
5228
228
5230
230
5232
232
5234
234
5236
236
5238
238
5240
240
5242
242
5244
244
5246
246
5248
248
5250
250
5252
252
5254
254
5256
256
5258
258
5260
260
5262
262
5264
264
5266
266
5268
268
5270
270
5272
272
5274
274
5276
276
5278
278
5280
280
5282
282
5284
284
5286
286
5288
288
5290
290
5292
292
5294
294
5296
296
5298
298
5300
300
5302
302
5304
304
5306
306
5308
308
5310
310
5312
312
5314
314
5316
316
5318
318
5320
320
5322
322
5324
324
5326
326
5328
328
5330
330
5332
332
5334
334
5336
336
5338
338
5340
340
5342
342
5344
344
5346
346
5348
348
5350
350
5352
352
5354
354
5356
356
5358
358
5360
360
5362
362
5364
364
5366
366
5368
368
5370
370
5372
372
5374
374
5376
376
5378
378
5380
380
5382
382
5384
384
5386
386
5388
388
5390
390
5392
392
5394
394
5396
396
5398
398
5400
400
5402
402
5404
404
5406
406
5408
408
5410
410
5412
412
5414
414
5416
416
5418
418
5420
420
5422
422
5424
424
5426
426
5428
428
5430
430
5432
432
5434
434
5436
436
5438
438
5440
440
5442
442
5444
444
5446
446
5448
448
5450
450
5452
452
5454
454
5456
456
5458
458
5460
460
5462
462
5464
464
5466
466
5468
468
5470
470
5472
472
5474
474
5476
476
5478
478
5480
480
5482
482
5484
484
5486
486
5488
488
5490
490
5492
492
5494
494
5496
496
5498
498
5500
500
5502
502
5504
504
5506
506
5508
508
5510
510
5512
512
5514
514
5516
516
5518
518
5520
520
5522
522
5524
524
5526
526
5528
528
5530
530
5532
532
5534
534
5536
536
5538
538
5540
540
5542
542
5544
544
5546
546
5548
548
5550
550
5552
552
5554
554
5556
556
5558
558
5560
560
5562
562
5564
564
5566
566
5568
568
5570
570
5572
572
5574
574
5576
576
5578
578
5580
580
5582
582
5584
584
5586
586
5588
588
5590
590
5592
592
5594
594
5596
596
5598
598
5600
600
5602
602
5604
604
5606
606
5608
608
5610
610
5612
612
5614
614
5616
616
5618
618
5620
620
5622
622
5624
624
5626
626
5628
628
5630
630
5632
632
5634
634
5636
636
5638
638
5640
640
5642
642
5644
644
5646
646
5648
648
5650
650
5652
652
5654
654
5656
656
5658
658
5660
660
5662
662
5664
664
5666
666
5668
668
5670
670
5672
672
5674
674
5676
676
5678
678
5680
680
5682
682
5684
684
5686
686
5688
688
5690
690
5692
692
5694
694
5696
696
5698
698
5700
700
5702
702
5704
704
5706
706
5708
708
5710
710
5712
712
5714
714
5716
716
5718
718
5720
720
5722
722
5724
724
5726
726
5728
728
5730
730
5732
732
5734
734
5736
736
5738
738
5740
740
5742
742
5744
744
5746
746
5748
748
5750
750
5752
752
5754
754
5756
756
5758
758
5760
760
5762
762
5764
764
5766
766
5768
768
5770
770
5772
772
5774
774
5776
776
5778
778
5780
780
5782
782
5784
784
5786
786
5788
788
5790
790
5792
792
5794
794
5796
796
5798
798
5800
800
5802
802
5804
804
5806
806
5808
808
5810
810
5812
812
5814
814
5816
816
5818
818
5820
820
5822
822
5824
824
5826
826
5828
828
5830
830
5832
832
5834
834
5836
836
5838
838
5840
840
5842
842
5844
844
5846
846
5848
848
5850
850
5852
852
5854
854
5856
856
5858
858
5860
860
5862
862
5864
864
5866
866
5868
868
5870
870
5872
872
5874
874
5876
876
5878
878
5880
880
5882
882
5884
884
5886
886
5888
888
5890
890
5892
892
5894
894
5896
896
5898
898
5900
900
5902
902
5904
904
5906
906
5908
908
5910
910
5912
912
5914
914
5916
916
5918
918
5920
920
5922
922
5924
924
5926
926
5928
928
5930
930
5932
932
5934
934
5936
936
5938
938
5940
940
5942
942
5944
944
5946
946
5948
948
5950
950
5952
952
5954
954
5956
956
5958
958
5960
960
5962
962
5964
964
5966
966
5968
968
5970
970
5972
972
5974
974
5976
976
5978
978
5980
980
5982
982
5984
984
5986
986
5988
988
5990
990
5992
992
5994
994
5996
996
5998
998
6000
1000
6002
1002
6004
1004
6006
1006
6008
1008
6010
1010
6012
1012
6014
1014
6016
1016
6018
1018
6020
1020
6022
1022
6024
1024
6026
1026
6028
1028
6030
1030
6032
1032
6034
1034
6036
1036
6038
1038
6040
1040
6042
1042
6044
1044
6046
1046
6048
1048
6050
1050
6052
1052
6054
1054
6056
1056
6058
1058
6060
1060
6062
1062
6064
1064
6066
1066
6068
1068
6070
1070
6072
1072
6074
1074
6076
1076
6078
1078
6080
1080
6082
1082
6084
1084
6086
1086
6088
1088
6090
1090
6092
1092
6094
1094
6096
1096
6098
1098
6100
1100
6102
1102
6104
1104
6106
1106
6108
1108
6110
1110
6112
1112
6114
1114
6116
1116
6118
1118
6120
1120
6122
1122
6124
1124
6126
1126
6128
1128
6130
1130
6132
1132
6134
1134
6136
1136
6138
1138
6140
1140
6142
1142
6144
1144
6146
1146
6148
1148
6150
1150
6152
1152
6154
1154
6156
1156
6158
1158
6160
1160
6162
1162
6164
1164
6166
1166
6168
1168
6170
1170
6172
1172
6174
1174
6176
1176
6178
1178
6180
1180
6182
1182
6184
1184
6186
1186
6188
1188
6190
1190
6192
1192
6194
1194
6196
1196
6198
1198
6200
1200
6202
1202
6204
1204
6206
1206
6208
1208
6210
1210
6212
1212
6214
1214
6216
1216
6218
1218
6220
1220
6222
1222
6224
1224
6226
1226
6228
1228
6230
1230
6232
1232
6234
1234
6236
1236
6238
1238
6240
1240
6242
1242
6244
1244
6246
1246
6248
1248
6250
1250
6252
1252
6254
1254
6256
1256
6258
1258
6260
1260
6262
1262
6264
1264
6266
1266
6268
1268
6270
1270
6272
1272
6274
1274
6276
1276
6278
1278
6280
1280
6282
1282
6284
1284
6286
1286
6288
1288
6290
1290
6292
1292
6294
1294
6296
1296
6298
1298
6300
1300
6302
1302
6304
1304
6306
1306
6308
1308
6310
1310
6312
1312
6314
1314
6316
1316
6318
1318
6320
1320
6322
1322
6324
1324
6326
1326
6328
1328
6330
1330
6332
1332
6334
1334
6336
1336
6338
1338
6340
1340
6342
1342
6344
1344
6346
1346
6348
1348
6350
1350
6352
1352
6354
1354
6356
1356
6358
1358
6360
1360
6362
1362
6364
1364
6366
1366
6368
1368
6370
1370
6372
1372
6374
1374
6376
1376
6378
1378
6380
1380
6382
1382
6384
1384
6386
1386
6388
1388
6390
1390
6392
1392
6394
1394
6396
1396
6398
1398
6400
1400
6402
1402
6404
1404
6406
1406
6408
1408
6410
1410
6412
1412
6414
1414
6416
1416
6418
1418
6420
1420
6422
1422
6424
1424
6426
1426
6428
1428
6430
1430
6432
1432
6434
1434
6436
1436
6438
1438
6440
1440
6442
1442
6444
1444
6446
1446
6448
1448
6450
1450
6452
1452
6454
1454
6456
1456
6458
1458
6460
1460
6462
1462
6464
1464
6466
1466
6468
1468
6470
1470
6472
1472
6474
1474
6476
1476
6478
1478
6480
1480
6482
1482
6484
1484
6486
1486
6488
1488
6490
1490
6492
1492
6494
1494
6496
1496
6498
1498
6500
1500
6502
1502
6504
1504
6506
1506
6508
1508
6510
1510
6512
1512
6514
1514
6516
1516
6518
1518
6520
1520
6522
1522
6524
1524
6526
1526
6528
1528
6530
1530
6532
1532
6534
1534
6536
1536
6538
1538
6540
1540
6542
1542
6544
1544
6546
1546
6548
1548
6550
1550
6552
1552
6554
1554
6556
1556
6558
1558
6560
1560
6562
1562
6564
1564
6566
1566
6568
1568
6570
1570
6572
1572
6574
1574
6576
1576
6578
1578
6580
1580
6582
1582
6584
1584
6586
1586
6588
1588
6590
1590
6592
1592
6594
1594
6596
1596
6598
1598
6600
1600
6602
1602
6604
1604
6606
1606
6608
1608
6610
1610
6612
1612
6614
1614
6616
1616
6618
1618
6620
1620
6622
1622
6624
1624
6626
1626
6628
1628
6630
1630
6632
1632
6634
1634
6636
1636
6638
1638
6640
1640
6642
1642
6644
1644
6646
1646
6648
1648
6650
1650
6652
1652
6654
1654
6656
1656
6658
1658
6660
1660
6662
1662
6664
1664
6666
1666
6668
1668
6670
1670
6672
1672
6674
1674
6676
1676
6678
1678
6680
1680
6682
1682
6684
1684
6686
1686
6688
1688
6690
1690
6692
1692
6694
1694
6696
1696
6698
1698
6700
1700
6702
1702
6704
1704
6706
1706
6708
1708
6710
1710
6712
1712
6714
1714
6716
1716
6718
1718
6720
1720
6722
1722
6724
1724
6726
1726
6728
1728
6730
1730
6732
1732
6734
1734
6736
1736
6738
1738
6740
1740
6742
1742
6744
1744
6746
1746
6748
1748
6750
1750
6752
1752
6754
1754
6756
1756
6758
1758
6760
1760
6762
1762
6764
1764
6766
1766
6768
1768
6770
1770
6772
1772
6774
1774
6776
1776
6778
1778
6780
1780
6782
1782
6784
1784
6786
1786
6788
1788
6790
1790
6792
1792
6794
1794
6796
1796
6798
1798
6800
1800
6802
1802
6804
1804
6806
1806
6808
1808
6810
1810
6812
1812
6814
1814
6816
1816
6818
1818
6820
1820
6822
1822
6824
1824
6826
1826
6828
1828
6830
1830
6832
1832
6834
1834
6836
1836
6838
1838
6840
1840
6842
1842
6844
1844
6846
1846
6848
1848
6850
1850
6852
1852
6854
1854
6856
1856
6858
1858
6860
1860
6862
1862
6864
1864
6866
1866
6868
1868
6870
1870
6872
1872
6874
1874
6876
1876
6878
1878
6880
1880
6882
1882
6884
1884
6886
1886
6888
1888
6890
1890
6892
1892
6894
1894
6896
1896
6898
1898
6900
1900
6902
1902
6904
1904
6906
1906
6908
1908
6910
1910
6912
1912
6914
1914
6916
1916
6918
1918
6920
1920
6922
1922
6924
1924
6926
1926
6928
1928
6930
1930
6932
1932
6934
1934
6936
1936
6938
1938
6940
1940
6942
1942
6944
1944
6946
1946
6948
1948
6950
1950
6952
1952
6954
1954
6956
1956
6958
1958
6960
1960
6962
1962
6964
1964
6966
1966
6968
1968
6970
1970
6972
1972
6974
1974
6976
1976
6978
1978
6980
1980
6982
1982
6984
1984
6986
1986
6988
1988
6990
1990
6992
1992
6994
1994
6996
1996
6998
1998
7000
2000
7002
2002
7004
2004
7006
2006
7008
2008
7010
2010
7012
2012
7014
2014
7016
2016
7018
2018
7020
2020
7022
2022
7024
2024
7026
2026
7028
2028
7030
2030
7032
2032
7034
2034
7036
2036
7038
2038
7040
2040
7042
2042
7044
2044
7046
2046
7048
2048
7050
2050
7052
2052
7054
2054
7056
2056
7058
2058
7060
2060
7062
2062
7064
2064
7066
2066
7068
2068
7070
2070
7072
2072
7074
2074
7076
2076
7078
2078
7080
2080
7082
2082
7084
2084
7086
2086
7088
2088
7090
2090
7092
2092
7094
2094
7096
2096
7098
2098
7100
2100
7102
2102
7104
2104
7106
2106
7108
2108
7110
2110
7112
2112
7114
2114
7116
2116
7118
2118
7120
2120
7122
2122
7124
2124
7126
2126
7128
2128
7130
2130
7132
2132
7134
2134
7136
2136
7138
2138
7140
2140
7142
2142
7144
2144
7146
2146
7148
2148
7150
2150
7152
2152
7154
2154
7156
2156
7158
2158
7160
2160
7162
2162
7164
2164
7166
2166
7168
2168
7170
2170
7172
2172
7174
2174
7176
2176
7178
2178
7180
2180
7182
2182
7184
2184
7186
2186
7188
2188
7190
2190
7192
2192
7194
2194
7196
2196
7198
2198
7200
2200
7202
2202
7204
2204
7206
2206
7208
2208
7210
2210
7212
2212
7214
2214
7216
2216
7218
2218
7220
2220
7222
2222
7224
2224
7226
2226
7228
2228
7230
2230
7232
2232
7234
2234
7236
2236
7238
2238
7240
2240
7242
2242
7244
2244
7246
2246
7248
2248
7250
2250
7252
2252
7254
2254
7256
2256
7258
2258
7260
2260
7262
2262
7264
2264
7266
2266
7268
2268
7270
2270
7272
2272
7274
2274
7276
2276
7278
2278
7280
2280
7282
2282
7284
2284
7286
2286
7288
2288
7290
2290
7292
2292
7294
2294
7296
2296
7298
2298
7300
2300
7302
2302
7304
2304
7306
2306
7308
2308
7310
2310
7312
2312
7314
2314
7316
2316
7318
2318
7320
2320
7322
2322
7324
2324
7326
2326
7328
2328
7330
2330
7332
2332
7334
2334
7336
2336
7338
2338
7340
2340
7342
2342
7344
2344
7346
2346
7348
2348
7350
2350
7352
2352
7354
2354
7356
2356
7358
2358
7360
2360
7362
2362
7364
2364
7366
2366
7368
2368
7370
2370
7372
2372
7374
2374
7376
2376
7378
2378
7380
2380
7382
2382
7384
2384
7386
2386
7388
2388
7390
2390
7392
2392
7394
2394
7396
2396
7398
2398
7400
2400
7402
2402
7404
2404
7406
2406
7408
2408
7410
2410
7412
2412
7414
2414
7416
2416
7418
2418
7420
2420
7422
2422
7424
2424
7426
2426
7428
2428
7430
2430
7432
2432
7434
2434
7436
2436
7438
2438
7440
2440
7442
2442
7444
2444
7446
2446
7448
2448
7450
2450
7452
2452
7454
2454
7456
2456
7458
2458
7460
2460
7462
2462
7464
2464
7466
2466
7468
2468
7470
2470
7472
2472
7474
2474
7476
2476
7478
2478
7480
2480
7482
2482
7484
2484
7486
2486
7488
2488
7490
2490
7492
2492
7494
2494
7496
2496
7498
2498
7500
2500
7502
2502
7504
2504
7506
2506
7508
2508
7510
2510
7512
2512
7514
2514
7516
2516
7518
2518
7520
2520
7522
2522
7524
2524
7526
2526
7528
2528
7530
2530
7532
2532
7534
2534
7536
2536
7538
2538
7540
2540
7542
2542
7544
2544
7546
2546
7548
2548
7550
2550
7552
2552
7554
2554
7556
2556
7558
2558
7560
2560
7562
2562
7564
2564
7566
2566
7568
2568
7570
2570
7572
2572
7574
2574
7576
2576
7578
2578
7580
2580
7582
2582
7584
2584
7586
2586
7588
2588
7590
2590
7592
2592
7594
2594
7596
2596
7598
2598
7600
2600
7602
2602
7604
2604
7606
2606
7608
2608
7610
2610
7612
2612
7614
2614
7616
2616
7618
2618
7620
2620
7622
2622
7624
2624
7626
2626
7628
2628
7630
2630
7632
2632
7634
2634
7636
2636
7638
2638
7640
2640
7642
2642
7644
2644
7646
2646
7648
2648
7650
2650
7652
2652
7654
2654
7656
2656
7658
2658
7660
2660
7662
2662
7664
2664
7666
2666
7668
2668
7670
2670
7672
2672
7674
2674
7676
2676
7678
2678
7680
2680
7682
2682
7684
2684
7686
2686
7688
2688
7690
2690
7692
2692
7694
2694
7696
2696
7698
2698
7700
2700
7702
2702
7704
2704
7706
2706
7708
2708
7710
2710
7712
2712
7714
2714
7716
2716
7718
2718
7720
2720
7722
2722
7724
2724
7726
2726
7728
2728
7730
2730
7732
2732
7734
2734
7736
2736
7738
2738
7740
2740
7742
2742
7744
2744
7746
2746
7748
2748
7750
2750
7752
2752
7754
2754
7756
2756
7758
2758
7760
2760
7762
2762
7764
2764
7766
2766
7768
2768
7770
2770
7772
2772
7774
2774
7776
2776
7778
2778
7780
2780
7782
2782
7784
2784
7786
2786
7788
2788
7790
2790
7792
2792
7794
2794
7796
2796
7798
2798
7800
2800
7802
2802
7804
2804
7806
2806
7808
2808
7810
2810
7812
2812
7814
2814
7816
2816
7818
2818
7820
2820
7822
2822
7824
2824
7826
2826
7828
2828
7830
2830
7832
2832
7834
2834
7836
2836
7838
2838
7840
2840
7842
2842
7844
2844
7846
2846
7848
2848
7850
2850
7852
2852
7854
2854
7856
2856
7858
2858
7860
2860
7862
2862
7864
2864
7866
2866
7868
2868
7870
2870
7872
2872
7874
2874
7876
2876
7878
2878
7880
2880
7882
2882
7884
2884
7886
2886
7888
2888
7890
2890
7892
2892
7894
2894
7896
2896
7898
2898
7900
2900
7902
2902
7904
2904
7906
2906
7908
2908
7910
2910
7912
2912
7914
2914
7916
2916
7918
2918
7920
2920
7922
2922
7924
2924
7926
2926
7928
2928
7930
2930
7932
2932
7934
2934
7936
2936
7938
2938
7940
2940
7942
2942
7944
2944
7946
2946
7948
2948
7950
2950
7952
2952
7954
2954
7956
2956
7958
2958
7960
2960
7962
2962
7964
2964
7966
2966
7968
2968
7970
2970
7972
2972
7974
2974
7976
2976
7978
2978
7980
2980
7982
2982
7984
2984
7986
2986
7988
2988
7990
2990
7992
2992
7994
2994
7996
2996
7998
2998
8000
3000
8002
3002
8004
3004
8006
3006
8008
3008
8010
3010
8012
3012
8014
3014
8016
3016
8018
3018
8020
3020
8022
3022
8024
3024
8026
3026
8028
3028
8030
3030
8032
3032
8034
3034
8036
3036
8038
3038
8040
3040
8042
3042
8044
3044
8046
3046
8048
3048
8050
3050
8052
3052
8054
3054
8056
3056
8058
3058
8060
3060
8062
3062
8064
3064
8066
3066
8068
3068
8070
3070
8072
3072
8074
3074
8076
3076
8078
3078
8080
3080
8082
3082
8084
3084
8086
3086
8088
3088
8090
3090
8092
3092
8094
3094
8096
3096
8098
3098
8100
3100
8102
3102
8104
3104
8106
3106
8108
3108
8110
3110
8112
3112
8114
3114
8116
3116
8118
3118
8120
3120
8122
3122
8124
3124
8126
3126
8128
3128
8130
3130
8132
3132
8134
3134
8136
3136
8138
3138
8140
3140
8142
3142
8144
3144
8146
3146
8148
3148
8150
3150
8152
3152
8154
3154
8156
3156
8158
3158
8160
3160
8162
3162
8164
3164
8166
3166
8168
3168
8170
3170
8172
3172
8174
3174
8176
3176
8178
3178
8180
3180
8182
3182
8184
3184
8186
3186
8188
3188
8190
3190
8192
3192
8194
3194
8196
3196
8198
3198
8200
3200
8202
3202
8204
3204
8206
3206
8208
3208
8210
3210
8212
3212
8214
3214
8216
3216
8218
3218
8220
3220
8222
3222
8224
3224
8226
3226
8228
3228
8230
3230
8232
3232
8234
3234
8236
3236
8238
3238
8240
3240
8242
3242
8244
3244
8246
3246
8248
3248
8250
3250
8252
3252
8254
3254
8256
3256
8258
3258
8260
3260
8262
3262
8264
3264
8266
3266
8268
3268
8270
3270
8272
3272
8274
3274
8276
3276
8278
3278
8280
3280
8282
3282
8284
3284
8286
3286
8288
3288
8290
3290
8292
3292
8294
3294
8296
3296
8298
3298
8300
3300
8302
3302
8304
3304
8306
3306
8308
3308
8310
3310
8312
3312
8314
3314
8316
3316
8318
3318
8320
3320
8322
3322
8324
3324
8326
3326
8328
3328
8330
3330
8332
3332
8334
3334
8336
3336
8338
3338
8340
3340
8342
3342
8344
3344
8346
3346
8348
3348
8350
3350
8352
3352
8354
3354
8356
3356
8358
3358
8360
3360
8362
3362
8364
3364
8366
3366
8368
3368
8370
3370
8372
3372
8374
3374
8376
3376
8378
3378
8380
3380
8382
3382
8384
3384
8386
3386
8388
3388
8390
3390
8392
3392
8394
3394
8396
3396
8398
3398
8400
3400
8402
3402
8404
3404
8406
3406
8408
3408
8410
3410
8412
3412
8414
3414
8416
3416
8418
3418
8420
3420
8422
3422
8424
3424
8426
3426
8428
3428
8430
3430
8432
3432
8434
3434
8436
3436
8438
3438
8440
3440
8442
3442
8444
3444
8446
3446
8448
3448
8450
3450
8452
3452
8454
3454
8456
3456
8458
3458
8460
3460
8462
3462
8464
3464
8466
3466
8468
3468
8470
3470
8472
3472
8474
3474
8476
3476
8478
3478
8480
3480
8482
3482
8484
3484
8486
3486
8488
3488
8490
3490
8492
3492
8494
3494
8496
3496
8498
3498
8500
3500
8502
3502
8504
3504
8506
3506
8508
3508
8510
3510
8512
3512
8514
3514
8516
3516
8518
3518
8520
3520
8522
3522
8524
3524
8526
3526
8528
3528
8530
3530
8532
3532
8534
3534
8536
3536
8538
3538
8540
3540
8542
3542
8544
3544
8546
3546
8548
3548
8550
3550
8552
3552
8554
3554
8556
3556
8558
3558
8560
3560
8562
3562
8564
3564
8566
3566
8568
3568
8570
3570
8572
3572
8574
3574
8576
3576
8578
3578
8580
3580
8582
3582
8584
3584
8586
3586
8588
3588
8590
3590
8592
3592
8594
3594
8596
3596
8598
3598
8600
3600
8602
3602
8604
3604
8606
3606
8608
3608
8610
3610
8612
3612
8614
3614
8616
3616
8618
3618
8620
3620
8622
3622
8624
3624
8626
3626
8628
3628
8630
3630
8632
3632
8634
3634
8636
3636
8638
3638
8640
3640
8642
3642
8644
3644
8646
3646
8648
3648
8650
3650
8652
3652
8654
3654
8656
3656
8658
3658
8660
3660
8662
3662
8664
3664
8666
3666
8668
3668
8670
3670
8672
3672
8674
3674
8676
3676
8678
3678
8680
3680
8682
3682
8684
3684
8686
3686
8688
3688
8690
3690
8692
3692
8694
3694
8696
3696
8698
3698
8700
3700
8702
3702
8704
3704
8706
3706
8708
3708
8710
3710
8712
3712
8714
3714
8716
3716
8718
3718
8720
3720
8722
3722
8724
3724
8726
3726
8728
3728
8730
3730
8732
3732
8734
3734
8736
3736
8738
3738
8740
3740
8742
3742
8744
3744
8746
3746
8748
3748
8750
3750
8752
3752
8754
3754
8756
3756
8758
3758
8760
3760
8762
3762
8764
3764
8766
3766
8768
3768
8770
3770
8772
3772
8774
3774
8776
3776
8778
3778
8780
3780
8782
3782
8784
3784
8786
3786
8788
3788
8790
3790
8792
3792
8794
3794
8796
3796
8798
3798
8800
3800
8802
3802
8804
3804
8806
3806
8808
3808
8810
3810
8812
3812
8814
3814
8816
3816
8818
3818
8820
3820
8822
3822
8824
3824
8826
3826
8828
3828
8830
3830
8832
3832
8834
3834
8836
3836
8838
3838
8840
3840
8842
3842
8844
3844
8846
3846
8848
3848
8850
3850
8852
3852
8854
3854
8856
3856
8858
3858
8860
3860
8862
3862
8864
3864
8866
3866
8868
3868
8870
3870
8872
3872
8874
3874
8876
3876
8878
3878
8880
3880
8882
3882
8884
3884
8886
3886
8888
3888
8890
3890
8892
3892
8894
3894
8896
3896
8898
3898
8900
3900
8902
3902
8904
3904
8906
3906
8908
3908
8910
3910
8912
3912
8914
3914
8916
3916
8918
3918
8920
3920
8922
3922
8924
3924
8926
3926
8928
3928
8930
3930
8932
3932
8934
3934
8936
3936
8938
3938
8940
3940
8942
3942
8944
3944
8946
3946
8948
3948
8950
3950
8952
3952
8954
3954
8956
3956
8958
3958
8960
3960
8962
3962
8964
3964
8966
3966
8968
3968
8970
3970
8972
3972
8974
3974
8976
3976
8978
3978
8980
3980
8982
3982
8984
3984
8986
3986
8988
3988
8990
3990
8992
3992
8994
3994
8996
3996
8998
3998
9000
4000
9002
4002
9004
4004
9006
4006
9008
4008
9010
4010
9012
4012
9014
4014
9016
4016
9018
4018
9020
4020
9022
4022
9024
4024
9026
4026
9028
4028
9030
4030
9032
4032
9034
4034
9036
4036
9038
4038
9040
4040
9042
4042
9044
4044
9046
4046
9048
4048
9050
4050
9052
4052
9054
4054
9056
4056
9058
4058
9060
4060
9062
4062
9064
4064
9066
4066
9068
4068
9070
4070
9072
4072
9074
4074
9076
4076
9078
4078
9080
4080
9082
4082
9084
4084
9086
4086
9088
4088
9090
4090
9092
4092
9094
4094
9096
4096
9098
4098
9100
4100
9102
4102
9104
4104
9106
4106
9108
4108
9110
4110
9112
4112
9114
4114
9116
4116
9118
4118
9120
4120
9122
4122
9124
4124
9126
4126
9128
4128
9130
4130
9132
4132
9134
4134
9136
4136
9138
4138
9140
4140
9142
4142
9144
4144
9146
4146
9148
4148
9150
4150
9152
4152
9154
4154
9156
4156
9158
4158
9160
4160
9162
4162
9164
4164
9166
4166
9168
4168
9170
4170
9172
4172
9174
4174
9176
4176
9178
4178
9180
4180
9182
4182
9184
4184
9186
4186
9188
4188
9190
4190
9192
4192
9194
4194
9196
4196
9198
4198
9200
4200
9202
4202
9204
4204
9206
4206
9208
4208
9210
4210
9212
4212
9214
4214
9216
4216
9218
4218
9220
4220
9222
4222
9224
4224
9226
4226
9228
4228
9230
4230
9232
4232
9234
4234
9236
4236
9238
4238
9240
4240
9242
4242
9244
4244
9246
4246
9248
4248
9250
4250
9252
4252
9254
4254
9256
4256
9258
4258
9260
4260
9262
4262
9264
4264
9266
4266
9268
4268
9270
4270
9272
4272
9274
4274
9276
4276
9278
4278
9280
4280
9282
4282
9284
4284
9286
4286
9288
4288
9290
4290
9292
4292
9294
4294
9296
4296
9298
4298
9300
4300
9302
4302
9304
4304
9306
4306
9308
4308
9310
4310
9312
4312
9314
4314
9316
4316
9318
4318
9320
4320
9322
4322
9324
4324
9326
4326
9328
4328
9330
4330
9332
4332
9334
4334
9336
4336
9338
4338
9340
4340
9342
4342
9344
4344
9346
4346
9348
4348
9350
4350
9352
4352
9354
4354
9356
4356
9358
4358
9360
4360
9362
4362
9364
4364
9366
4366
9368
4368
9370
4370
9372
4372
9374
4374
9376
4376
9378
4378
9380
4380
9382
4382
9384
4384
9386
4386
9388
4388
9390
4390
9392
4392
9394
4394
9396
4396
9398
4398
9400
4400
9402
4402
9404
4404
9406
4406
9408
4408
9410
4410
9412
4412
9414
4414
9416
4416
9418
4418
9420
4420
9422
4422
9424
4424
9426
4426
9428
4428
9430
4430
9432
4432
9434
4434
9436
4436
9438
4438
9440
4440
9442
4442
9444
4444
9446
4446
9448
4448
9450
4450
9452
4452
9454
4454
9456
4456
9458
4458
9460
4460
9462
4462
9464
4464
9466
4466
9468
4468
9470
4470
9472
4472
9474
4474
9476
4476
9478
4478
9480
4480
9482
4482
9484
4484
9486
4486
9488
4488
9490
4490
9492
4492
9494
4494
9496
4496
9498
4498
9500
4500
9502
4502
9504
4504
9506
4506
9508
4508
9510
4510
9512
4512
9514
4514
9516
4516
9518
4518
9520
4520
9522
4522
9524
4524
9526
4526
9528
4528
9530
4530
9532
4532
9534
4534
9536
4536
9538
4538
9540
4540
9542
4542
9544
4544
9546
4546
9548
4548
9550
4550
9552
4552
9554
4554
9556
4556
9558
4558
9560
4560
9562
4562
9564
4564
9566
4566
9568
4568
9570
4570
9572
4572
9574
4574
9576
4576
9578
4578
9580
4580
9582
4582
9584
4584
9586
4586
9588
4588
9590
4590
9592
4592
9594
4594
9596
4596
9598
4598
9600
4600
9602
4602
9604
4604
9606
4606
9608
4608
9610
4610
9612
4612
9614
4614
9616
4616
9618
4618
9620
4620
9622
4622
9624
4624
9626
4626
9628
4628
9630
4630
9632
4632
9634
4634
9636
4636
9638
4638
9640
4640
9642
4642
9644
4644
9646
4646
9648
4648
9650
4650
9652
4652
9654
4654
9656
4656
9658
4658
9660
4660
9662
4662
9664
4664
9666
4666
9668
4668
9670
4670
9672
4672
9674
4674
9676
4676
9678
4678
9680
4680
9682
4682
9684
4684
9686
4686
9688
4688
9690
4690
9692
4692
9694
4694
9696
4696
9698
4698
9700
4700
9702
4702
9704
4704
9706
4706
9708
4708
9710
4710
9712
4712
9714
4714
9716
4716
9718
4718
9720
4720
9722
4722
9724
4724
9726
4726
9728
4728
9730
4730
9732
4732
9734
4734
9736
4736
9738
4738
9740
4740
9742
4742
9744
4744
9746
4746
9748
4748
9750
4750
9752
4752
9754
4754
9756
4756
9758
4758
9760
4760
9762
4762
9764
4764
9766
4766
9768
4768
9770
4770
9772
4772
9774
4774
9776
4776
9778
4778
9780
4780
9782
4782
9784
4784
9786
4786
9788
4788
9790
4790
9792
4792
9794
4794
9796
4796
9798
4798
9800
4800
9802
4802
9804
4804
9806
4806
9808
4808
9810
4810
9812
4812
9814
4814
9816
4816
9818
4818
9820
4820
9822
4822
9824
4824
9826
4826
9828
4828
9830
4830
9832
4832
9834
4834
9836
4836
9838
4838
9840
4840
9842
4842
9844
4844
9846
4846
9848
4848
9850
4850
9852
4852
9854
4854
9856
4856
9858
4858
9860
4860
9862
4862
9864
4864
9866
4866
9868
4868
9870
4870
9872
4872
9874
4874
9876
4876
9878
4878
9880
4880
9882
4882
9884
4884
9886
4886
9888
4888
9890
4890
9892
4892
9894
4894
9896
4896
9898
4898
9900
4900
9902
4902
9904
4904
9906
4906
9908
4908
9910
4910
9912
4912
9914
4914
9916
4916
9918
4918
9920
4920
9922
4922
9924
4924
9926
4926
9928
4928
9930
4930
9932
4932
9934
4934
9936
4936
9938
4938
9940
4940
9942
4942
9944
4944
9946
4946
9948
4948
9950
4950
9952
4952
9954
4954
9956
4956
9958
4958
9960
4960
9962
4962
9964
4964
9966
4966
9968
4968
9970
4970
9972
4972
9974
4974
9976
4976
9978
4978
9980
4980
9982
4982
9984
4984
9986
4986
9988
4988
9990
4990
9992
4992
9994
4994
9996
4996
9998
4998
10000
5000
