-1
1001
1
1003
3
1005
5
1007
7
1009
9
1011
11
1013
13
1015
15
1017
17
1019
19
1021
21
1023
23
1025
25
1027
27
1029
29
1031
31
1033
33
1035
35
1037
37
1039
39
1041
41
1043
43
1045
45
1047
47
1049
49
1051
51
1053
53
1055
55
1057
57
1059
59
1061
61
1063
63
1065
65
1067
67
1069
69
1071
71
1073
73
1075
75
1077
77
1079
79
1081
81
1083
83
1085
85
1087
87
1089
89
1091
91
1093
93
1095
95
1097
97
1099
99
1101
101
1103
103
1105
105
1107
107
1109
109
1111
111
1113
113
1115
115
1117
117
1119
119
1121
121
1123
123
1125
125
1127
127
1129
129
1131
131
1133
133
1135
135
1137
137
1139
139
1141
141
1143
143
1145
145
1147
147
1149
149
1151
151
1153
153
1155
155
1157
157
1159
159
1161
161
1163
163
1165
165
1167
167
1169
169
1171
171
1173
173
1175
175
1177
177
1179
179
1181
181
1183
183
1185
185
1187
187
1189
189
1191
191
1193
193
1195
195
1197
197
1199
199
1201
201
1203
203
1205
205
1207
207
1209
209
1211
211
1213
213
1215
215
1217
217
1219
219
1221
221
1223
223
1225
225
1227
227
1229
229
1231
231
1233
233
1235
235
1237
237
1239
239
1241
241
1243
243
1245
245
1247
247
1249
249
1251
251
1253
253
1255
255
1257
257
1259
259
1261
261
1263
263
1265
265
1267
267
1269
269
1271
271
1273
273
1275
275
1277
277
1279
279
1281
281
1283
283
1285
285
1287
287
1289
289
1291
291
1293
293
1295
295
1297
297
1299
299
1301
301
1303
303
1305
305
1307
307
1309
309
1311
311
1313
313
1315
315
1317
317
1319
319
1321
321
1323
323
1325
325
1327
327
1329
329
1331
331
1333
333
1335
335
1337
337
1339
339
1341
341
1343
343
1345
345
1347
347
1349
349
1351
351
1353
353
1355
355
1357
357
1359
359
1361
361
1363
363
1365
365
1367
367
1369
369
1371
371
1373
373
1375
375
1377
377
1379
379
1381
381
1383
383
1385
385
1387
387
1389
389
1391
391
1393
393
1395
395
1397
397
1399
399
1401
401
1403
403
1405
405
1407
407
1409
409
1411
411
1413
413
1415
415
1417
417
1419
419
1421
421
1423
423
1425
425
1427
427
1429
429
1431
431
1433
433
1435
435
1437
437
1439
439
1441
441
1443
443
1445
445
1447
447
1449
449
1451
451
1453
453
1455
455
1457
457
1459
459
1461
461
1463
463
1465
465
1467
467
1469
469
1471
471
1473
473
1475
475
1477
477
1479
479
1481
481
1483
483
1485
485
1487
487
1489
489
1491
491
1493
493
1495
495
1497
497
1499
499
1501
501
1503
503
1505
505
1507
507
1509
509
1511
511
1513
513
1515
515
1517
517
1519
519
1521
521
1523
523
1525
525
1527
527
1529
529
1531
531
1533
533
1535
535
1537
537
1539
539
1541
541
1543
543
1545
545
1547
547
1549
549
1551
551
1553
553
1555
555
1557
557
1559
559
1561
561
1563
563
1565
565
1567
567
1569
569
1571
571
1573
573
1575
575
1577
577
1579
579
1581
581
1583
583
1585
585
1587
587
1589
589
1591
591
1593
593
1595
595
1597
597
1599
599
1601
601
1603
603
1605
605
1607
607
1609
609
1611
611
1613
613
1615
615
1617
617
1619
619
1621
621
1623
623
1625
625
1627
627
1629
629
1631
631
1633
633
1635
635
1637
637
1639
639
1641
641
1643
643
1645
645
1647
647
1649
649
1651
651
1653
653
1655
655
1657
657
1659
659
1661
661
1663
663
1665
665
1667
667
1669
669
1671
671
1673
673
1675
675
1677
677
1679
679
1681
681
1683
683
1685
685
1687
687
1689
689
1691
691
1693
693
1695
695
1697
697
1699
699
1701
701
1703
703
1705
705
1707
707
1709
709
1711
711
1713
713
1715
715
1717
717
1719
719
1721
721
1723
723
1725
725
1727
727
1729
729
1731
731
1733
733
1735
735
1737
737
1739
739
1741
741
1743
743
1745
745
1747
747
1749
749
1751
751
1753
753
1755
755
1757
757
1759
759
1761
761
1763
763
1765
765
1767
767
1769
769
1771
771
1773
773
1775
775
1777
777
1779
779
1781
781
1783
783
1785
785
1787
787
1789
789
1791
791
1793
793
1795
795
1797
797
1799
799
1801
801
1803
803
1805
805
1807
807
1809
809
1811
811
1813
813
1815
815
1817
817
1819
819
1821
821
1823
823
1825
825
1827
827
1829
829
1831
831
1833
833
1835
835
1837
837
1839
839
1841
841
1843
843
1845
845
1847
847
1849
849
1851
851
1853
853
1855
855
1857
857
1859
859
1861
861
1863
863
1865
865
1867
867
1869
869
1871
871
1873
873
1875
875
1877
877
1879
879
1881
881
1883
883
1885
885
1887
887
1889
889
1891
891
1893
893
1895
895
1897
897
1899
899
1901
901
1903
903
1905
905
1907
907
1909
909
1911
911
1913
913
1915
915
1917
917
1919
919
1921
921
1923
923
1925
925
1927
927
1929
929
1931
931
1933
933
1935
935
1937
937
1939
939
1941
941
1943
943
1945
945
1947
947
1949
949
1951
951
1953
953
1955
955
1957
957
1959
959
1961
961
1963
963
1965
965
1967
967
1969
969
1971
971
1973
973
1975
975
1977
977
1979
979
1981
981
1983
983
1985
985
1987
987
1989
989
1991
991
1993
993
1995
995
1997
997
1999
999
1002
2
1004
4
1006
6
1008
8
1010
10
1012
12
1014
14
1016
16
1018
18
1020
20
1022
22
1024
24
1026
26
1028
28
1030
30
1032
32
1034
34
1036
36
1038
38
1040
40
1042
42
1044
44
1046
46
1048
48
1050
50
1052
52
1054
54
1056
56
1058
58
1060
60
1062
62
1064
64
1066
66
1068
68
1070
70
1072
72
1074
74
1076
76
1078
78
1080
80
1082
82
1084
84
1086
86
1088
88
1090
90
1092
92
1094
94
1096
96
1098
98
1100
100
1102
102
1104
104
1106
106
1108
108
1110
110
1112
112
1114
114
1116
116
1118
118
1120
120
1122
122
1124
124
1126
126
1128
128
1130
130
1132
132
1134
134
1136
136
1138
138
1140
140
1142
142
1144
144
1146
146
1148
148
1150
150
1152
152
1154
154
1156
156
1158
158
1160
160
1162
162
1164
164
1166
166
1168
168
1170
170
1172
172
1174
174
1176
176
1178
178
1180
180
1182
182
1184
184
1186
186
1188
188
1190
190
1192
192
1194
194
1196
196
1198
198
1200
200
1202
202
1204
204
1206
206
1208
208
1210
210
1212
212
1214
214
1216
216
1218
218
1220
220
1222
222
1224
224
1226
226
1228
228
1230
230
1232
232
1234
234
1236
236
1238
238
1240
240
1242
242
1244
244
1246
246
1248
248
1250
250
1252
252
1254
254
1256
256
1258
258
1260
260
1262
262
1264
264
1266
266
1268
268
1270
270
1272
272
1274
274
1276
276
1278
278
1280
280
1282
282
1284
284
1286
286
1288
288
1290
290
1292
292
1294
294
1296
296
1298
298
1300
300
1302
302
1304
304
1306
306
1308
308
1310
310
1312
312
1314
314
1316
316
1318
318
1320
320
1322
322
1324
324
1326
326
1328
328
1330
330
1332
332
1334
334
1336
336
1338
338
1340
340
1342
342
1344
344
1346
346
1348
348
1350
350
1352
352
1354
354
1356
356
1358
358
1360
360
1362
362
1364
364
1366
366
1368
368
1370
370
1372
372
1374
374
1376
376
1378
378
1380
380
1382
382
1384
384
1386
386
1388
388
1390
390
1392
392
1394
394
1396
396
1398
398
1400
400
1402
402
1404
404
1406
406
1408
408
1410
410
1412
412
1414
414
1416
416
1418
418
1420
420
1422
422
1424
424
1426
426
1428
428
1430
430
1432
432
1434
434
1436
436
1438
438
1440
440
1442
442
1444
444
1446
446
1448
448
1450
450
1452
452
1454
454
1456
456
1458
458
1460
460
1462
462
1464
464
1466
466
1468
468
1470
470
1472
472
1474
474
1476
476
1478
478
1480
480
1482
482
1484
484
1486
486
1488
488
1490
490
1492
492
1494
494
1496
496
1498
498
1500
500
1502
502
1504
504
1506
506
1508
508
1510
510
1512
512
1514
514
1516
516
1518
518
1520
520
1522
522
1524
524
1526
526
1528
528
1530
530
1532
532
1534
534
1536
536
1538
538
1540
540
1542
542
1544
544
1546
546
1548
548
1550
550
1552
552
1554
554
1556
556
1558
558
1560
560
1562
562
1564
564
1566
566
1568
568
1570
570
1572
572
1574
574
1576
576
1578
578
1580
580
1582
582
1584
584
1586
586
1588
588
1590
590
1592
592
1594
594
1596
596
1598
598
1600
600
1602
602
1604
604
1606
606
1608
608
1610
610
1612
612
1614
614
1616
616
1618
618
1620
620
1622
622
1624
624
1626
626
1628
628
1630
630
1632
632
1634
634
1636
636
1638
638
1640
640
1642
642
1644
644
1646
646
1648
648
1650
650
1652
652
1654
654
1656
656
1658
658
1660
660
1662
662
1664
664
1666
666
1668
668
1670
670
1672
672
1674
674
1676
676
1678
678
1680
680
1682
682
1684
684
1686
686
1688
688
1690
690
1692
692
1694
694
1696
696
1698
698
1700
700
1702
702
1704
704
1706
706
1708
708
1710
710
1712
712
1714
714
1716
716
1718
718
1720
720
1722
722
1724
724
1726
726
1728
728
1730
730
1732
732
1734
734
1736
736
1738
738
1740
740
1742
742
1744
744
1746
746
1748
748
1750
750
1752
752
1754
754
1756
756
1758
758
1760
760
1762
762
1764
764
1766
766
1768
768
1770
770
1772
772
1774
774
1776
776
1778
778
1780
780
1782
782
1784
784
1786
786
1788
788
1790
790
1792
792
1794
794
1796
796
1798
798
1800
800
1802
802
1804
804
1806
806
1808
808
1810
810
1812
812
1814
814
1816
816
1818
818
1820
820
1822
822
1824
824
1826
826
1828
828
1830
830
1832
832
1834
834
1836
836
1838
838
1840
840
1842
842
1844
844
1846
846
1848
848
1850
850
1852
852
1854
854
1856
856
1858
858
1860
860
1862
862
1864
864
1866
866
1868
868
1870
870
1872
872
1874
874
1876
876
1878
878
1880
880
1882
882
1884
884
1886
886
1888
888
1890
890
1892
892
1894
894
1896
896
1898
898
1900
900
1902
902
1904
904
1906
906
1908
908
1910
910
1912
912
1914
914
1916
916
1918
918
1920
920
1922
922
1924
924
1926
926
1928
928
1930
930
1932
932
1934
934
1936
936
1938
938
1940
940
1942
942
1944
944
1946
946
1948
948
1950
950
1952
952
1954
954
1956
956
1958
958
1960
960
1962
962
1964
964
1966
966
1968
968
1970
970
1972
972
1974
974
1976
976
1978
978
1980
980
1982
982
1984
984
1986
986
1988
988
1990
990
1992
992
1994
994
1996
996
1998
998
2000
1000
