-1
1501
1
1503
3
1505
5
1507
7
1509
9
1511
11
1513
13
1515
15
1517
17
1519
19
1521
21
1523
23
1525
25
1527
27
1529
29
1531
31
1533
33
1535
35
1537
37
1539
39
1541
41
1543
43
1545
45
1547
47
1549
49
1551
51
1553
53
1555
55
1557
57
1559
59
1561
61
1563
63
1565
65
1567
67
1569
69
1571
71
1573
73
1575
75
1577
77
1579
79
1581
81
1583
83
1585
85
1587
87
1589
89
1591
91
1593
93
1595
95
1597
97
1599
99
1601
101
1603
103
1605
105
1607
107
1609
109
1611
111
1613
113
1615
115
1617
117
1619
119
1621
121
1623
123
1625
125
1627
127
1629
129
1631
131
1633
133
1635
135
1637
137
1639
139
1641
141
1643
143
1645
145
1647
147
1649
149
1651
151
1653
153
1655
155
1657
157
1659
159
1661
161
1663
163
1665
165
1667
167
1669
169
1671
171
1673
173
1675
175
1677
177
1679
179
1681
181
1683
183
1685
185
1687
187
1689
189
1691
191
1693
193
1695
195
1697
197
1699
199
1701
201
1703
203
1705
205
1707
207
1709
209
1711
211
1713
213
1715
215
1717
217
1719
219
1721
221
1723
223
1725
225
1727
227
1729
229
1731
231
1733
233
1735
235
1737
237
1739
239
1741
241
1743
243
1745
245
1747
247
1749
249
1751
251
1753
253
1755
255
1757
257
1759
259
1761
261
1763
263
1765
265
1767
267
1769
269
1771
271
1773
273
1775
275
1777
277
1779
279
1781
281
1783
283
1785
285
1787
287
1789
289
1791
291
1793
293
1795
295
1797
297
1799
299
1801
301
1803
303
1805
305
1807
307
1809
309
1811
311
1813
313
1815
315
1817
317
1819
319
1821
321
1823
323
1825
325
1827
327
1829
329
1831
331
1833
333
1835
335
1837
337
1839
339
1841
341
1843
343
1845
345
1847
347
1849
349
1851
351
1853
353
1855
355
1857
357
1859
359
1861
361
1863
363
1865
365
1867
367
1869
369
1871
371
1873
373
1875
375
1877
377
1879
379
1881
381
1883
383
1885
385
1887
387
1889
389
1891
391
1893
393
1895
395
1897
397
1899
399
1901
401
1903
403
1905
405
1907
407
1909
409
1911
411
1913
413
1915
415
1917
417
1919
419
1921
421
1923
423
1925
425
1927
427
1929
429
1931
431
1933
433
1935
435
1937
437
1939
439
1941
441
1943
443
1945
445
1947
447
1949
449
1951
451
1953
453
1955
455
1957
457
1959
459
1961
461
1963
463
1965
465
1967
467
1969
469
1971
471
1973
473
1975
475
1977
477
1979
479
1981
481
1983
483
1985
485
1987
487
1989
489
1991
491
1993
493
1995
495
1997
497
1999
499
2001
501
2003
503
2005
505
2007
507
2009
509
2011
511
2013
513
2015
515
2017
517
2019
519
2021
521
2023
523
2025
525
2027
527
2029
529
2031
531
2033
533
2035
535
2037
537
2039
539
2041
541
2043
543
2045
545
2047
547
2049
549
2051
551
2053
553
2055
555
2057
557
2059
559
2061
561
2063
563
2065
565
2067
567
2069
569
2071
571
2073
573
2075
575
2077
577
2079
579
2081
581
2083
583
2085
585
2087
587
2089
589
2091
591
2093
593
2095
595
2097
597
2099
599
2101
601
2103
603
2105
605
2107
607
2109
609
2111
611
2113
613
2115
615
2117
617
2119
619
2121
621
2123
623
2125
625
2127
627
2129
629
2131
631
2133
633
2135
635
2137
637
2139
639
2141
641
2143
643
2145
645
2147
647
2149
649
2151
651
2153
653
2155
655
2157
657
2159
659
2161
661
2163
663
2165
665
2167
667
2169
669
2171
671
2173
673
2175
675
2177
677
2179
679
2181
681
2183
683
2185
685
2187
687
2189
689
2191
691
2193
693
2195
695
2197
697
2199
699
2201
701
2203
703
2205
705
2207
707
2209
709
2211
711
2213
713
2215
715
2217
717
2219
719
2221
721
2223
723
2225
725
2227
727
2229
729
2231
731
2233
733
2235
735
2237
737
2239
739
2241
741
2243
743
2245
745
2247
747
2249
749
2251
751
2253
753
2255
755
2257
757
2259
759
2261
761
2263
763
2265
765
2267
767
2269
769
2271
771
2273
773
2275
775
2277
777
2279
779
2281
781
2283
783
2285
785
2287
787
2289
789
2291
791
2293
793
2295
795
2297
797
2299
799
2301
801
2303
803
2305
805
2307
807
2309
809
2311
811
2313
813
2315
815
2317
817
2319
819
2321
821
2323
823
2325
825
2327
827
2329
829
2331
831
2333
833
2335
835
2337
837
2339
839
2341
841
2343
843
2345
845
2347
847
2349
849
2351
851
2353
853
2355
855
2357
857
2359
859
2361
861
2363
863
2365
865
2367
867
2369
869
2371
871
2373
873
2375
875
2377
877
2379
879
2381
881
2383
883
2385
885
2387
887
2389
889
2391
891
2393
893
2395
895
2397
897
2399
899
2401
901
2403
903
2405
905
2407
907
2409
909
2411
911
2413
913
2415
915
2417
917
2419
919
2421
921
2423
923
2425
925
2427
927
2429
929
2431
931
2433
933
2435
935
2437
937
2439
939
2441
941
2443
943
2445
945
2447
947
2449
949
2451
951
2453
953
2455
955
2457
957
2459
959
2461
961
2463
963
2465
965
2467
967
2469
969
2471
971
2473
973
2475
975
2477
977
2479
979
2481
981
2483
983
2485
985
2487
987
2489
989
2491
991
2493
993
2495
995
2497
997
2499
999
2501
1001
2503
1003
2505
1005
2507
1007
2509
1009
2511
1011
2513
1013
2515
1015
2517
1017
2519
1019
2521
1021
2523
1023
2525
1025
2527
1027
2529
1029
2531
1031
2533
1033
2535
1035
2537
1037
2539
1039
2541
1041
2543
1043
2545
1045
2547
1047
2549
1049
2551
1051
2553
1053
2555
1055
2557
1057
2559
1059
2561
1061
2563
1063
2565
1065
2567
1067
2569
1069
2571
1071
2573
1073
2575
1075
2577
1077
2579
1079
2581
1081
2583
1083
2585
1085
2587
1087
2589
1089
2591
1091
2593
1093
2595
1095
2597
1097
2599
1099
2601
1101
2603
1103
2605
1105
2607
1107
2609
1109
2611
1111
2613
1113
2615
1115
2617
1117
2619
1119
2621
1121
2623
1123
2625
1125
2627
1127
2629
1129
2631
1131
2633
1133
2635
1135
2637
1137
2639
1139
2641
1141
2643
1143
2645
1145
2647
1147
2649
1149
2651
1151
2653
1153
2655
1155
2657
1157
2659
1159
2661
1161
2663
1163
2665
1165
2667
1167
2669
1169
2671
1171
2673
1173
2675
1175
2677
1177
2679
1179
2681
1181
2683
1183
2685
1185
2687
1187
2689
1189
2691
1191
2693
1193
2695
1195
2697
1197
2699
1199
2701
1201
2703
1203
2705
1205
2707
1207
2709
1209
2711
1211
2713
1213
2715
1215
2717
1217
2719
1219
2721
1221
2723
1223
2725
1225
2727
1227
2729
1229
2731
1231
2733
1233
2735
1235
2737
1237
2739
1239
2741
1241
2743
1243
2745
1245
2747
1247
2749
1249
2751
1251
2753
1253
2755
1255
2757
1257
2759
1259
2761
1261
2763
1263
2765
1265
2767
1267
2769
1269
2771
1271
2773
1273
2775
1275
2777
1277
2779
1279
2781
1281
2783
1283
2785
1285
2787
1287
2789
1289
2791
1291
2793
1293
2795
1295
2797
1297
2799
1299
2801
1301
2803
1303
2805
1305
2807
1307
2809
1309
2811
1311
2813
1313
2815
1315
2817
1317
2819
1319
2821
1321
2823
1323
2825
1325
2827
1327
2829
1329
2831
1331
2833
1333
2835
1335
2837
1337
2839
1339
2841
1341
2843
1343
2845
1345
2847
1347
2849
1349
2851
1351
2853
1353
2855
1355
2857
1357
2859
1359
2861
1361
2863
1363
2865
1365
2867
1367
2869
1369
2871
1371
2873
1373
2875
1375
2877
1377
2879
1379
2881
1381
2883
1383
2885
1385
2887
1387
2889
1389
2891
1391
2893
1393
2895
1395
2897
1397
2899
1399
2901
1401
2903
1403
2905
1405
2907
1407
2909
1409
2911
1411
2913
1413
2915
1415
2917
1417
2919
1419
2921
1421
2923
1423
2925
1425
2927
1427
2929
1429
2931
1431
2933
1433
2935
1435
2937
1437
2939
1439
2941
1441
2943
1443
2945
1445
2947
1447
2949
1449
2951
1451
2953
1453
2955
1455
2957
1457
2959
1459
2961
1461
2963
1463
2965
1465
2967
1467
2969
1469
2971
1471
2973
1473
2975
1475
2977
1477
2979
1479
2981
1481
2983
1483
2985
1485
2987
1487
2989
1489
2991
1491
2993
1493
2995
1495
2997
1497
2999
1499
1502
2
1504
4
1506
6
1508
8
1510
10
1512
12
1514
14
1516
16
1518
18
1520
20
1522
22
1524
24
1526
26
1528
28
1530
30
1532
32
1534
34
1536
36
1538
38
1540
40
1542
42
1544
44
1546
46
1548
48
1550
50
1552
52
1554
54
1556
56
1558
58
1560
60
1562
62
1564
64
1566
66
1568
68
1570
70
1572
72
1574
74
1576
76
1578
78
1580
80
1582
82
1584
84
1586
86
1588
88
1590
90
1592
92
1594
94
1596
96
1598
98
1600
100
1602
102
1604
104
1606
106
1608
108
1610
110
1612
112
1614
114
1616
116
1618
118
1620
120
1622
122
1624
124
1626
126
1628
128
1630
130
1632
132
1634
134
1636
136
1638
138
1640
140
1642
142
1644
144
1646
146
1648
148
1650
150
1652
152
1654
154
1656
156
1658
158
1660
160
1662
162
1664
164
1666
166
1668
168
1670
170
1672
172
1674
174
1676
176
1678
178
1680
180
1682
182
1684
184
1686
186
1688
188
1690
190
1692
192
1694
194
1696
196
1698
198
1700
200
1702
202
1704
204
1706
206
1708
208
1710
210
1712
212
1714
214
1716
216
1718
218
1720
220
1722
222
1724
224
1726
226
1728
228
1730
230
1732
232
1734
234
1736
236
1738
238
1740
240
1742
242
1744
244
1746
246
1748
248
1750
250
1752
252
1754
254
1756
256
1758
258
1760
260
1762
262
1764
264
1766
266
1768
268
1770
270
1772
272
1774
274
1776
276
1778
278
1780
280
1782
282
1784
284
1786
286
1788
288
1790
290
1792
292
1794
294
1796
296
1798
298
1800
300
1802
302
1804
304
1806
306
1808
308
1810
310
1812
312
1814
314
1816
316
1818
318
1820
320
1822
322
1824
324
1826
326
1828
328
1830
330
1832
332
1834
334
1836
336
1838
338
1840
340
1842
342
1844
344
1846
346
1848
348
1850
350
1852
352
1854
354
1856
356
1858
358
1860
360
1862
362
1864
364
1866
366
1868
368
1870
370
1872
372
1874
374
1876
376
1878
378
1880
380
1882
382
1884
384
1886
386
1888
388
1890
390
1892
392
1894
394
1896
396
1898
398
1900
400
1902
402
1904
404
1906
406
1908
408
1910
410
1912
412
1914
414
1916
416
1918
418
1920
420
1922
422
1924
424
1926
426
1928
428
1930
430
1932
432
1934
434
1936
436
1938
438
1940
440
1942
442
1944
444
1946
446
1948
448
1950
450
1952
452
1954
454
1956
456
1958
458
1960
460
1962
462
1964
464
1966
466
1968
468
1970
470
1972
472
1974
474
1976
476
1978
478
1980
480
1982
482
1984
484
1986
486
1988
488
1990
490
1992
492
1994
494
1996
496
1998
498
2000
500
2002
502
2004
504
2006
506
2008
508
2010
510
2012
512
2014
514
2016
516
2018
518
2020
520
2022
522
2024
524
2026
526
2028
528
2030
530
2032
532
2034
534
2036
536
2038
538
2040
540
2042
542
2044
544
2046
546
2048
548
2050
550
2052
552
2054
554
2056
556
2058
558
2060
560
2062
562
2064
564
2066
566
2068
568
2070
570
2072
572
2074
574
2076
576
2078
578
2080
580
2082
582
2084
584
2086
586
2088
588
2090
590
2092
592
2094
594
2096
596
2098
598
2100
600
2102
602
2104
604
2106
606
2108
608
2110
610
2112
612
2114
614
2116
616
2118
618
2120
620
2122
622
2124
624
2126
626
2128
628
2130
630
2132
632
2134
634
2136
636
2138
638
2140
640
2142
642
2144
644
2146
646
2148
648
2150
650
2152
652
2154
654
2156
656
2158
658
2160
660
2162
662
2164
664
2166
666
2168
668
2170
670
2172
672
2174
674
2176
676
2178
678
2180
680
2182
682
2184
684
2186
686
2188
688
2190
690
2192
692
2194
694
2196
696
2198
698
2200
700
2202
702
2204
704
2206
706
2208
708
2210
710
2212
712
2214
714
2216
716
2218
718
2220
720
2222
722
2224
724
2226
726
2228
728
2230
730
2232
732
2234
734
2236
736
2238
738
2240
740
2242
742
2244
744
2246
746
2248
748
2250
750
2252
752
2254
754
2256
756
2258
758
2260
760
2262
762
2264
764
2266
766
2268
768
2270
770
2272
772
2274
774
2276
776
2278
778
2280
780
2282
782
2284
784
2286
786
2288
788
2290
790
2292
792
2294
794
2296
796
2298
798
2300
800
2302
802
2304
804
2306
806
2308
808
2310
810
2312
812
2314
814
2316
816
2318
818
2320
820
2322
822
2324
824
2326
826
2328
828
2330
830
2332
832
2334
834
2336
836
2338
838
2340
840
2342
842
2344
844
2346
846
2348
848
2350
850
2352
852
2354
854
2356
856
2358
858
2360
860
2362
862
2364
864
2366
866
2368
868
2370
870
2372
872
2374
874
2376
876
2378
878
2380
880
2382
882
2384
884
2386
886
2388
888
2390
890
2392
892
2394
894
2396
896
2398
898
2400
900
2402
902
2404
904
2406
906
2408
908
2410
910
2412
912
2414
914
2416
916
2418
918
2420
920
2422
922
2424
924
2426
926
2428
928
2430
930
2432
932
2434
934
2436
936
2438
938
2440
940
2442
942
2444
944
2446
946
2448
948
2450
950
2452
952
2454
954
2456
956
2458
958
2460
960
2462
962
2464
964
2466
966
2468
968
2470
970
2472
972
2474
974
2476
976
2478
978
2480
980
2482
982
2484
984
2486
986
2488
988
2490
990
2492
992
2494
994
2496
996
2498
998
2500
1000
2502
1002
2504
1004
2506
1006
2508
1008
2510
1010
2512
1012
2514
1014
2516
1016
2518
1018
2520
1020
2522
1022
2524
1024
2526
1026
2528
1028
2530
1030
2532
1032
2534
1034
2536
1036
2538
1038
2540
1040
2542
1042
2544
1044
2546
1046
2548
1048
2550
1050
2552
1052
2554
1054
2556
1056
2558
1058
2560
1060
2562
1062
2564
1064
2566
1066
2568
1068
2570
1070
2572
1072
2574
1074
2576
1076
2578
1078
2580
1080
2582
1082
2584
1084
2586
1086
2588
1088
2590
1090
2592
1092
2594
1094
2596
1096
2598
1098
2600
1100
2602
1102
2604
1104
2606
1106
2608
1108
2610
1110
2612
1112
2614
1114
2616
1116
2618
1118
2620
1120
2622
1122
2624
1124
2626
1126
2628
1128
2630
1130
2632
1132
2634
1134
2636
1136
2638
1138
2640
1140
2642
1142
2644
1144
2646
1146
2648
1148
2650
1150
2652
1152
2654
1154
2656
1156
2658
1158
2660
1160
2662
1162
2664
1164
2666
1166
2668
1168
2670
1170
2672
1172
2674
1174
2676
1176
2678
1178
2680
1180
2682
1182
2684
1184
2686
1186
2688
1188
2690
1190
2692
1192
2694
1194
2696
1196
2698
1198
2700
1200
2702
1202
2704
1204
2706
1206
2708
1208
2710
1210
2712
1212
2714
1214
2716
1216
2718
1218
2720
1220
2722
1222
2724
1224
2726
1226
2728
1228
2730
1230
2732
1232
2734
1234
2736
1236
2738
1238
2740
1240
2742
1242
2744
1244
2746
1246
2748
1248
2750
1250
2752
1252
2754
1254
2756
1256
2758
1258
2760
1260
2762
1262
2764
1264
2766
1266
2768
1268
2770
1270
2772
1272
2774
1274
2776
1276
2778
1278
2780
1280
2782
1282
2784
1284
2786
1286
2788
1288
2790
1290
2792
1292
2794
1294
2796
1296
2798
1298
2800
1300
2802
1302
2804
1304
2806
1306
2808
1308
2810
1310
2812
1312
2814
1314
2816
1316
2818
1318
2820
1320
2822
1322
2824
1324
2826
1326
2828
1328
2830
1330
2832
1332
2834
1334
2836
1336
2838
1338
2840
1340
2842
1342
2844
1344
2846
1346
2848
1348
2850
1350
2852
1352
2854
1354
2856
1356
2858
1358
2860
1360
2862
1362
2864
1364
2866
1366
2868
1368
2870
1370
2872
1372
2874
1374
2876
1376
2878
1378
2880
1380
2882
1382
2884
1384
2886
1386
2888
1388
2890
1390
2892
1392
2894
1394
2896
1396
2898
1398
2900
1400
2902
1402
2904
1404
2906
1406
2908
1408
2910
1410
2912
1412
2914
1414
2916
1416
2918
1418
2920
1420
2922
1422
2924
1424
2926
1426
2928
1428
2930
1430
2932
1432
2934
1434
2936
1436
2938
1438
2940
1440
2942
1442
2944
1444
2946
1446
2948
1448
2950
1450
2952
1452
2954
1454
2956
1456
2958
1458
2960
1460
2962
1462
2964
1464
2966
1466
2968
1468
2970
1470
2972
1472
2974
1474
2976
1476
2978
1478
2980
1480
2982
1482
2984
1484
2986
1486
2988
1488
2990
1490
2992
1492
2994
1494
2996
1496
2998
1498
3000
1500
