-1
2001
1
2003
3
2005
5
2007
7
2009
9
2011
11
2013
13
2015
15
2017
17
2019
19
2021
21
2023
23
2025
25
2027
27
2029
29
2031
31
2033
33
2035
35
2037
37
2039
39
2041
41
2043
43
2045
45
2047
47
2049
49
2051
51
2053
53
2055
55
2057
57
2059
59
2061
61
2063
63
2065
65
2067
67
2069
69
2071
71
2073
73
2075
75
2077
77
2079
79
2081
81
2083
83
2085
85
2087
87
2089
89
2091
91
2093
93
2095
95
2097
97
2099
99
2101
101
2103
103
2105
105
2107
107
2109
109
2111
111
2113
113
2115
115
2117
117
2119
119
2121
121
2123
123
2125
125
2127
127
2129
129
2131
131
2133
133
2135
135
2137
137
2139
139
2141
141
2143
143
2145
145
2147
147
2149
149
2151
151
2153
153
2155
155
2157
157
2159
159
2161
161
2163
163
2165
165
2167
167
2169
169
2171
171
2173
173
2175
175
2177
177
2179
179
2181
181
2183
183
2185
185
2187
187
2189
189
2191
191
2193
193
2195
195
2197
197
2199
199
2201
201
2203
203
2205
205
2207
207
2209
209
2211
211
2213
213
2215
215
2217
217
2219
219
2221
221
2223
223
2225
225
2227
227
2229
229
2231
231
2233
233
2235
235
2237
237
2239
239
2241
241
2243
243
2245
245
2247
247
2249
249
2251
251
2253
253
2255
255
2257
257
2259
259
2261
261
2263
263
2265
265
2267
267
2269
269
2271
271
2273
273
2275
275
2277
277
2279
279
2281
281
2283
283
2285
285
2287
287
2289
289
2291
291
2293
293
2295
295
2297
297
2299
299
2301
301
2303
303
2305
305
2307
307
2309
309
2311
311
2313
313
2315
315
2317
317
2319
319
2321
321
2323
323
2325
325
2327
327
2329
329
2331
331
2333
333
2335
335
2337
337
2339
339
2341
341
2343
343
2345
345
2347
347
2349
349
2351
351
2353
353
2355
355
2357
357
2359
359
2361
361
2363
363
2365
365
2367
367
2369
369
2371
371
2373
373
2375
375
2377
377
2379
379
2381
381
2383
383
2385
385
2387
387
2389
389
2391
391
2393
393
2395
395
2397
397
2399
399
2401
401
2403
403
2405
405
2407
407
2409
409
2411
411
2413
413
2415
415
2417
417
2419
419
2421
421
2423
423
2425
425
2427
427
2429
429
2431
431
2433
433
2435
435
2437
437
2439
439
2441
441
2443
443
2445
445
2447
447
2449
449
2451
451
2453
453
2455
455
2457
457
2459
459
2461
461
2463
463
2465
465
2467
467
2469
469
2471
471
2473
473
2475
475
2477
477
2479
479
2481
481
2483
483
2485
485
2487
487
2489
489
2491
491
2493
493
2495
495
2497
497
2499
499
2501
501
2503
503
2505
505
2507
507
2509
509
2511
511
2513
513
2515
515
2517
517
2519
519
2521
521
2523
523
2525
525
2527
527
2529
529
2531
531
2533
533
2535
535
2537
537
2539
539
2541
541
2543
543
2545
545
2547
547
2549
549
2551
551
2553
553
2555
555
2557
557
2559
559
2561
561
2563
563
2565
565
2567
567
2569
569
2571
571
2573
573
2575
575
2577
577
2579
579
2581
581
2583
583
2585
585
2587
587
2589
589
2591
591
2593
593
2595
595
2597
597
2599
599
2601
601
2603
603
2605
605
2607
607
2609
609
2611
611
2613
613
2615
615
2617
617
2619
619
2621
621
2623
623
2625
625
2627
627
2629
629
2631
631
2633
633
2635
635
2637
637
2639
639
2641
641
2643
643
2645
645
2647
647
2649
649
2651
651
2653
653
2655
655
2657
657
2659
659
2661
661
2663
663
2665
665
2667
667
2669
669
2671
671
2673
673
2675
675
2677
677
2679
679
2681
681
2683
683
2685
685
2687
687
2689
689
2691
691
2693
693
2695
695
2697
697
2699
699
2701
701
2703
703
2705
705
2707
707
2709
709
2711
711
2713
713
2715
715
2717
717
2719
719
2721
721
2723
723
2725
725
2727
727
2729
729
2731
731
2733
733
2735
735
2737
737
2739
739
2741
741
2743
743
2745
745
2747
747
2749
749
2751
751
2753
753
2755
755
2757
757
2759
759
2761
761
2763
763
2765
765
2767
767
2769
769
2771
771
2773
773
2775
775
2777
777
2779
779
2781
781
2783
783
2785
785
2787
787
2789
789
2791
791
2793
793
2795
795
2797
797
2799
799
2801
801
2803
803
2805
805
2807
807
2809
809
2811
811
2813
813
2815
815
2817
817
2819
819
2821
821
2823
823
2825
825
2827
827
2829
829
2831
831
2833
833
2835
835
2837
837
2839
839
2841
841
2843
843
2845
845
2847
847
2849
849
2851
851
2853
853
2855
855
2857
857
2859
859
2861
861
2863
863
2865
865
2867
867
2869
869
2871
871
2873
873
2875
875
2877
877
2879
879
2881
881
2883
883
2885
885
2887
887
2889
889
2891
891
2893
893
2895
895
2897
897
2899
899
2901
901
2903
903
2905
905
2907
907
2909
909
2911
911
2913
913
2915
915
2917
917
2919
919
2921
921
2923
923
2925
925
2927
927
2929
929
2931
931
2933
933
2935
935
2937
937
2939
939
2941
941
2943
943
2945
945
2947
947
2949
949
2951
951
2953
953
2955
955
2957
957
2959
959
2961
961
2963
963
2965
965
2967
967
2969
969
2971
971
2973
973
2975
975
2977
977
2979
979
2981
981
2983
983
2985
985
2987
987
2989
989
2991
991
2993
993
2995
995
2997
997
2999
999
3001
1001
3003
1003
3005
1005
3007
1007
3009
1009
3011
1011
3013
1013
3015
1015
3017
1017
3019
1019
3021
1021
3023
1023
3025
1025
3027
1027
3029
1029
3031
1031
3033
1033
3035
1035
3037
1037
3039
1039
3041
1041
3043
1043
3045
1045
3047
1047
3049
1049
3051
1051
3053
1053
3055
1055
3057
1057
3059
1059
3061
1061
3063
1063
3065
1065
3067
1067
3069
1069
3071
1071
3073
1073
3075
1075
3077
1077
3079
1079
3081
1081
3083
1083
3085
1085
3087
1087
3089
1089
3091
1091
3093
1093
3095
1095
3097
1097
3099
1099
3101
1101
3103
1103
3105
1105
3107
1107
3109
1109
3111
1111
3113
1113
3115
1115
3117
1117
3119
1119
3121
1121
3123
1123
3125
1125
3127
1127
3129
1129
3131
1131
3133
1133
3135
1135
3137
1137
3139
1139
3141
1141
3143
1143
3145
1145
3147
1147
3149
1149
3151
1151
3153
1153
3155
1155
3157
1157
3159
1159
3161
1161
3163
1163
3165
1165
3167
1167
3169
1169
3171
1171
3173
1173
3175
1175
3177
1177
3179
1179
3181
1181
3183
1183
3185
1185
3187
1187
3189
1189
3191
1191
3193
1193
3195
1195
3197
1197
3199
1199
3201
1201
3203
1203
3205
1205
3207
1207
3209
1209
3211
1211
3213
1213
3215
1215
3217
1217
3219
1219
3221
1221
3223
1223
3225
1225
3227
1227
3229
1229
3231
1231
3233
1233
3235
1235
3237
1237
3239
1239
3241
1241
3243
1243
3245
1245
3247
1247
3249
1249
3251
1251
3253
1253
3255
1255
3257
1257
3259
1259
3261
1261
3263
1263
3265
1265
3267
1267
3269
1269
3271
1271
3273
1273
3275
1275
3277
1277
3279
1279
3281
1281
3283
1283
3285
1285
3287
1287
3289
1289
3291
1291
3293
1293
3295
1295
3297
1297
3299
1299
3301
1301
3303
1303
3305
1305
3307
1307
3309
1309
3311
1311
3313
1313
3315
1315
3317
1317
3319
1319
3321
1321
3323
1323
3325
1325
3327
1327
3329
1329
3331
1331
3333
1333
3335
1335
3337
1337
3339
1339
3341
1341
3343
1343
3345
1345
3347
1347
3349
1349
3351
1351
3353
1353
3355
1355
3357
1357
3359
1359
3361
1361
3363
1363
3365
1365
3367
1367
3369
1369
3371
1371
3373
1373
3375
1375
3377
1377
3379
1379
3381
1381
3383
1383
3385
1385
3387
1387
3389
1389
3391
1391
3393
1393
3395
1395
3397
1397
3399
1399
3401
1401
3403
1403
3405
1405
3407
1407
3409
1409
3411
1411
3413
1413
3415
1415
3417
1417
3419
1419
3421
1421
3423
1423
3425
1425
3427
1427
3429
1429
3431
1431
3433
1433
3435
1435
3437
1437
3439
1439
3441
1441
3443
1443
3445
1445
3447
1447
3449
1449
3451
1451
3453
1453
3455
1455
3457
1457
3459
1459
3461
1461
3463
1463
3465
1465
3467
1467
3469
1469
3471
1471
3473
1473
3475
1475
3477
1477
3479
1479
3481
1481
3483
1483
3485
1485
3487
1487
3489
1489
3491
1491
3493
1493
3495
1495
3497
1497
3499
1499
3501
1501
3503
1503
3505
1505
3507
1507
3509
1509
3511
1511
3513
1513
3515
1515
3517
1517
3519
1519
3521
1521
3523
1523
3525
1525
3527
1527
3529
1529
3531
1531
3533
1533
3535
1535
3537
1537
3539
1539
3541
1541
3543
1543
3545
1545
3547
1547
3549
1549
3551
1551
3553
1553
3555
1555
3557
1557
3559
1559
3561
1561
3563
1563
3565
1565
3567
1567
3569
1569
3571
1571
3573
1573
3575
1575
3577
1577
3579
1579
3581
1581
3583
1583
3585
1585
3587
1587
3589
1589
3591
1591
3593
1593
3595
1595
3597
1597
3599
1599
3601
1601
3603
1603
3605
1605
3607
1607
3609
1609
3611
1611
3613
1613
3615
1615
3617
1617
3619
1619
3621
1621
3623
1623
3625
1625
3627
1627
3629
1629
3631
1631
3633
1633
3635
1635
3637
1637
3639
1639
3641
1641
3643
1643
3645
1645
3647
1647
3649
1649
3651
1651
3653
1653
3655
1655
3657
1657
3659
1659
3661
1661
3663
1663
3665
1665
3667
1667
3669
1669
3671
1671
3673
1673
3675
1675
3677
1677
3679
1679
3681
1681
3683
1683
3685
1685
3687
1687
3689
1689
3691
1691
3693
1693
3695
1695
3697
1697
3699
1699
3701
1701
3703
1703
3705
1705
3707
1707
3709
1709
3711
1711
3713
1713
3715
1715
3717
1717
3719
1719
3721
1721
3723
1723
3725
1725
3727
1727
3729
1729
3731
1731
3733
1733
3735
1735
3737
1737
3739
1739
3741
1741
3743
1743
3745
1745
3747
1747
3749
1749
3751
1751
3753
1753
3755
1755
3757
1757
3759
1759
3761
1761
3763
1763
3765
1765
3767
1767
3769
1769
3771
1771
3773
1773
3775
1775
3777
1777
3779
1779
3781
1781
3783
1783
3785
1785
3787
1787
3789
1789
3791
1791
3793
1793
3795
1795
3797
1797
3799
1799
3801
1801
3803
1803
3805
1805
3807
1807
3809
1809
3811
1811
3813
1813
3815
1815
3817
1817
3819
1819
3821
1821
3823
1823
3825
1825
3827
1827
3829
1829
3831
1831
3833
1833
3835
1835
3837
1837
3839
1839
3841
1841
3843
1843
3845
1845
3847
1847
3849
1849
3851
1851
3853
1853
3855
1855
3857
1857
3859
1859
3861
1861
3863
1863
3865
1865
3867
1867
3869
1869
3871
1871
3873
1873
3875
1875
3877
1877
3879
1879
3881
1881
3883
1883
3885
1885
3887
1887
3889
1889
3891
1891
3893
1893
3895
1895
3897
1897
3899
1899
3901
1901
3903
1903
3905
1905
3907
1907
3909
1909
3911
1911
3913
1913
3915
1915
3917
1917
3919
1919
3921
1921
3923
1923
3925
1925
3927
1927
3929
1929
3931
1931
3933
1933
3935
1935
3937
1937
3939
1939
3941
1941
3943
1943
3945
1945
3947
1947
3949
1949
3951
1951
3953
1953
3955
1955
3957
1957
3959
1959
3961
1961
3963
1963
3965
1965
3967
1967
3969
1969
3971
1971
3973
1973
3975
1975
3977
1977
3979
1979
3981
1981
3983
1983
3985
1985
3987
1987
3989
1989
3991
1991
3993
1993
3995
1995
3997
1997
3999
1999
2002
2
2004
4
2006
6
2008
8
2010
10
2012
12
2014
14
2016
16
2018
18
2020
20
2022
22
2024
24
2026
26
2028
28
2030
30
2032
32
2034
34
2036
36
2038
38
2040
40
2042
42
2044
44
2046
46
2048
48
2050
50
2052
52
2054
54
2056
56
2058
58
2060
60
2062
62
2064
64
2066
66
2068
68
2070
70
2072
72
2074
74
2076
76
2078
78
2080
80
2082
82
2084
84
2086
86
2088
88
2090
90
2092
92
2094
94
2096
96
2098
98
2100
100
2102
102
2104
104
2106
106
2108
108
2110
110
2112
112
2114
114
2116
116
2118
118
2120
120
2122
122
2124
124
2126
126
2128
128
2130
130
2132
132
2134
134
2136
136
2138
138
2140
140
2142
142
2144
144
2146
146
2148
148
2150
150
2152
152
2154
154
2156
156
2158
158
2160
160
2162
162
2164
164
2166
166
2168
168
2170
170
2172
172
2174
174
2176
176
2178
178
2180
180
2182
182
2184
184
2186
186
2188
188
2190
190
2192
192
2194
194
2196
196
2198
198
2200
200
2202
202
2204
204
2206
206
2208
208
2210
210
2212
212
2214
214
2216
216
2218
218
2220
220
2222
222
2224
224
2226
226
2228
228
2230
230
2232
232
2234
234
2236
236
2238
238
2240
240
2242
242
2244
244
2246
246
2248
248
2250
250
2252
252
2254
254
2256
256
2258
258
2260
260
2262
262
2264
264
2266
266
2268
268
2270
270
2272
272
2274
274
2276
276
2278
278
2280
280
2282
282
2284
284
2286
286
2288
288
2290
290
2292
292
2294
294
2296
296
2298
298
2300
300
2302
302
2304
304
2306
306
2308
308
2310
310
2312
312
2314
314
2316
316
2318
318
2320
320
2322
322
2324
324
2326
326
2328
328
2330
330
2332
332
2334
334
2336
336
2338
338
2340
340
2342
342
2344
344
2346
346
2348
348
2350
350
2352
352
2354
354
2356
356
2358
358
2360
360
2362
362
2364
364
2366
366
2368
368
2370
370
2372
372
2374
374
2376
376
2378
378
2380
380
2382
382
2384
384
2386
386
2388
388
2390
390
2392
392
2394
394
2396
396
2398
398
2400
400
2402
402
2404
404
2406
406
2408
408
2410
410
2412
412
2414
414
2416
416
2418
418
2420
420
2422
422
2424
424
2426
426
2428
428
2430
430
2432
432
2434
434
2436
436
2438
438
2440
440
2442
442
2444
444
2446
446
2448
448
2450
450
2452
452
2454
454
2456
456
2458
458
2460
460
2462
462
2464
464
2466
466
2468
468
2470
470
2472
472
2474
474
2476
476
2478
478
2480
480
2482
482
2484
484
2486
486
2488
488
2490
490
2492
492
2494
494
2496
496
2498
498
2500
500
2502
502
2504
504
2506
506
2508
508
2510
510
2512
512
2514
514
2516
516
2518
518
2520
520
2522
522
2524
524
2526
526
2528
528
2530
530
2532
532
2534
534
2536
536
2538
538
2540
540
2542
542
2544
544
2546
546
2548
548
2550
550
2552
552
2554
554
2556
556
2558
558
2560
560
2562
562
2564
564
2566
566
2568
568
2570
570
2572
572
2574
574
2576
576
2578
578
2580
580
2582
582
2584
584
2586
586
2588
588
2590
590
2592
592
2594
594
2596
596
2598
598
2600
600
2602
602
2604
604
2606
606
2608
608
2610
610
2612
612
2614
614
2616
616
2618
618
2620
620
2622
622
2624
624
2626
626
2628
628
2630
630
2632
632
2634
634
2636
636
2638
638
2640
640
2642
642
2644
644
2646
646
2648
648
2650
650
2652
652
2654
654
2656
656
2658
658
2660
660
2662
662
2664
664
2666
666
2668
668
2670
670
2672
672
2674
674
2676
676
2678
678
2680
680
2682
682
2684
684
2686
686
2688
688
2690
690
2692
692
2694
694
2696
696
2698
698
2700
700
2702
702
2704
704
2706
706
2708
708
2710
710
2712
712
2714
714
2716
716
2718
718
2720
720
2722
722
2724
724
2726
726
2728
728
2730
730
2732
732
2734
734
2736
736
2738
738
2740
740
2742
742
2744
744
2746
746
2748
748
2750
750
2752
752
2754
754
2756
756
2758
758
2760
760
2762
762
2764
764
2766
766
2768
768
2770
770
2772
772
2774
774
2776
776
2778
778
2780
780
2782
782
2784
784
2786
786
2788
788
2790
790
2792
792
2794
794
2796
796
2798
798
2800
800
2802
802
2804
804
2806
806
2808
808
2810
810
2812
812
2814
814
2816
816
2818
818
2820
820
2822
822
2824
824
2826
826
2828
828
2830
830
2832
832
2834
834
2836
836
2838
838
2840
840
2842
842
2844
844
2846
846
2848
848
2850
850
2852
852
2854
854
2856
856
2858
858
2860
860
2862
862
2864
864
2866
866
2868
868
2870
870
2872
872
2874
874
2876
876
2878
878
2880
880
2882
882
2884
884
2886
886
2888
888
2890
890
2892
892
2894
894
2896
896
2898
898
2900
900
2902
902
2904
904
2906
906
2908
908
2910
910
2912
912
2914
914
2916
916
2918
918
2920
920
2922
922
2924
924
2926
926
2928
928
2930
930
2932
932
2934
934
2936
936
2938
938
2940
940
2942
942
2944
944
2946
946
2948
948
2950
950
2952
952
2954
954
2956
956
2958
958
2960
960
2962
962
2964
964
2966
966
2968
968
2970
970
2972
972
2974
974
2976
976
2978
978
2980
980
2982
982
2984
984
2986
986
2988
988
2990
990
2992
992
2994
994
2996
996
2998
998
3000
1000
3002
1002
3004
1004
3006
1006
3008
1008
3010
1010
3012
1012
3014
1014
3016
1016
3018
1018
3020
1020
3022
1022
3024
1024
3026
1026
3028
1028
3030
1030
3032
1032
3034
1034
3036
1036
3038
1038
3040
1040
3042
1042
3044
1044
3046
1046
3048
1048
3050
1050
3052
1052
3054
1054
3056
1056
3058
1058
3060
1060
3062
1062
3064
1064
3066
1066
3068
1068
3070
1070
3072
1072
3074
1074
3076
1076
3078
1078
3080
1080
3082
1082
3084
1084
3086
1086
3088
1088
3090
1090
3092
1092
3094
1094
3096
1096
3098
1098
3100
1100
3102
1102
3104
1104
3106
1106
3108
1108
3110
1110
3112
1112
3114
1114
3116
1116
3118
1118
3120
1120
3122
1122
3124
1124
3126
1126
3128
1128
3130
1130
3132
1132
3134
1134
3136
1136
3138
1138
3140
1140
3142
1142
3144
1144
3146
1146
3148
1148
3150
1150
3152
1152
3154
1154
3156
1156
3158
1158
3160
1160
3162
1162
3164
1164
3166
1166
3168
1168
3170
1170
3172
1172
3174
1174
3176
1176
3178
1178
3180
1180
3182
1182
3184
1184
3186
1186
3188
1188
3190
1190
3192
1192
3194
1194
3196
1196
3198
1198
3200
1200
3202
1202
3204
1204
3206
1206
3208
1208
3210
1210
3212
1212
3214
1214
3216
1216
3218
1218
3220
1220
3222
1222
3224
1224
3226
1226
3228
1228
3230
1230
3232
1232
3234
1234
3236
1236
3238
1238
3240
1240
3242
1242
3244
1244
3246
1246
3248
1248
3250
1250
3252
1252
3254
1254
3256
1256
3258
1258
3260
1260
3262
1262
3264
1264
3266
1266
3268
1268
3270
1270
3272
1272
3274
1274
3276
1276
3278
1278
3280
1280
3282
1282
3284
1284
3286
1286
3288
1288
3290
1290
3292
1292
3294
1294
3296
1296
3298
1298
3300
1300
3302
1302
3304
1304
3306
1306
3308
1308
3310
1310
3312
1312
3314
1314
3316
1316
3318
1318
3320
1320
3322
1322
3324
1324
3326
1326
3328
1328
3330
1330
3332
1332
3334
1334
3336
1336
3338
1338
3340
1340
3342
1342
3344
1344
3346
1346
3348
1348
3350
1350
3352
1352
3354
1354
3356
1356
3358
1358
3360
1360
3362
1362
3364
1364
3366
1366
3368
1368
3370
1370
3372
1372
3374
1374
3376
1376
3378
1378
3380
1380
3382
1382
3384
1384
3386
1386
3388
1388
3390
1390
3392
1392
3394
1394
3396
1396
3398
1398
3400
1400
3402
1402
3404
1404
3406
1406
3408
1408
3410
1410
3412
1412
3414
1414
3416
1416
3418
1418
3420
1420
3422
1422
3424
1424
3426
1426
3428
1428
3430
1430
3432
1432
3434
1434
3436
1436
3438
1438
3440
1440
3442
1442
3444
1444
3446
1446
3448
1448
3450
1450
3452
1452
3454
1454
3456
1456
3458
1458
3460
1460
3462
1462
3464
1464
3466
1466
3468
1468
3470
1470
3472
1472
3474
1474
3476
1476
3478
1478
3480
1480
3482
1482
3484
1484
3486
1486
3488
1488
3490
1490
3492
1492
3494
1494
3496
1496
3498
1498
3500
1500
3502
1502
3504
1504
3506
1506
3508
1508
3510
1510
3512
1512
3514
1514
3516
1516
3518
1518
3520
1520
3522
1522
3524
1524
3526
1526
3528
1528
3530
1530
3532
1532
3534
1534
3536
1536
3538
1538
3540
1540
3542
1542
3544
1544
3546
1546
3548
1548
3550
1550
3552
1552
3554
1554
3556
1556
3558
1558
3560
1560
3562
1562
3564
1564
3566
1566
3568
1568
3570
1570
3572
1572
3574
1574
3576
1576
3578
1578
3580
1580
3582
1582
3584
1584
3586
1586
3588
1588
3590
1590
3592
1592
3594
1594
3596
1596
3598
1598
3600
1600
3602
1602
3604
1604
3606
1606
3608
1608
3610
1610
3612
1612
3614
1614
3616
1616
3618
1618
3620
1620
3622
1622
3624
1624
3626
1626
3628
1628
3630
1630
3632
1632
3634
1634
3636
1636
3638
1638
3640
1640
3642
1642
3644
1644
3646
1646
3648
1648
3650
1650
3652
1652
3654
1654
3656
1656
3658
1658
3660
1660
3662
1662
3664
1664
3666
1666
3668
1668
3670
1670
3672
1672
3674
1674
3676
1676
3678
1678
3680
1680
3682
1682
3684
1684
3686
1686
3688
1688
3690
1690
3692
1692
3694
1694
3696
1696
3698
1698
3700
1700
3702
1702
3704
1704
3706
1706
3708
1708
3710
1710
3712
1712
3714
1714
3716
1716
3718
1718
3720
1720
3722
1722
3724
1724
3726
1726
3728
1728
3730
1730
3732
1732
3734
1734
3736
1736
3738
1738
3740
1740
3742
1742
3744
1744
3746
1746
3748
1748
3750
1750
3752
1752
3754
1754
3756
1756
3758
1758
3760
1760
3762
1762
3764
1764
3766
1766
3768
1768
3770
1770
3772
1772
3774
1774
3776
1776
3778
1778
3780
1780
3782
1782
3784
1784
3786
1786
3788
1788
3790
1790
3792
1792
3794
1794
3796
1796
3798
1798
3800
1800
3802
1802
3804
1804
3806
1806
3808
1808
3810
1810
3812
1812
3814
1814
3816
1816
3818
1818
3820
1820
3822
1822
3824
1824
3826
1826
3828
1828
3830
1830
3832
1832
3834
1834
3836
1836
3838
1838
3840
1840
3842
1842
3844
1844
3846
1846
3848
1848
3850
1850
3852
1852
3854
1854
3856
1856
3858
1858
3860
1860
3862
1862
3864
1864
3866
1866
3868
1868
3870
1870
3872
1872
3874
1874
3876
1876
3878
1878
3880
1880
3882
1882
3884
1884
3886
1886
3888
1888
3890
1890
3892
1892
3894
1894
3896
1896
3898
1898
3900
1900
3902
1902
3904
1904
3906
1906
3908
1908
3910
1910
3912
1912
3914
1914
3916
1916
3918
1918
3920
1920
3922
1922
3924
1924
3926
1926
3928
1928
3930
1930
3932
1932
3934
1934
3936
1936
3938
1938
3940
1940
3942
1942
3944
1944
3946
1946
3948
1948
3950
1950
3952
1952
3954
1954
3956
1956
3958
1958
3960
1960
3962
1962
3964
1964
3966
1966
3968
1968
3970
1970
3972
1972
3974
1974
3976
1976
3978
1978
3980
1980
3982
1982
3984
1984
3986
1986
3988
1988
3990
1990
3992
1992
3994
1994
3996
1996
3998
1998
4000
2000
