-1
251
1
253
3
255
5
257
7
259
9
261
11
263
13
265
15
267
17
269
19
271
21
273
23
275
25
277
27
279
29
281
31
283
33
285
35
287
37
289
39
291
41
293
43
295
45
297
47
299
49
301
51
303
53
305
55
307
57
309
59
311
61
313
63
315
65
317
67
319
69
321
71
323
73
325
75
327
77
329
79
331
81
333
83
335
85
337
87
339
89
341
91
343
93
345
95
347
97
349
99
351
101
353
103
355
105
357
107
359
109
361
111
363
113
365
115
367
117
369
119
371
121
373
123
375
125
377
127
379
129
381
131
383
133
385
135
387
137
389
139
391
141
393
143
395
145
397
147
399
149
401
151
403
153
405
155
407
157
409
159
411
161
413
163
415
165
417
167
419
169
421
171
423
173
425
175
427
177
429
179
431
181
433
183
435
185
437
187
439
189
441
191
443
193
445
195
447
197
449
199
451
201
453
203
455
205
457
207
459
209
461
211
463
213
465
215
467
217
469
219
471
221
473
223
475
225
477
227
479
229
481
231
483
233
485
235
487
237
489
239
491
241
493
243
495
245
497
247
499
249
252
2
254
4
256
6
258
8
260
10
262
12
264
14
266
16
268
18
270
20
272
22
274
24
276
26
278
28
280
30
282
32
284
34
286
36
288
38
290
40
292
42
294
44
296
46
298
48
300
50
302
52
304
54
306
56
308
58
310
60
312
62
314
64
316
66
318
68
320
70
322
72
324
74
326
76
328
78
330
80
332
82
334
84
336
86
338
88
340
90
342
92
344
94
346
96
348
98
350
100
352
102
354
104
356
106
358
108
360
110
362
112
364
114
366
116
368
118
370
120
372
122
374
124
376
126
378
128
380
130
382
132
384
134
386
136
388
138
390
140
392
142
394
144
396
146
398
148
400
150
402
152
404
154
406
156
408
158
410
160
412
162
414
164
416
166
418
168
420
170
422
172
424
174
426
176
428
178
430
180
432
182
434
184
436
186
438
188
440
190
442
192
444
194
446
196
448
198
450
200
452
202
454
204
456
206
458
208
460
210
462
212
464
214
466
216
468
218
470
220
472
222
474
224
476
226
478
228
480
230
482
232
484
234
486
236
488
238
490
240
492
242
494
244
496
246
498
248
500
250
