-1
2501
1
2503
3
2505
5
2507
7
2509
9
2511
11
2513
13
2515
15
2517
17
2519
19
2521
21
2523
23
2525
25
2527
27
2529
29
2531
31
2533
33
2535
35
2537
37
2539
39
2541
41
2543
43
2545
45
2547
47
2549
49
2551
51
2553
53
2555
55
2557
57
2559
59
2561
61
2563
63
2565
65
2567
67
2569
69
2571
71
2573
73
2575
75
2577
77
2579
79
2581
81
2583
83
2585
85
2587
87
2589
89
2591
91
2593
93
2595
95
2597
97
2599
99
2601
101
2603
103
2605
105
2607
107
2609
109
2611
111
2613
113
2615
115
2617
117
2619
119
2621
121
2623
123
2625
125
2627
127
2629
129
2631
131
2633
133
2635
135
2637
137
2639
139
2641
141
2643
143
2645
145
2647
147
2649
149
2651
151
2653
153
2655
155
2657
157
2659
159
2661
161
2663
163
2665
165
2667
167
2669
169
2671
171
2673
173
2675
175
2677
177
2679
179
2681
181
2683
183
2685
185
2687
187
2689
189
2691
191
2693
193
2695
195
2697
197
2699
199
2701
201
2703
203
2705
205
2707
207
2709
209
2711
211
2713
213
2715
215
2717
217
2719
219
2721
221
2723
223
2725
225
2727
227
2729
229
2731
231
2733
233
2735
235
2737
237
2739
239
2741
241
2743
243
2745
245
2747
247
2749
249
2751
251
2753
253
2755
255
2757
257
2759
259
2761
261
2763
263
2765
265
2767
267
2769
269
2771
271
2773
273
2775
275
2777
277
2779
279
2781
281
2783
283
2785
285
2787
287
2789
289
2791
291
2793
293
2795
295
2797
297
2799
299
2801
301
2803
303
2805
305
2807
307
2809
309
2811
311
2813
313
2815
315
2817
317
2819
319
2821
321
2823
323
2825
325
2827
327
2829
329
2831
331
2833
333
2835
335
2837
337
2839
339
2841
341
2843
343
2845
345
2847
347
2849
349
2851
351
2853
353
2855
355
2857
357
2859
359
2861
361
2863
363
2865
365
2867
367
2869
369
2871
371
2873
373
2875
375
2877
377
2879
379
2881
381
2883
383
2885
385
2887
387
2889
389
2891
391
2893
393
2895
395
2897
397
2899
399
2901
401
2903
403
2905
405
2907
407
2909
409
2911
411
2913
413
2915
415
2917
417
2919
419
2921
421
2923
423
2925
425
2927
427
2929
429
2931
431
2933
433
2935
435
2937
437
2939
439
2941
441
2943
443
2945
445
2947
447
2949
449
2951
451
2953
453
2955
455
2957
457
2959
459
2961
461
2963
463
2965
465
2967
467
2969
469
2971
471
2973
473
2975
475
2977
477
2979
479
2981
481
2983
483
2985
485
2987
487
2989
489
2991
491
2993
493
2995
495
2997
497
2999
499
3001
501
3003
503
3005
505
3007
507
3009
509
3011
511
3013
513
3015
515
3017
517
3019
519
3021
521
3023
523
3025
525
3027
527
3029
529
3031
531
3033
533
3035
535
3037
537
3039
539
3041
541
3043
543
3045
545
3047
547
3049
549
3051
551
3053
553
3055
555
3057
557
3059
559
3061
561
3063
563
3065
565
3067
567
3069
569
3071
571
3073
573
3075
575
3077
577
3079
579
3081
581
3083
583
3085
585
3087
587
3089
589
3091
591
3093
593
3095
595
3097
597
3099
599
3101
601
3103
603
3105
605
3107
607
3109
609
3111
611
3113
613
3115
615
3117
617
3119
619
3121
621
3123
623
3125
625
3127
627
3129
629
3131
631
3133
633
3135
635
3137
637
3139
639
3141
641
3143
643
3145
645
3147
647
3149
649
3151
651
3153
653
3155
655
3157
657
3159
659
3161
661
3163
663
3165
665
3167
667
3169
669
3171
671
3173
673
3175
675
3177
677
3179
679
3181
681
3183
683
3185
685
3187
687
3189
689
3191
691
3193
693
3195
695
3197
697
3199
699
3201
701
3203
703
3205
705
3207
707
3209
709
3211
711
3213
713
3215
715
3217
717
3219
719
3221
721
3223
723
3225
725
3227
727
3229
729
3231
731
3233
733
3235
735
3237
737
3239
739
3241
741
3243
743
3245
745
3247
747
3249
749
3251
751
3253
753
3255
755
3257
757
3259
759
3261
761
3263
763
3265
765
3267
767
3269
769
3271
771
3273
773
3275
775
3277
777
3279
779
3281
781
3283
783
3285
785
3287
787
3289
789
3291
791
3293
793
3295
795
3297
797
3299
799
3301
801
3303
803
3305
805
3307
807
3309
809
3311
811
3313
813
3315
815
3317
817
3319
819
3321
821
3323
823
3325
825
3327
827
3329
829
3331
831
3333
833
3335
835
3337
837
3339
839
3341
841
3343
843
3345
845
3347
847
3349
849
3351
851
3353
853
3355
855
3357
857
3359
859
3361
861
3363
863
3365
865
3367
867
3369
869
3371
871
3373
873
3375
875
3377
877
3379
879
3381
881
3383
883
3385
885
3387
887
3389
889
3391
891
3393
893
3395
895
3397
897
3399
899
3401
901
3403
903
3405
905
3407
907
3409
909
3411
911
3413
913
3415
915
3417
917
3419
919
3421
921
3423
923
3425
925
3427
927
3429
929
3431
931
3433
933
3435
935
3437
937
3439
939
3441
941
3443
943
3445
945
3447
947
3449
949
3451
951
3453
953
3455
955
3457
957
3459
959
3461
961
3463
963
3465
965
3467
967
3469
969
3471
971
3473
973
3475
975
3477
977
3479
979
3481
981
3483
983
3485
985
3487
987
3489
989
3491
991
3493
993
3495
995
3497
997
3499
999
3501
1001
3503
1003
3505
1005
3507
1007
3509
1009
3511
1011
3513
1013
3515
1015
3517
1017
3519
1019
3521
1021
3523
1023
3525
1025
3527
1027
3529
1029
3531
1031
3533
1033
3535
1035
3537
1037
3539
1039
3541
1041
3543
1043
3545
1045
3547
1047
3549
1049
3551
1051
3553
1053
3555
1055
3557
1057
3559
1059
3561
1061
3563
1063
3565
1065
3567
1067
3569
1069
3571
1071
3573
1073
3575
1075
3577
1077
3579
1079
3581
1081
3583
1083
3585
1085
3587
1087
3589
1089
3591
1091
3593
1093
3595
1095
3597
1097
3599
1099
3601
1101
3603
1103
3605
1105
3607
1107
3609
1109
3611
1111
3613
1113
3615
1115
3617
1117
3619
1119
3621
1121
3623
1123
3625
1125
3627
1127
3629
1129
3631
1131
3633
1133
3635
1135
3637
1137
3639
1139
3641
1141
3643
1143
3645
1145
3647
1147
3649
1149
3651
1151
3653
1153
3655
1155
3657
1157
3659
1159
3661
1161
3663
1163
3665
1165
3667
1167
3669
1169
3671
1171
3673
1173
3675
1175
3677
1177
3679
1179
3681
1181
3683
1183
3685
1185
3687
1187
3689
1189
3691
1191
3693
1193
3695
1195
3697
1197
3699
1199
3701
1201
3703
1203
3705
1205
3707
1207
3709
1209
3711
1211
3713
1213
3715
1215
3717
1217
3719
1219
3721
1221
3723
1223
3725
1225
3727
1227
3729
1229
3731
1231
3733
1233
3735
1235
3737
1237
3739
1239
3741
1241
3743
1243
3745
1245
3747
1247
3749
1249
3751
1251
3753
1253
3755
1255
3757
1257
3759
1259
3761
1261
3763
1263
3765
1265
3767
1267
3769
1269
3771
1271
3773
1273
3775
1275
3777
1277
3779
1279
3781
1281
3783
1283
3785
1285
3787
1287
3789
1289
3791
1291
3793
1293
3795
1295
3797
1297
3799
1299
3801
1301
3803
1303
3805
1305
3807
1307
3809
1309
3811
1311
3813
1313
3815
1315
3817
1317
3819
1319
3821
1321
3823
1323
3825
1325
3827
1327
3829
1329
3831
1331
3833
1333
3835
1335
3837
1337
3839
1339
3841
1341
3843
1343
3845
1345
3847
1347
3849
1349
3851
1351
3853
1353
3855
1355
3857
1357
3859
1359
3861
1361
3863
1363
3865
1365
3867
1367
3869
1369
3871
1371
3873
1373
3875
1375
3877
1377
3879
1379
3881
1381
3883
1383
3885
1385
3887
1387
3889
1389
3891
1391
3893
1393
3895
1395
3897
1397
3899
1399
3901
1401
3903
1403
3905
1405
3907
1407
3909
1409
3911
1411
3913
1413
3915
1415
3917
1417
3919
1419
3921
1421
3923
1423
3925
1425
3927
1427
3929
1429
3931
1431
3933
1433
3935
1435
3937
1437
3939
1439
3941
1441
3943
1443
3945
1445
3947
1447
3949
1449
3951
1451
3953
1453
3955
1455
3957
1457
3959
1459
3961
1461
3963
1463
3965
1465
3967
1467
3969
1469
3971
1471
3973
1473
3975
1475
3977
1477
3979
1479
3981
1481
3983
1483
3985
1485
3987
1487
3989
1489
3991
1491
3993
1493
3995
1495
3997
1497
3999
1499
4001
1501
4003
1503
4005
1505
4007
1507
4009
1509
4011
1511
4013
1513
4015
1515
4017
1517
4019
1519
4021
1521
4023
1523
4025
1525
4027
1527
4029
1529
4031
1531
4033
1533
4035
1535
4037
1537
4039
1539
4041
1541
4043
1543
4045
1545
4047
1547
4049
1549
4051
1551
4053
1553
4055
1555
4057
1557
4059
1559
4061
1561
4063
1563
4065
1565
4067
1567
4069
1569
4071
1571
4073
1573
4075
1575
4077
1577
4079
1579
4081
1581
4083
1583
4085
1585
4087
1587
4089
1589
4091
1591
4093
1593
4095
1595
4097
1597
4099
1599
4101
1601
4103
1603
4105
1605
4107
1607
4109
1609
4111
1611
4113
1613
4115
1615
4117
1617
4119
1619
4121
1621
4123
1623
4125
1625
4127
1627
4129
1629
4131
1631
4133
1633
4135
1635
4137
1637
4139
1639
4141
1641
4143
1643
4145
1645
4147
1647
4149
1649
4151
1651
4153
1653
4155
1655
4157
1657
4159
1659
4161
1661
4163
1663
4165
1665
4167
1667
4169
1669
4171
1671
4173
1673
4175
1675
4177
1677
4179
1679
4181
1681
4183
1683
4185
1685
4187
1687
4189
1689
4191
1691
4193
1693
4195
1695
4197
1697
4199
1699
4201
1701
4203
1703
4205
1705
4207
1707
4209
1709
4211
1711
4213
1713
4215
1715
4217
1717
4219
1719
4221
1721
4223
1723
4225
1725
4227
1727
4229
1729
4231
1731
4233
1733
4235
1735
4237
1737
4239
1739
4241
1741
4243
1743
4245
1745
4247
1747
4249
1749
4251
1751
4253
1753
4255
1755
4257
1757
4259
1759
4261
1761
4263
1763
4265
1765
4267
1767
4269
1769
4271
1771
4273
1773
4275
1775
4277
1777
4279
1779
4281
1781
4283
1783
4285
1785
4287
1787
4289
1789
4291
1791
4293
1793
4295
1795
4297
1797
4299
1799
4301
1801
4303
1803
4305
1805
4307
1807
4309
1809
4311
1811
4313
1813
4315
1815
4317
1817
4319
1819
4321
1821
4323
1823
4325
1825
4327
1827
4329
1829
4331
1831
4333
1833
4335
1835
4337
1837
4339
1839
4341
1841
4343
1843
4345
1845
4347
1847
4349
1849
4351
1851
4353
1853
4355
1855
4357
1857
4359
1859
4361
1861
4363
1863
4365
1865
4367
1867
4369
1869
4371
1871
4373
1873
4375
1875
4377
1877
4379
1879
4381
1881
4383
1883
4385
1885
4387
1887
4389
1889
4391
1891
4393
1893
4395
1895
4397
1897
4399
1899
4401
1901
4403
1903
4405
1905
4407
1907
4409
1909
4411
1911
4413
1913
4415
1915
4417
1917
4419
1919
4421
1921
4423
1923
4425
1925
4427
1927
4429
1929
4431
1931
4433
1933
4435
1935
4437
1937
4439
1939
4441
1941
4443
1943
4445
1945
4447
1947
4449
1949
4451
1951
4453
1953
4455
1955
4457
1957
4459
1959
4461
1961
4463
1963
4465
1965
4467
1967
4469
1969
4471
1971
4473
1973
4475
1975
4477
1977
4479
1979
4481
1981
4483
1983
4485
1985
4487
1987
4489
1989
4491
1991
4493
1993
4495
1995
4497
1997
4499
1999
4501
2001
4503
2003
4505
2005
4507
2007
4509
2009
4511
2011
4513
2013
4515
2015
4517
2017
4519
2019
4521
2021
4523
2023
4525
2025
4527
2027
4529
2029
4531
2031
4533
2033
4535
2035
4537
2037
4539
2039
4541
2041
4543
2043
4545
2045
4547
2047
4549
2049
4551
2051
4553
2053
4555
2055
4557
2057
4559
2059
4561
2061
4563
2063
4565
2065
4567
2067
4569
2069
4571
2071
4573
2073
4575
2075
4577
2077
4579
2079
4581
2081
4583
2083
4585
2085
4587
2087
4589
2089
4591
2091
4593
2093
4595
2095
4597
2097
4599
2099
4601
2101
4603
2103
4605
2105
4607
2107
4609
2109
4611
2111
4613
2113
4615
2115
4617
2117
4619
2119
4621
2121
4623
2123
4625
2125
4627
2127
4629
2129
4631
2131
4633
2133
4635
2135
4637
2137
4639
2139
4641
2141
4643
2143
4645
2145
4647
2147
4649
2149
4651
2151
4653
2153
4655
2155
4657
2157
4659
2159
4661
2161
4663
2163
4665
2165
4667
2167
4669
2169
4671
2171
4673
2173
4675
2175
4677
2177
4679
2179
4681
2181
4683
2183
4685
2185
4687
2187
4689
2189
4691
2191
4693
2193
4695
2195
4697
2197
4699
2199
4701
2201
4703
2203
4705
2205
4707
2207
4709
2209
4711
2211
4713
2213
4715
2215
4717
2217
4719
2219
4721
2221
4723
2223
4725
2225
4727
2227
4729
2229
4731
2231
4733
2233
4735
2235
4737
2237
4739
2239
4741
2241
4743
2243
4745
2245
4747
2247
4749
2249
4751
2251
4753
2253
4755
2255
4757
2257
4759
2259
4761
2261
4763
2263
4765
2265
4767
2267
4769
2269
4771
2271
4773
2273
4775
2275
4777
2277
4779
2279
4781
2281
4783
2283
4785
2285
4787
2287
4789
2289
4791
2291
4793
2293
4795
2295
4797
2297
4799
2299
4801
2301
4803
2303
4805
2305
4807
2307
4809
2309
4811
2311
4813
2313
4815
2315
4817
2317
4819
2319
4821
2321
4823
2323
4825
2325
4827
2327
4829
2329
4831
2331
4833
2333
4835
2335
4837
2337
4839
2339
4841
2341
4843
2343
4845
2345
4847
2347
4849
2349
4851
2351
4853
2353
4855
2355
4857
2357
4859
2359
4861
2361
4863
2363
4865
2365
4867
2367
4869
2369
4871
2371
4873
2373
4875
2375
4877
2377
4879
2379
4881
2381
4883
2383
4885
2385
4887
2387
4889
2389
4891
2391
4893
2393
4895
2395
4897
2397
4899
2399
4901
2401
4903
2403
4905
2405
4907
2407
4909
2409
4911
2411
4913
2413
4915
2415
4917
2417
4919
2419
4921
2421
4923
2423
4925
2425
4927
2427
4929
2429
4931
2431
4933
2433
4935
2435
4937
2437
4939
2439
4941
2441
4943
2443
4945
2445
4947
2447
4949
2449
4951
2451
4953
2453
4955
2455
4957
2457
4959
2459
4961
2461
4963
2463
4965
2465
4967
2467
4969
2469
4971
2471
4973
2473
4975
2475
4977
2477
4979
2479
4981
2481
4983
2483
4985
2485
4987
2487
4989
2489
4991
2491
4993
2493
4995
2495
4997
2497
4999
2499
2502
2
2504
4
2506
6
2508
8
2510
10
2512
12
2514
14
2516
16
2518
18
2520
20
2522
22
2524
24
2526
26
2528
28
2530
30
2532
32
2534
34
2536
36
2538
38
2540
40
2542
42
2544
44
2546
46
2548
48
2550
50
2552
52
2554
54
2556
56
2558
58
2560
60
2562
62
2564
64
2566
66
2568
68
2570
70
2572
72
2574
74
2576
76
2578
78
2580
80
2582
82
2584
84
2586
86
2588
88
2590
90
2592
92
2594
94
2596
96
2598
98
2600
100
2602
102
2604
104
2606
106
2608
108
2610
110
2612
112
2614
114
2616
116
2618
118
2620
120
2622
122
2624
124
2626
126
2628
128
2630
130
2632
132
2634
134
2636
136
2638
138
2640
140
2642
142
2644
144
2646
146
2648
148
2650
150
2652
152
2654
154
2656
156
2658
158
2660
160
2662
162
2664
164
2666
166
2668
168
2670
170
2672
172
2674
174
2676
176
2678
178
2680
180
2682
182
2684
184
2686
186
2688
188
2690
190
2692
192
2694
194
2696
196
2698
198
2700
200
2702
202
2704
204
2706
206
2708
208
2710
210
2712
212
2714
214
2716
216
2718
218
2720
220
2722
222
2724
224
2726
226
2728
228
2730
230
2732
232
2734
234
2736
236
2738
238
2740
240
2742
242
2744
244
2746
246
2748
248
2750
250
2752
252
2754
254
2756
256
2758
258
2760
260
2762
262
2764
264
2766
266
2768
268
2770
270
2772
272
2774
274
2776
276
2778
278
2780
280
2782
282
2784
284
2786
286
2788
288
2790
290
2792
292
2794
294
2796
296
2798
298
2800
300
2802
302
2804
304
2806
306
2808
308
2810
310
2812
312
2814
314
2816
316
2818
318
2820
320
2822
322
2824
324
2826
326
2828
328
2830
330
2832
332
2834
334
2836
336
2838
338
2840
340
2842
342
2844
344
2846
346
2848
348
2850
350
2852
352
2854
354
2856
356
2858
358
2860
360
2862
362
2864
364
2866
366
2868
368
2870
370
2872
372
2874
374
2876
376
2878
378
2880
380
2882
382
2884
384
2886
386
2888
388
2890
390
2892
392
2894
394
2896
396
2898
398
2900
400
2902
402
2904
404
2906
406
2908
408
2910
410
2912
412
2914
414
2916
416
2918
418
2920
420
2922
422
2924
424
2926
426
2928
428
2930
430
2932
432
2934
434
2936
436
2938
438
2940
440
2942
442
2944
444
2946
446
2948
448
2950
450
2952
452
2954
454
2956
456
2958
458
2960
460
2962
462
2964
464
2966
466
2968
468
2970
470
2972
472
2974
474
2976
476
2978
478
2980
480
2982
482
2984
484
2986
486
2988
488
2990
490
2992
492
2994
494
2996
496
2998
498
3000
500
3002
502
3004
504
3006
506
3008
508
3010
510
3012
512
3014
514
3016
516
3018
518
3020
520
3022
522
3024
524
3026
526
3028
528
3030
530
3032
532
3034
534
3036
536
3038
538
3040
540
3042
542
3044
544
3046
546
3048
548
3050
550
3052
552
3054
554
3056
556
3058
558
3060
560
3062
562
3064
564
3066
566
3068
568
3070
570
3072
572
3074
574
3076
576
3078
578
3080
580
3082
582
3084
584
3086
586
3088
588
3090
590
3092
592
3094
594
3096
596
3098
598
3100
600
3102
602
3104
604
3106
606
3108
608
3110
610
3112
612
3114
614
3116
616
3118
618
3120
620
3122
622
3124
624
3126
626
3128
628
3130
630
3132
632
3134
634
3136
636
3138
638
3140
640
3142
642
3144
644
3146
646
3148
648
3150
650
3152
652
3154
654
3156
656
3158
658
3160
660
3162
662
3164
664
3166
666
3168
668
3170
670
3172
672
3174
674
3176
676
3178
678
3180
680
3182
682
3184
684
3186
686
3188
688
3190
690
3192
692
3194
694
3196
696
3198
698
3200
700
3202
702
3204
704
3206
706
3208
708
3210
710
3212
712
3214
714
3216
716
3218
718
3220
720
3222
722
3224
724
3226
726
3228
728
3230
730
3232
732
3234
734
3236
736
3238
738
3240
740
3242
742
3244
744
3246
746
3248
748
3250
750
3252
752
3254
754
3256
756
3258
758
3260
760
3262
762
3264
764
3266
766
3268
768
3270
770
3272
772
3274
774
3276
776
3278
778
3280
780
3282
782
3284
784
3286
786
3288
788
3290
790
3292
792
3294
794
3296
796
3298
798
3300
800
3302
802
3304
804
3306
806
3308
808
3310
810
3312
812
3314
814
3316
816
3318
818
3320
820
3322
822
3324
824
3326
826
3328
828
3330
830
3332
832
3334
834
3336
836
3338
838
3340
840
3342
842
3344
844
3346
846
3348
848
3350
850
3352
852
3354
854
3356
856
3358
858
3360
860
3362
862
3364
864
3366
866
3368
868
3370
870
3372
872
3374
874
3376
876
3378
878
3380
880
3382
882
3384
884
3386
886
3388
888
3390
890
3392
892
3394
894
3396
896
3398
898
3400
900
3402
902
3404
904
3406
906
3408
908
3410
910
3412
912
3414
914
3416
916
3418
918
3420
920
3422
922
3424
924
3426
926
3428
928
3430
930
3432
932
3434
934
3436
936
3438
938
3440
940
3442
942
3444
944
3446
946
3448
948
3450
950
3452
952
3454
954
3456
956
3458
958
3460
960
3462
962
3464
964
3466
966
3468
968
3470
970
3472
972
3474
974
3476
976
3478
978
3480
980
3482
982
3484
984
3486
986
3488
988
3490
990
3492
992
3494
994
3496
996
3498
998
3500
1000
3502
1002
3504
1004
3506
1006
3508
1008
3510
1010
3512
1012
3514
1014
3516
1016
3518
1018
3520
1020
3522
1022
3524
1024
3526
1026
3528
1028
3530
1030
3532
1032
3534
1034
3536
1036
3538
1038
3540
1040
3542
1042
3544
1044
3546
1046
3548
1048
3550
1050
3552
1052
3554
1054
3556
1056
3558
1058
3560
1060
3562
1062
3564
1064
3566
1066
3568
1068
3570
1070
3572
1072
3574
1074
3576
1076
3578
1078
3580
1080
3582
1082
3584
1084
3586
1086
3588
1088
3590
1090
3592
1092
3594
1094
3596
1096
3598
1098
3600
1100
3602
1102
3604
1104
3606
1106
3608
1108
3610
1110
3612
1112
3614
1114
3616
1116
3618
1118
3620
1120
3622
1122
3624
1124
3626
1126
3628
1128
3630
1130
3632
1132
3634
1134
3636
1136
3638
1138
3640
1140
3642
1142
3644
1144
3646
1146
3648
1148
3650
1150
3652
1152
3654
1154
3656
1156
3658
1158
3660
1160
3662
1162
3664
1164
3666
1166
3668
1168
3670
1170
3672
1172
3674
1174
3676
1176
3678
1178
3680
1180
3682
1182
3684
1184
3686
1186
3688
1188
3690
1190
3692
1192
3694
1194
3696
1196
3698
1198
3700
1200
3702
1202
3704
1204
3706
1206
3708
1208
3710
1210
3712
1212
3714
1214
3716
1216
3718
1218
3720
1220
3722
1222
3724
1224
3726
1226
3728
1228
3730
1230
3732
1232
3734
1234
3736
1236
3738
1238
3740
1240
3742
1242
3744
1244
3746
1246
3748
1248
3750
1250
3752
1252
3754
1254
3756
1256
3758
1258
3760
1260
3762
1262
3764
1264
3766
1266
3768
1268
3770
1270
3772
1272
3774
1274
3776
1276
3778
1278
3780
1280
3782
1282
3784
1284
3786
1286
3788
1288
3790
1290
3792
1292
3794
1294
3796
1296
3798
1298
3800
1300
3802
1302
3804
1304
3806
1306
3808
1308
3810
1310
3812
1312
3814
1314
3816
1316
3818
1318
3820
1320
3822
1322
3824
1324
3826
1326
3828
1328
3830
1330
3832
1332
3834
1334
3836
1336
3838
1338
3840
1340
3842
1342
3844
1344
3846
1346
3848
1348
3850
1350
3852
1352
3854
1354
3856
1356
3858
1358
3860
1360
3862
1362
3864
1364
3866
1366
3868
1368
3870
1370
3872
1372
3874
1374
3876
1376
3878
1378
3880
1380
3882
1382
3884
1384
3886
1386
3888
1388
3890
1390
3892
1392
3894
1394
3896
1396
3898
1398
3900
1400
3902
1402
3904
1404
3906
1406
3908
1408
3910
1410
3912
1412
3914
1414
3916
1416
3918
1418
3920
1420
3922
1422
3924
1424
3926
1426
3928
1428
3930
1430
3932
1432
3934
1434
3936
1436
3938
1438
3940
1440
3942
1442
3944
1444
3946
1446
3948
1448
3950
1450
3952
1452
3954
1454
3956
1456
3958
1458
3960
1460
3962
1462
3964
1464
3966
1466
3968
1468
3970
1470
3972
1472
3974
1474
3976
1476
3978
1478
3980
1480
3982
1482
3984
1484
3986
1486
3988
1488
3990
1490
3992
1492
3994
1494
3996
1496
3998
1498
4000
1500
4002
1502
4004
1504
4006
1506
4008
1508
4010
1510
4012
1512
4014
1514
4016
1516
4018
1518
4020
1520
4022
1522
4024
1524
4026
1526
4028
1528
4030
1530
4032
1532
4034
1534
4036
1536
4038
1538
4040
1540
4042
1542
4044
1544
4046
1546
4048
1548
4050
1550
4052
1552
4054
1554
4056
1556
4058
1558
4060
1560
4062
1562
4064
1564
4066
1566
4068
1568
4070
1570
4072
1572
4074
1574
4076
1576
4078
1578
4080
1580
4082
1582
4084
1584
4086
1586
4088
1588
4090
1590
4092
1592
4094
1594
4096
1596
4098
1598
4100
1600
4102
1602
4104
1604
4106
1606
4108
1608
4110
1610
4112
1612
4114
1614
4116
1616
4118
1618
4120
1620
4122
1622
4124
1624
4126
1626
4128
1628
4130
1630
4132
1632
4134
1634
4136
1636
4138
1638
4140
1640
4142
1642
4144
1644
4146
1646
4148
1648
4150
1650
4152
1652
4154
1654
4156
1656
4158
1658
4160
1660
4162
1662
4164
1664
4166
1666
4168
1668
4170
1670
4172
1672
4174
1674
4176
1676
4178
1678
4180
1680
4182
1682
4184
1684
4186
1686
4188
1688
4190
1690
4192
1692
4194
1694
4196
1696
4198
1698
4200
1700
4202
1702
4204
1704
4206
1706
4208
1708
4210
1710
4212
1712
4214
1714
4216
1716
4218
1718
4220
1720
4222
1722
4224
1724
4226
1726
4228
1728
4230
1730
4232
1732
4234
1734
4236
1736
4238
1738
4240
1740
4242
1742
4244
1744
4246
1746
4248
1748
4250
1750
4252
1752
4254
1754
4256
1756
4258
1758
4260
1760
4262
1762
4264
1764
4266
1766
4268
1768
4270
1770
4272
1772
4274
1774
4276
1776
4278
1778
4280
1780
4282
1782
4284
1784
4286
1786
4288
1788
4290
1790
4292
1792
4294
1794
4296
1796
4298
1798
4300
1800
4302
1802
4304
1804
4306
1806
4308
1808
4310
1810
4312
1812
4314
1814
4316
1816
4318
1818
4320
1820
4322
1822
4324
1824
4326
1826
4328
1828
4330
1830
4332
1832
4334
1834
4336
1836
4338
1838
4340
1840
4342
1842
4344
1844
4346
1846
4348
1848
4350
1850
4352
1852
4354
1854
4356
1856
4358
1858
4360
1860
4362
1862
4364
1864
4366
1866
4368
1868
4370
1870
4372
1872
4374
1874
4376
1876
4378
1878
4380
1880
4382
1882
4384
1884
4386
1886
4388
1888
4390
1890
4392
1892
4394
1894
4396
1896
4398
1898
4400
1900
4402
1902
4404
1904
4406
1906
4408
1908
4410
1910
4412
1912
4414
1914
4416
1916
4418
1918
4420
1920
4422
1922
4424
1924
4426
1926
4428
1928
4430
1930
4432
1932
4434
1934
4436
1936
4438
1938
4440
1940
4442
1942
4444
1944
4446
1946
4448
1948
4450
1950
4452
1952
4454
1954
4456
1956
4458
1958
4460
1960
4462
1962
4464
1964
4466
1966
4468
1968
4470
1970
4472
1972
4474
1974
4476
1976
4478
1978
4480
1980
4482
1982
4484
1984
4486
1986
4488
1988
4490
1990
4492
1992
4494
1994
4496
1996
4498
1998
4500
2000
4502
2002
4504
2004
4506
2006
4508
2008
4510
2010
4512
2012
4514
2014
4516
2016
4518
2018
4520
2020
4522
2022
4524
2024
4526
2026
4528
2028
4530
2030
4532
2032
4534
2034
4536
2036
4538
2038
4540
2040
4542
2042
4544
2044
4546
2046
4548
2048
4550
2050
4552
2052
4554
2054
4556
2056
4558
2058
4560
2060
4562
2062
4564
2064
4566
2066
4568
2068
4570
2070
4572
2072
4574
2074
4576
2076
4578
2078
4580
2080
4582
2082
4584
2084
4586
2086
4588
2088
4590
2090
4592
2092
4594
2094
4596
2096
4598
2098
4600
2100
4602
2102
4604
2104
4606
2106
4608
2108
4610
2110
4612
2112
4614
2114
4616
2116
4618
2118
4620
2120
4622
2122
4624
2124
4626
2126
4628
2128
4630
2130
4632
2132
4634
2134
4636
2136
4638
2138
4640
2140
4642
2142
4644
2144
4646
2146
4648
2148
4650
2150
4652
2152
4654
2154
4656
2156
4658
2158
4660
2160
4662
2162
4664
2164
4666
2166
4668
2168
4670
2170
4672
2172
4674
2174
4676
2176
4678
2178
4680
2180
4682
2182
4684
2184
4686
2186
4688
2188
4690
2190
4692
2192
4694
2194
4696
2196
4698
2198
4700
2200
4702
2202
4704
2204
4706
2206
4708
2208
4710
2210
4712
2212
4714
2214
4716
2216
4718
2218
4720
2220
4722
2222
4724
2224
4726
2226
4728
2228
4730
2230
4732
2232
4734
2234
4736
2236
4738
2238
4740
2240
4742
2242
4744
2244
4746
2246
4748
2248
4750
2250
4752
2252
4754
2254
4756
2256
4758
2258
4760
2260
4762
2262
4764
2264
4766
2266
4768
2268
4770
2270
4772
2272
4774
2274
4776
2276
4778
2278
4780
2280
4782
2282
4784
2284
4786
2286
4788
2288
4790
2290
4792
2292
4794
2294
4796
2296
4798
2298
4800
2300
4802
2302
4804
2304
4806
2306
4808
2308
4810
2310
4812
2312
4814
2314
4816
2316
4818
2318
4820
2320
4822
2322
4824
2324
4826
2326
4828
2328
4830
2330
4832
2332
4834
2334
4836
2336
4838
2338
4840
2340
4842
2342
4844
2344
4846
2346
4848
2348
4850
2350
4852
2352
4854
2354
4856
2356
4858
2358
4860
2360
4862
2362
4864
2364
4866
2366
4868
2368
4870
2370
4872
2372
4874
2374
4876
2376
4878
2378
4880
2380
4882
2382
4884
2384
4886
2386
4888
2388
4890
2390
4892
2392
4894
2394
4896
2396
4898
2398
4900
2400
4902
2402
4904
2404
4906
2406
4908
2408
4910
2410
4912
2412
4914
2414
4916
2416
4918
2418
4920
2420
4922
2422
4924
2424
4926
2426
4928
2428
4930
2430
4932
2432
4934
2434
4936
2436
4938
2438
4940
2440
4942
2442
4944
2444
4946
2446
4948
2448
4950
2450
4952
2452
4954
2454
4956
2456
4958
2458
4960
2460
4962
2462
4964
2464
4966
2466
4968
2468
4970
2470
4972
2472
4974
2474
4976
2476
4978
2478
4980
2480
4982
2482
4984
2484
4986
2486
4988
2488
4990
2490
4992
2492
4994
2494
4996
2496
4998
2498
5000
2500
