-1
3001
1
3003
3
3005
5
3007
7
3009
9
3011
11
3013
13
3015
15
3017
17
3019
19
3021
21
3023
23
3025
25
3027
27
3029
29
3031
31
3033
33
3035
35
3037
37
3039
39
3041
41
3043
43
3045
45
3047
47
3049
49
3051
51
3053
53
3055
55
3057
57
3059
59
3061
61
3063
63
3065
65
3067
67
3069
69
3071
71
3073
73
3075
75
3077
77
3079
79
3081
81
3083
83
3085
85
3087
87
3089
89
3091
91
3093
93
3095
95
3097
97
3099
99
3101
101
3103
103
3105
105
3107
107
3109
109
3111
111
3113
113
3115
115
3117
117
3119
119
3121
121
3123
123
3125
125
3127
127
3129
129
3131
131
3133
133
3135
135
3137
137
3139
139
3141
141
3143
143
3145
145
3147
147
3149
149
3151
151
3153
153
3155
155
3157
157
3159
159
3161
161
3163
163
3165
165
3167
167
3169
169
3171
171
3173
173
3175
175
3177
177
3179
179
3181
181
3183
183
3185
185
3187
187
3189
189
3191
191
3193
193
3195
195
3197
197
3199
199
3201
201
3203
203
3205
205
3207
207
3209
209
3211
211
3213
213
3215
215
3217
217
3219
219
3221
221
3223
223
3225
225
3227
227
3229
229
3231
231
3233
233
3235
235
3237
237
3239
239
3241
241
3243
243
3245
245
3247
247
3249
249
3251
251
3253
253
3255
255
3257
257
3259
259
3261
261
3263
263
3265
265
3267
267
3269
269
3271
271
3273
273
3275
275
3277
277
3279
279
3281
281
3283
283
3285
285
3287
287
3289
289
3291
291
3293
293
3295
295
3297
297
3299
299
3301
301
3303
303
3305
305
3307
307
3309
309
3311
311
3313
313
3315
315
3317
317
3319
319
3321
321
3323
323
3325
325
3327
327
3329
329
3331
331
3333
333
3335
335
3337
337
3339
339
3341
341
3343
343
3345
345
3347
347
3349
349
3351
351
3353
353
3355
355
3357
357
3359
359
3361
361
3363
363
3365
365
3367
367
3369
369
3371
371
3373
373
3375
375
3377
377
3379
379
3381
381
3383
383
3385
385
3387
387
3389
389
3391
391
3393
393
3395
395
3397
397
3399
399
3401
401
3403
403
3405
405
3407
407
3409
409
3411
411
3413
413
3415
415
3417
417
3419
419
3421
421
3423
423
3425
425
3427
427
3429
429
3431
431
3433
433
3435
435
3437
437
3439
439
3441
441
3443
443
3445
445
3447
447
3449
449
3451
451
3453
453
3455
455
3457
457
3459
459
3461
461
3463
463
3465
465
3467
467
3469
469
3471
471
3473
473
3475
475
3477
477
3479
479
3481
481
3483
483
3485
485
3487
487
3489
489
3491
491
3493
493
3495
495
3497
497
3499
499
3501
501
3503
503
3505
505
3507
507
3509
509
3511
511
3513
513
3515
515
3517
517
3519
519
3521
521
3523
523
3525
525
3527
527
3529
529
3531
531
3533
533
3535
535
3537
537
3539
539
3541
541
3543
543
3545
545
3547
547
3549
549
3551
551
3553
553
3555
555
3557
557
3559
559
3561
561
3563
563
3565
565
3567
567
3569
569
3571
571
3573
573
3575
575
3577
577
3579
579
3581
581
3583
583
3585
585
3587
587
3589
589
3591
591
3593
593
3595
595
3597
597
3599
599
3601
601
3603
603
3605
605
3607
607
3609
609
3611
611
3613
613
3615
615
3617
617
3619
619
3621
621
3623
623
3625
625
3627
627
3629
629
3631
631
3633
633
3635
635
3637
637
3639
639
3641
641
3643
643
3645
645
3647
647
3649
649
3651
651
3653
653
3655
655
3657
657
3659
659
3661
661
3663
663
3665
665
3667
667
3669
669
3671
671
3673
673
3675
675
3677
677
3679
679
3681
681
3683
683
3685
685
3687
687
3689
689
3691
691
3693
693
3695
695
3697
697
3699
699
3701
701
3703
703
3705
705
3707
707
3709
709
3711
711
3713
713
3715
715
3717
717
3719
719
3721
721
3723
723
3725
725
3727
727
3729
729
3731
731
3733
733
3735
735
3737
737
3739
739
3741
741
3743
743
3745
745
3747
747
3749
749
3751
751
3753
753
3755
755
3757
757
3759
759
3761
761
3763
763
3765
765
3767
767
3769
769
3771
771
3773
773
3775
775
3777
777
3779
779
3781
781
3783
783
3785
785
3787
787
3789
789
3791
791
3793
793
3795
795
3797
797
3799
799
3801
801
3803
803
3805
805
3807
807
3809
809
3811
811
3813
813
3815
815
3817
817
3819
819
3821
821
3823
823
3825
825
3827
827
3829
829
3831
831
3833
833
3835
835
3837
837
3839
839
3841
841
3843
843
3845
845
3847
847
3849
849
3851
851
3853
853
3855
855
3857
857
3859
859
3861
861
3863
863
3865
865
3867
867
3869
869
3871
871
3873
873
3875
875
3877
877
3879
879
3881
881
3883
883
3885
885
3887
887
3889
889
3891
891
3893
893
3895
895
3897
897
3899
899
3901
901
3903
903
3905
905
3907
907
3909
909
3911
911
3913
913
3915
915
3917
917
3919
919
3921
921
3923
923
3925
925
3927
927
3929
929
3931
931
3933
933
3935
935
3937
937
3939
939
3941
941
3943
943
3945
945
3947
947
3949
949
3951
951
3953
953
3955
955
3957
957
3959
959
3961
961
3963
963
3965
965
3967
967
3969
969
3971
971
3973
973
3975
975
3977
977
3979
979
3981
981
3983
983
3985
985
3987
987
3989
989
3991
991
3993
993
3995
995
3997
997
3999
999
4001
1001
4003
1003
4005
1005
4007
1007
4009
1009
4011
1011
4013
1013
4015
1015
4017
1017
4019
1019
4021
1021
4023
1023
4025
1025
4027
1027
4029
1029
4031
1031
4033
1033
4035
1035
4037
1037
4039
1039
4041
1041
4043
1043
4045
1045
4047
1047
4049
1049
4051
1051
4053
1053
4055
1055
4057
1057
4059
1059
4061
1061
4063
1063
4065
1065
4067
1067
4069
1069
4071
1071
4073
1073
4075
1075
4077
1077
4079
1079
4081
1081
4083
1083
4085
1085
4087
1087
4089
1089
4091
1091
4093
1093
4095
1095
4097
1097
4099
1099
4101
1101
4103
1103
4105
1105
4107
1107
4109
1109
4111
1111
4113
1113
4115
1115
4117
1117
4119
1119
4121
1121
4123
1123
4125
1125
4127
1127
4129
1129
4131
1131
4133
1133
4135
1135
4137
1137
4139
1139
4141
1141
4143
1143
4145
1145
4147
1147
4149
1149
4151
1151
4153
1153
4155
1155
4157
1157
4159
1159
4161
1161
4163
1163
4165
1165
4167
1167
4169
1169
4171
1171
4173
1173
4175
1175
4177
1177
4179
1179
4181
1181
4183
1183
4185
1185
4187
1187
4189
1189
4191
1191
4193
1193
4195
1195
4197
1197
4199
1199
4201
1201
4203
1203
4205
1205
4207
1207
4209
1209
4211
1211
4213
1213
4215
1215
4217
1217
4219
1219
4221
1221
4223
1223
4225
1225
4227
1227
4229
1229
4231
1231
4233
1233
4235
1235
4237
1237
4239
1239
4241
1241
4243
1243
4245
1245
4247
1247
4249
1249
4251
1251
4253
1253
4255
1255
4257
1257
4259
1259
4261
1261
4263
1263
4265
1265
4267
1267
4269
1269
4271
1271
4273
1273
4275
1275
4277
1277
4279
1279
4281
1281
4283
1283
4285
1285
4287
1287
4289
1289
4291
1291
4293
1293
4295
1295
4297
1297
4299
1299
4301
1301
4303
1303
4305
1305
4307
1307
4309
1309
4311
1311
4313
1313
4315
1315
4317
1317
4319
1319
4321
1321
4323
1323
4325
1325
4327
1327
4329
1329
4331
1331
4333
1333
4335
1335
4337
1337
4339
1339
4341
1341
4343
1343
4345
1345
4347
1347
4349
1349
4351
1351
4353
1353
4355
1355
4357
1357
4359
1359
4361
1361
4363
1363
4365
1365
4367
1367
4369
1369
4371
1371
4373
1373
4375
1375
4377
1377
4379
1379
4381
1381
4383
1383
4385
1385
4387
1387
4389
1389
4391
1391
4393
1393
4395
1395
4397
1397
4399
1399
4401
1401
4403
1403
4405
1405
4407
1407
4409
1409
4411
1411
4413
1413
4415
1415
4417
1417
4419
1419
4421
1421
4423
1423
4425
1425
4427
1427
4429
1429
4431
1431
4433
1433
4435
1435
4437
1437
4439
1439
4441
1441
4443
1443
4445
1445
4447
1447
4449
1449
4451
1451
4453
1453
4455
1455
4457
1457
4459
1459
4461
1461
4463
1463
4465
1465
4467
1467
4469
1469
4471
1471
4473
1473
4475
1475
4477
1477
4479
1479
4481
1481
4483
1483
4485
1485
4487
1487
4489
1489
4491
1491
4493
1493
4495
1495
4497
1497
4499
1499
4501
1501
4503
1503
4505
1505
4507
1507
4509
1509
4511
1511
4513
1513
4515
1515
4517
1517
4519
1519
4521
1521
4523
1523
4525
1525
4527
1527
4529
1529
4531
1531
4533
1533
4535
1535
4537
1537
4539
1539
4541
1541
4543
1543
4545
1545
4547
1547
4549
1549
4551
1551
4553
1553
4555
1555
4557
1557
4559
1559
4561
1561
4563
1563
4565
1565
4567
1567
4569
1569
4571
1571
4573
1573
4575
1575
4577
1577
4579
1579
4581
1581
4583
1583
4585
1585
4587
1587
4589
1589
4591
1591
4593
1593
4595
1595
4597
1597
4599
1599
4601
1601
4603
1603
4605
1605
4607
1607
4609
1609
4611
1611
4613
1613
4615
1615
4617
1617
4619
1619
4621
1621
4623
1623
4625
1625
4627
1627
4629
1629
4631
1631
4633
1633
4635
1635
4637
1637
4639
1639
4641
1641
4643
1643
4645
1645
4647
1647
4649
1649
4651
1651
4653
1653
4655
1655
4657
1657
4659
1659
4661
1661
4663
1663
4665
1665
4667
1667
4669
1669
4671
1671
4673
1673
4675
1675
4677
1677
4679
1679
4681
1681
4683
1683
4685
1685
4687
1687
4689
1689
4691
1691
4693
1693
4695
1695
4697
1697
4699
1699
4701
1701
4703
1703
4705
1705
4707
1707
4709
1709
4711
1711
4713
1713
4715
1715
4717
1717
4719
1719
4721
1721
4723
1723
4725
1725
4727
1727
4729
1729
4731
1731
4733
1733
4735
1735
4737
1737
4739
1739
4741
1741
4743
1743
4745
1745
4747
1747
4749
1749
4751
1751
4753
1753
4755
1755
4757
1757
4759
1759
4761
1761
4763
1763
4765
1765
4767
1767
4769
1769
4771
1771
4773
1773
4775
1775
4777
1777
4779
1779
4781
1781
4783
1783
4785
1785
4787
1787
4789
1789
4791
1791
4793
1793
4795
1795
4797
1797
4799
1799
4801
1801
4803
1803
4805
1805
4807
1807
4809
1809
4811
1811
4813
1813
4815
1815
4817
1817
4819
1819
4821
1821
4823
1823
4825
1825
4827
1827
4829
1829
4831
1831
4833
1833
4835
1835
4837
1837
4839
1839
4841
1841
4843
1843
4845
1845
4847
1847
4849
1849
4851
1851
4853
1853
4855
1855
4857
1857
4859
1859
4861
1861
4863
1863
4865
1865
4867
1867
4869
1869
4871
1871
4873
1873
4875
1875
4877
1877
4879
1879
4881
1881
4883
1883
4885
1885
4887
1887
4889
1889
4891
1891
4893
1893
4895
1895
4897
1897
4899
1899
4901
1901
4903
1903
4905
1905
4907
1907
4909
1909
4911
1911
4913
1913
4915
1915
4917
1917
4919
1919
4921
1921
4923
1923
4925
1925
4927
1927
4929
1929
4931
1931
4933
1933
4935
1935
4937
1937
4939
1939
4941
1941
4943
1943
4945
1945
4947
1947
4949
1949
4951
1951
4953
1953
4955
1955
4957
1957
4959
1959
4961
1961
4963
1963
4965
1965
4967
1967
4969
1969
4971
1971
4973
1973
4975
1975
4977
1977
4979
1979
4981
1981
4983
1983
4985
1985
4987
1987
4989
1989
4991
1991
4993
1993
4995
1995
4997
1997
4999
1999
5001
2001
5003
2003
5005
2005
5007
2007
5009
2009
5011
2011
5013
2013
5015
2015
5017
2017
5019
2019
5021
2021
5023
2023
5025
2025
5027
2027
5029
2029
5031
2031
5033
2033
5035
2035
5037
2037
5039
2039
5041
2041
5043
2043
5045
2045
5047
2047
5049
2049
5051
2051
5053
2053
5055
2055
5057
2057
5059
2059
5061
2061
5063
2063
5065
2065
5067
2067
5069
2069
5071
2071
5073
2073
5075
2075
5077
2077
5079
2079
5081
2081
5083
2083
5085
2085
5087
2087
5089
2089
5091
2091
5093
2093
5095
2095
5097
2097
5099
2099
5101
2101
5103
2103
5105
2105
5107
2107
5109
2109
5111
2111
5113
2113
5115
2115
5117
2117
5119
2119
5121
2121
5123
2123
5125
2125
5127
2127
5129
2129
5131
2131
5133
2133
5135
2135
5137
2137
5139
2139
5141
2141
5143
2143
5145
2145
5147
2147
5149
2149
5151
2151
5153
2153
5155
2155
5157
2157
5159
2159
5161
2161
5163
2163
5165
2165
5167
2167
5169
2169
5171
2171
5173
2173
5175
2175
5177
2177
5179
2179
5181
2181
5183
2183
5185
2185
5187
2187
5189
2189
5191
2191
5193
2193
5195
2195
5197
2197
5199
2199
5201
2201
5203
2203
5205
2205
5207
2207
5209
2209
5211
2211
5213
2213
5215
2215
5217
2217
5219
2219
5221
2221
5223
2223
5225
2225
5227
2227
5229
2229
5231
2231
5233
2233
5235
2235
5237
2237
5239
2239
5241
2241
5243
2243
5245
2245
5247
2247
5249
2249
5251
2251
5253
2253
5255
2255
5257
2257
5259
2259
5261
2261
5263
2263
5265
2265
5267
2267
5269
2269
5271
2271
5273
2273
5275
2275
5277
2277
5279
2279
5281
2281
5283
2283
5285
2285
5287
2287
5289
2289
5291
2291
5293
2293
5295
2295
5297
2297
5299
2299
5301
2301
5303
2303
5305
2305
5307
2307
5309
2309
5311
2311
5313
2313
5315
2315
5317
2317
5319
2319
5321
2321
5323
2323
5325
2325
5327
2327
5329
2329
5331
2331
5333
2333
5335
2335
5337
2337
5339
2339
5341
2341
5343
2343
5345
2345
5347
2347
5349
2349
5351
2351
5353
2353
5355
2355
5357
2357
5359
2359
5361
2361
5363
2363
5365
2365
5367
2367
5369
2369
5371
2371
5373
2373
5375
2375
5377
2377
5379
2379
5381
2381
5383
2383
5385
2385
5387
2387
5389
2389
5391
2391
5393
2393
5395
2395
5397
2397
5399
2399
5401
2401
5403
2403
5405
2405
5407
2407
5409
2409
5411
2411
5413
2413
5415
2415
5417
2417
5419
2419
5421
2421
5423
2423
5425
2425
5427
2427
5429
2429
5431
2431
5433
2433
5435
2435
5437
2437
5439
2439
5441
2441
5443
2443
5445
2445
5447
2447
5449
2449
5451
2451
5453
2453
5455
2455
5457
2457
5459
2459
5461
2461
5463
2463
5465
2465
5467
2467
5469
2469
5471
2471
5473
2473
5475
2475
5477
2477
5479
2479
5481
2481
5483
2483
5485
2485
5487
2487
5489
2489
5491
2491
5493
2493
5495
2495
5497
2497
5499
2499
5501
2501
5503
2503
5505
2505
5507
2507
5509
2509
5511
2511
5513
2513
5515
2515
5517
2517
5519
2519
5521
2521
5523
2523
5525
2525
5527
2527
5529
2529
5531
2531
5533
2533
5535
2535
5537
2537
5539
2539
5541
2541
5543
2543
5545
2545
5547
2547
5549
2549
5551
2551
5553
2553
5555
2555
5557
2557
5559
2559
5561
2561
5563
2563
5565
2565
5567
2567
5569
2569
5571
2571
5573
2573
5575
2575
5577
2577
5579
2579
5581
2581
5583
2583
5585
2585
5587
2587
5589
2589
5591
2591
5593
2593
5595
2595
5597
2597
5599
2599
5601
2601
5603
2603
5605
2605
5607
2607
5609
2609
5611
2611
5613
2613
5615
2615
5617
2617
5619
2619
5621
2621
5623
2623
5625
2625
5627
2627
5629
2629
5631
2631
5633
2633
5635
2635
5637
2637
5639
2639
5641
2641
5643
2643
5645
2645
5647
2647
5649
2649
5651
2651
5653
2653
5655
2655
5657
2657
5659
2659
5661
2661
5663
2663
5665
2665
5667
2667
5669
2669
5671
2671
5673
2673
5675
2675
5677
2677
5679
2679
5681
2681
5683
2683
5685
2685
5687
2687
5689
2689
5691
2691
5693
2693
5695
2695
5697
2697
5699
2699
5701
2701
5703
2703
5705
2705
5707
2707
5709
2709
5711
2711
5713
2713
5715
2715
5717
2717
5719
2719
5721
2721
5723
2723
5725
2725
5727
2727
5729
2729
5731
2731
5733
2733
5735
2735
5737
2737
5739
2739
5741
2741
5743
2743
5745
2745
5747
2747
5749
2749
5751
2751
5753
2753
5755
2755
5757
2757
5759
2759
5761
2761
5763
2763
5765
2765
5767
2767
5769
2769
5771
2771
5773
2773
5775
2775
5777
2777
5779
2779
5781
2781
5783
2783
5785
2785
5787
2787
5789
2789
5791
2791
5793
2793
5795
2795
5797
2797
5799
2799
5801
2801
5803
2803
5805
2805
5807
2807
5809
2809
5811
2811
5813
2813
5815
2815
5817
2817
5819
2819
5821
2821
5823
2823
5825
2825
5827
2827
5829
2829
5831
2831
5833
2833
5835
2835
5837
2837
5839
2839
5841
2841
5843
2843
5845
2845
5847
2847
5849
2849
5851
2851
5853
2853
5855
2855
5857
2857
5859
2859
5861
2861
5863
2863
5865
2865
5867
2867
5869
2869
5871
2871
5873
2873
5875
2875
5877
2877
5879
2879
5881
2881
5883
2883
5885
2885
5887
2887
5889
2889
5891
2891
5893
2893
5895
2895
5897
2897
5899
2899
5901
2901
5903
2903
5905
2905
5907
2907
5909
2909
5911
2911
5913
2913
5915
2915
5917
2917
5919
2919
5921
2921
5923
2923
5925
2925
5927
2927
5929
2929
5931
2931
5933
2933
5935
2935
5937
2937
5939
2939
5941
2941
5943
2943
5945
2945
5947
2947
5949
2949
5951
2951
5953
2953
5955
2955
5957
2957
5959
2959
5961
2961
5963
2963
5965
2965
5967
2967
5969
2969
5971
2971
5973
2973
5975
2975
5977
2977
5979
2979
5981
2981
5983
2983
5985
2985
5987
2987
5989
2989
5991
2991
5993
2993
5995
2995
5997
2997
5999
2999
3002
2
3004
4
3006
6
3008
8
3010
10
3012
12
3014
14
3016
16
3018
18
3020
20
3022
22
3024
24
3026
26
3028
28
3030
30
3032
32
3034
34
3036
36
3038
38
3040
40
3042
42
3044
44
3046
46
3048
48
3050
50
3052
52
3054
54
3056
56
3058
58
3060
60
3062
62
3064
64
3066
66
3068
68
3070
70
3072
72
3074
74
3076
76
3078
78
3080
80
3082
82
3084
84
3086
86
3088
88
3090
90
3092
92
3094
94
3096
96
3098
98
3100
100
3102
102
3104
104
3106
106
3108
108
3110
110
3112
112
3114
114
3116
116
3118
118
3120
120
3122
122
3124
124
3126
126
3128
128
3130
130
3132
132
3134
134
3136
136
3138
138
3140
140
3142
142
3144
144
3146
146
3148
148
3150
150
3152
152
3154
154
3156
156
3158
158
3160
160
3162
162
3164
164
3166
166
3168
168
3170
170
3172
172
3174
174
3176
176
3178
178
3180
180
3182
182
3184
184
3186
186
3188
188
3190
190
3192
192
3194
194
3196
196
3198
198
3200
200
3202
202
3204
204
3206
206
3208
208
3210
210
3212
212
3214
214
3216
216
3218
218
3220
220
3222
222
3224
224
3226
226
3228
228
3230
230
3232
232
3234
234
3236
236
3238
238
3240
240
3242
242
3244
244
3246
246
3248
248
3250
250
3252
252
3254
254
3256
256
3258
258
3260
260
3262
262
3264
264
3266
266
3268
268
3270
270
3272
272
3274
274
3276
276
3278
278
3280
280
3282
282
3284
284
3286
286
3288
288
3290
290
3292
292
3294
294
3296
296
3298
298
3300
300
3302
302
3304
304
3306
306
3308
308
3310
310
3312
312
3314
314
3316
316
3318
318
3320
320
3322
322
3324
324
3326
326
3328
328
3330
330
3332
332
3334
334
3336
336
3338
338
3340
340
3342
342
3344
344
3346
346
3348
348
3350
350
3352
352
3354
354
3356
356
3358
358
3360
360
3362
362
3364
364
3366
366
3368
368
3370
370
3372
372
3374
374
3376
376
3378
378
3380
380
3382
382
3384
384
3386
386
3388
388
3390
390
3392
392
3394
394
3396
396
3398
398
3400
400
3402
402
3404
404
3406
406
3408
408
3410
410
3412
412
3414
414
3416
416
3418
418
3420
420
3422
422
3424
424
3426
426
3428
428
3430
430
3432
432
3434
434
3436
436
3438
438
3440
440
3442
442
3444
444
3446
446
3448
448
3450
450
3452
452
3454
454
3456
456
3458
458
3460
460
3462
462
3464
464
3466
466
3468
468
3470
470
3472
472
3474
474
3476
476
3478
478
3480
480
3482
482
3484
484
3486
486
3488
488
3490
490
3492
492
3494
494
3496
496
3498
498
3500
500
3502
502
3504
504
3506
506
3508
508
3510
510
3512
512
3514
514
3516
516
3518
518
3520
520
3522
522
3524
524
3526
526
3528
528
3530
530
3532
532
3534
534
3536
536
3538
538
3540
540
3542
542
3544
544
3546
546
3548
548
3550
550
3552
552
3554
554
3556
556
3558
558
3560
560
3562
562
3564
564
3566
566
3568
568
3570
570
3572
572
3574
574
3576
576
3578
578
3580
580
3582
582
3584
584
3586
586
3588
588
3590
590
3592
592
3594
594
3596
596
3598
598
3600
600
3602
602
3604
604
3606
606
3608
608
3610
610
3612
612
3614
614
3616
616
3618
618
3620
620
3622
622
3624
624
3626
626
3628
628
3630
630
3632
632
3634
634
3636
636
3638
638
3640
640
3642
642
3644
644
3646
646
3648
648
3650
650
3652
652
3654
654
3656
656
3658
658
3660
660
3662
662
3664
664
3666
666
3668
668
3670
670
3672
672
3674
674
3676
676
3678
678
3680
680
3682
682
3684
684
3686
686
3688
688
3690
690
3692
692
3694
694
3696
696
3698
698
3700
700
3702
702
3704
704
3706
706
3708
708
3710
710
3712
712
3714
714
3716
716
3718
718
3720
720
3722
722
3724
724
3726
726
3728
728
3730
730
3732
732
3734
734
3736
736
3738
738
3740
740
3742
742
3744
744
3746
746
3748
748
3750
750
3752
752
3754
754
3756
756
3758
758
3760
760
3762
762
3764
764
3766
766
3768
768
3770
770
3772
772
3774
774
3776
776
3778
778
3780
780
3782
782
3784
784
3786
786
3788
788
3790
790
3792
792
3794
794
3796
796
3798
798
3800
800
3802
802
3804
804
3806
806
3808
808
3810
810
3812
812
3814
814
3816
816
3818
818
3820
820
3822
822
3824
824
3826
826
3828
828
3830
830
3832
832
3834
834
3836
836
3838
838
3840
840
3842
842
3844
844
3846
846
3848
848
3850
850
3852
852
3854
854
3856
856
3858
858
3860
860
3862
862
3864
864
3866
866
3868
868
3870
870
3872
872
3874
874
3876
876
3878
878
3880
880
3882
882
3884
884
3886
886
3888
888
3890
890
3892
892
3894
894
3896
896
3898
898
3900
900
3902
902
3904
904
3906
906
3908
908
3910
910
3912
912
3914
914
3916
916
3918
918
3920
920
3922
922
3924
924
3926
926
3928
928
3930
930
3932
932
3934
934
3936
936
3938
938
3940
940
3942
942
3944
944
3946
946
3948
948
3950
950
3952
952
3954
954
3956
956
3958
958
3960
960
3962
962
3964
964
3966
966
3968
968
3970
970
3972
972
3974
974
3976
976
3978
978
3980
980
3982
982
3984
984
3986
986
3988
988
3990
990
3992
992
3994
994
3996
996
3998
998
4000
1000
4002
1002
4004
1004
4006
1006
4008
1008
4010
1010
4012
1012
4014
1014
4016
1016
4018
1018
4020
1020
4022
1022
4024
1024
4026
1026
4028
1028
4030
1030
4032
1032
4034
1034
4036
1036
4038
1038
4040
1040
4042
1042
4044
1044
4046
1046
4048
1048
4050
1050
4052
1052
4054
1054
4056
1056
4058
1058
4060
1060
4062
1062
4064
1064
4066
1066
4068
1068
4070
1070
4072
1072
4074
1074
4076
1076
4078
1078
4080
1080
4082
1082
4084
1084
4086
1086
4088
1088
4090
1090
4092
1092
4094
1094
4096
1096
4098
1098
4100
1100
4102
1102
4104
1104
4106
1106
4108
1108
4110
1110
4112
1112
4114
1114
4116
1116
4118
1118
4120
1120
4122
1122
4124
1124
4126
1126
4128
1128
4130
1130
4132
1132
4134
1134
4136
1136
4138
1138
4140
1140
4142
1142
4144
1144
4146
1146
4148
1148
4150
1150
4152
1152
4154
1154
4156
1156
4158
1158
4160
1160
4162
1162
4164
1164
4166
1166
4168
1168
4170
1170
4172
1172
4174
1174
4176
1176
4178
1178
4180
1180
4182
1182
4184
1184
4186
1186
4188
1188
4190
1190
4192
1192
4194
1194
4196
1196
4198
1198
4200
1200
4202
1202
4204
1204
4206
1206
4208
1208
4210
1210
4212
1212
4214
1214
4216
1216
4218
1218
4220
1220
4222
1222
4224
1224
4226
1226
4228
1228
4230
1230
4232
1232
4234
1234
4236
1236
4238
1238
4240
1240
4242
1242
4244
1244
4246
1246
4248
1248
4250
1250
4252
1252
4254
1254
4256
1256
4258
1258
4260
1260
4262
1262
4264
1264
4266
1266
4268
1268
4270
1270
4272
1272
4274
1274
4276
1276
4278
1278
4280
1280
4282
1282
4284
1284
4286
1286
4288
1288
4290
1290
4292
1292
4294
1294
4296
1296
4298
1298
4300
1300
4302
1302
4304
1304
4306
1306
4308
1308
4310
1310
4312
1312
4314
1314
4316
1316
4318
1318
4320
1320
4322
1322
4324
1324
4326
1326
4328
1328
4330
1330
4332
1332
4334
1334
4336
1336
4338
1338
4340
1340
4342
1342
4344
1344
4346
1346
4348
1348
4350
1350
4352
1352
4354
1354
4356
1356
4358
1358
4360
1360
4362
1362
4364
1364
4366
1366
4368
1368
4370
1370
4372
1372
4374
1374
4376
1376
4378
1378
4380
1380
4382
1382
4384
1384
4386
1386
4388
1388
4390
1390
4392
1392
4394
1394
4396
1396
4398
1398
4400
1400
4402
1402
4404
1404
4406
1406
4408
1408
4410
1410
4412
1412
4414
1414
4416
1416
4418
1418
4420
1420
4422
1422
4424
1424
4426
1426
4428
1428
4430
1430
4432
1432
4434
1434
4436
1436
4438
1438
4440
1440
4442
1442
4444
1444
4446
1446
4448
1448
4450
1450
4452
1452
4454
1454
4456
1456
4458
1458
4460
1460
4462
1462
4464
1464
4466
1466
4468
1468
4470
1470
4472
1472
4474
1474
4476
1476
4478
1478
4480
1480
4482
1482
4484
1484
4486
1486
4488
1488
4490
1490
4492
1492
4494
1494
4496
1496
4498
1498
4500
1500
4502
1502
4504
1504
4506
1506
4508
1508
4510
1510
4512
1512
4514
1514
4516
1516
4518
1518
4520
1520
4522
1522
4524
1524
4526
1526
4528
1528
4530
1530
4532
1532
4534
1534
4536
1536
4538
1538
4540
1540
4542
1542
4544
1544
4546
1546
4548
1548
4550
1550
4552
1552
4554
1554
4556
1556
4558
1558
4560
1560
4562
1562
4564
1564
4566
1566
4568
1568
4570
1570
4572
1572
4574
1574
4576
1576
4578
1578
4580
1580
4582
1582
4584
1584
4586
1586
4588
1588
4590
1590
4592
1592
4594
1594
4596
1596
4598
1598
4600
1600
4602
1602
4604
1604
4606
1606
4608
1608
4610
1610
4612
1612
4614
1614
4616
1616
4618
1618
4620
1620
4622
1622
4624
1624
4626
1626
4628
1628
4630
1630
4632
1632
4634
1634
4636
1636
4638
1638
4640
1640
4642
1642
4644
1644
4646
1646
4648
1648
4650
1650
4652
1652
4654
1654
4656
1656
4658
1658
4660
1660
4662
1662
4664
1664
4666
1666
4668
1668
4670
1670
4672
1672
4674
1674
4676
1676
4678
1678
4680
1680
4682
1682
4684
1684
4686
1686
4688
1688
4690
1690
4692
1692
4694
1694
4696
1696
4698
1698
4700
1700
4702
1702
4704
1704
4706
1706
4708
1708
4710
1710
4712
1712
4714
1714
4716
1716
4718
1718
4720
1720
4722
1722
4724
1724
4726
1726
4728
1728
4730
1730
4732
1732
4734
1734
4736
1736
4738
1738
4740
1740
4742
1742
4744
1744
4746
1746
4748
1748
4750
1750
4752
1752
4754
1754
4756
1756
4758
1758
4760
1760
4762
1762
4764
1764
4766
1766
4768
1768
4770
1770
4772
1772
4774
1774
4776
1776
4778
1778
4780
1780
4782
1782
4784
1784
4786
1786
4788
1788
4790
1790
4792
1792
4794
1794
4796
1796
4798
1798
4800
1800
4802
1802
4804
1804
4806
1806
4808
1808
4810
1810
4812
1812
4814
1814
4816
1816
4818
1818
4820
1820
4822
1822
4824
1824
4826
1826
4828
1828
4830
1830
4832
1832
4834
1834
4836
1836
4838
1838
4840
1840
4842
1842
4844
1844
4846
1846
4848
1848
4850
1850
4852
1852
4854
1854
4856
1856
4858
1858
4860
1860
4862
1862
4864
1864
4866
1866
4868
1868
4870
1870
4872
1872
4874
1874
4876
1876
4878
1878
4880
1880
4882
1882
4884
1884
4886
1886
4888
1888
4890
1890
4892
1892
4894
1894
4896
1896
4898
1898
4900
1900
4902
1902
4904
1904
4906
1906
4908
1908
4910
1910
4912
1912
4914
1914
4916
1916
4918
1918
4920
1920
4922
1922
4924
1924
4926
1926
4928
1928
4930
1930
4932
1932
4934
1934
4936
1936
4938
1938
4940
1940
4942
1942
4944
1944
4946
1946
4948
1948
4950
1950
4952
1952
4954
1954
4956
1956
4958
1958
4960
1960
4962
1962
4964
1964
4966
1966
4968
1968
4970
1970
4972
1972
4974
1974
4976
1976
4978
1978
4980
1980
4982
1982
4984
1984
4986
1986
4988
1988
4990
1990
4992
1992
4994
1994
4996
1996
4998
1998
5000
2000
5002
2002
5004
2004
5006
2006
5008
2008
5010
2010
5012
2012
5014
2014
5016
2016
5018
2018
5020
2020
5022
2022
5024
2024
5026
2026
5028
2028
5030
2030
5032
2032
5034
2034
5036
2036
5038
2038
5040
2040
5042
2042
5044
2044
5046
2046
5048
2048
5050
2050
5052
2052
5054
2054
5056
2056
5058
2058
5060
2060
5062
2062
5064
2064
5066
2066
5068
2068
5070
2070
5072
2072
5074
2074
5076
2076
5078
2078
5080
2080
5082
2082
5084
2084
5086
2086
5088
2088
5090
2090
5092
2092
5094
2094
5096
2096
5098
2098
5100
2100
5102
2102
5104
2104
5106
2106
5108
2108
5110
2110
5112
2112
5114
2114
5116
2116
5118
2118
5120
2120
5122
2122
5124
2124
5126
2126
5128
2128
5130
2130
5132
2132
5134
2134
5136
2136
5138
2138
5140
2140
5142
2142
5144
2144
5146
2146
5148
2148
5150
2150
5152
2152
5154
2154
5156
2156
5158
2158
5160
2160
5162
2162
5164
2164
5166
2166
5168
2168
5170
2170
5172
2172
5174
2174
5176
2176
5178
2178
5180
2180
5182
2182
5184
2184
5186
2186
5188
2188
5190
2190
5192
2192
5194
2194
5196
2196
5198
2198
5200
2200
5202
2202
5204
2204
5206
2206
5208
2208
5210
2210
5212
2212
5214
2214
5216
2216
5218
2218
5220
2220
5222
2222
5224
2224
5226
2226
5228
2228
5230
2230
5232
2232
5234
2234
5236
2236
5238
2238
5240
2240
5242
2242
5244
2244
5246
2246
5248
2248
5250
2250
5252
2252
5254
2254
5256
2256
5258
2258
5260
2260
5262
2262
5264
2264
5266
2266
5268
2268
5270
2270
5272
2272
5274
2274
5276
2276
5278
2278
5280
2280
5282
2282
5284
2284
5286
2286
5288
2288
5290
2290
5292
2292
5294
2294
5296
2296
5298
2298
5300
2300
5302
2302
5304
2304
5306
2306
5308
2308
5310
2310
5312
2312
5314
2314
5316
2316
5318
2318
5320
2320
5322
2322
5324
2324
5326
2326
5328
2328
5330
2330
5332
2332
5334
2334
5336
2336
5338
2338
5340
2340
5342
2342
5344
2344
5346
2346
5348
2348
5350
2350
5352
2352
5354
2354
5356
2356
5358
2358
5360
2360
5362
2362
5364
2364
5366
2366
5368
2368
5370
2370
5372
2372
5374
2374
5376
2376
5378
2378
5380
2380
5382
2382
5384
2384
5386
2386
5388
2388
5390
2390
5392
2392
5394
2394
5396
2396
5398
2398
5400
2400
5402
2402
5404
2404
5406
2406
5408
2408
5410
2410
5412
2412
5414
2414
5416
2416
5418
2418
5420
2420
5422
2422
5424
2424
5426
2426
5428
2428
5430
2430
5432
2432
5434
2434
5436
2436
5438
2438
5440
2440
5442
2442
5444
2444
5446
2446
5448
2448
5450
2450
5452
2452
5454
2454
5456
2456
5458
2458
5460
2460
5462
2462
5464
2464
5466
2466
5468
2468
5470
2470
5472
2472
5474
2474
5476
2476
5478
2478
5480
2480
5482
2482
5484
2484
5486
2486
5488
2488
5490
2490
5492
2492
5494
2494
5496
2496
5498
2498
5500
2500
5502
2502
5504
2504
5506
2506
5508
2508
5510
2510
5512
2512
5514
2514
5516
2516
5518
2518
5520
2520
5522
2522
5524
2524
5526
2526
5528
2528
5530
2530
5532
2532
5534
2534
5536
2536
5538
2538
5540
2540
5542
2542
5544
2544
5546
2546
5548
2548
5550
2550
5552
2552
5554
2554
5556
2556
5558
2558
5560
2560
5562
2562
5564
2564
5566
2566
5568
2568
5570
2570
5572
2572
5574
2574
5576
2576
5578
2578
5580
2580
5582
2582
5584
2584
5586
2586
5588
2588
5590
2590
5592
2592
5594
2594
5596
2596
5598
2598
5600
2600
5602
2602
5604
2604
5606
2606
5608
2608
5610
2610
5612
2612
5614
2614
5616
2616
5618
2618
5620
2620
5622
2622
5624
2624
5626
2626
5628
2628
5630
2630
5632
2632
5634
2634
5636
2636
5638
2638
5640
2640
5642
2642
5644
2644
5646
2646
5648
2648
5650
2650
5652
2652
5654
2654
5656
2656
5658
2658
5660
2660
5662
2662
5664
2664
5666
2666
5668
2668
5670
2670
5672
2672
5674
2674
5676
2676
5678
2678
5680
2680
5682
2682
5684
2684
5686
2686
5688
2688
5690
2690
5692
2692
5694
2694
5696
2696
5698
2698
5700
2700
5702
2702
5704
2704
5706
2706
5708
2708
5710
2710
5712
2712
5714
2714
5716
2716
5718
2718
5720
2720
5722
2722
5724
2724
5726
2726
5728
2728
5730
2730
5732
2732
5734
2734
5736
2736
5738
2738
5740
2740
5742
2742
5744
2744
5746
2746
5748
2748
5750
2750
5752
2752
5754
2754
5756
2756
5758
2758
5760
2760
5762
2762
5764
2764
5766
2766
5768
2768
5770
2770
5772
2772
5774
2774
5776
2776
5778
2778
5780
2780
5782
2782
5784
2784
5786
2786
5788
2788
5790
2790
5792
2792
5794
2794
5796
2796
5798
2798
5800
2800
5802
2802
5804
2804
5806
2806
5808
2808
5810
2810
5812
2812
5814
2814
5816
2816
5818
2818
5820
2820
5822
2822
5824
2824
5826
2826
5828
2828
5830
2830
5832
2832
5834
2834
5836
2836
5838
2838
5840
2840
5842
2842
5844
2844
5846
2846
5848
2848
5850
2850
5852
2852
5854
2854
5856
2856
5858
2858
5860
2860
5862
2862
5864
2864
5866
2866
5868
2868
5870
2870
5872
2872
5874
2874
5876
2876
5878
2878
5880
2880
5882
2882
5884
2884
5886
2886
5888
2888
5890
2890
5892
2892
5894
2894
5896
2896
5898
2898
5900
2900
5902
2902
5904
2904
5906
2906
5908
2908
5910
2910
5912
2912
5914
2914
5916
2916
5918
2918
5920
2920
5922
2922
5924
2924
5926
2926
5928
2928
5930
2930
5932
2932
5934
2934
5936
2936
5938
2938
5940
2940
5942
2942
5944
2944
5946
2946
5948
2948
5950
2950
5952
2952
5954
2954
5956
2956
5958
2958
5960
2960
5962
2962
5964
2964
5966
2966
5968
2968
5970
2970
5972
2972
5974
2974
5976
2976
5978
2978
5980
2980
5982
2982
5984
2984
5986
2986
5988
2988
5990
2990
5992
2992
5994
2994
5996
2996
5998
2998
6000
3000
