-1
3501
1
3503
3
3505
5
3507
7
3509
9
3511
11
3513
13
3515
15
3517
17
3519
19
3521
21
3523
23
3525
25
3527
27
3529
29
3531
31
3533
33
3535
35
3537
37
3539
39
3541
41
3543
43
3545
45
3547
47
3549
49
3551
51
3553
53
3555
55
3557
57
3559
59
3561
61
3563
63
3565
65
3567
67
3569
69
3571
71
3573
73
3575
75
3577
77
3579
79
3581
81
3583
83
3585
85
3587
87
3589
89
3591
91
3593
93
3595
95
3597
97
3599
99
3601
101
3603
103
3605
105
3607
107
3609
109
3611
111
3613
113
3615
115
3617
117
3619
119
3621
121
3623
123
3625
125
3627
127
3629
129
3631
131
3633
133
3635
135
3637
137
3639
139
3641
141
3643
143
3645
145
3647
147
3649
149
3651
151
3653
153
3655
155
3657
157
3659
159
3661
161
3663
163
3665
165
3667
167
3669
169
3671
171
3673
173
3675
175
3677
177
3679
179
3681
181
3683
183
3685
185
3687
187
3689
189
3691
191
3693
193
3695
195
3697
197
3699
199
3701
201
3703
203
3705
205
3707
207
3709
209
3711
211
3713
213
3715
215
3717
217
3719
219
3721
221
3723
223
3725
225
3727
227
3729
229
3731
231
3733
233
3735
235
3737
237
3739
239
3741
241
3743
243
3745
245
3747
247
3749
249
3751
251
3753
253
3755
255
3757
257
3759
259
3761
261
3763
263
3765
265
3767
267
3769
269
3771
271
3773
273
3775
275
3777
277
3779
279
3781
281
3783
283
3785
285
3787
287
3789
289
3791
291
3793
293
3795
295
3797
297
3799
299
3801
301
3803
303
3805
305
3807
307
3809
309
3811
311
3813
313
3815
315
3817
317
3819
319
3821
321
3823
323
3825
325
3827
327
3829
329
3831
331
3833
333
3835
335
3837
337
3839
339
3841
341
3843
343
3845
345
3847
347
3849
349
3851
351
3853
353
3855
355
3857
357
3859
359
3861
361
3863
363
3865
365
3867
367
3869
369
3871
371
3873
373
3875
375
3877
377
3879
379
3881
381
3883
383
3885
385
3887
387
3889
389
3891
391
3893
393
3895
395
3897
397
3899
399
3901
401
3903
403
3905
405
3907
407
3909
409
3911
411
3913
413
3915
415
3917
417
3919
419
3921
421
3923
423
3925
425
3927
427
3929
429
3931
431
3933
433
3935
435
3937
437
3939
439
3941
441
3943
443
3945
445
3947
447
3949
449
3951
451
3953
453
3955
455
3957
457
3959
459
3961
461
3963
463
3965
465
3967
467
3969
469
3971
471
3973
473
3975
475
3977
477
3979
479
3981
481
3983
483
3985
485
3987
487
3989
489
3991
491
3993
493
3995
495
3997
497
3999
499
4001
501
4003
503
4005
505
4007
507
4009
509
4011
511
4013
513
4015
515
4017
517
4019
519
4021
521
4023
523
4025
525
4027
527
4029
529
4031
531
4033
533
4035
535
4037
537
4039
539
4041
541
4043
543
4045
545
4047
547
4049
549
4051
551
4053
553
4055
555
4057
557
4059
559
4061
561
4063
563
4065
565
4067
567
4069
569
4071
571
4073
573
4075
575
4077
577
4079
579
4081
581
4083
583
4085
585
4087
587
4089
589
4091
591
4093
593
4095
595
4097
597
4099
599
4101
601
4103
603
4105
605
4107
607
4109
609
4111
611
4113
613
4115
615
4117
617
4119
619
4121
621
4123
623
4125
625
4127
627
4129
629
4131
631
4133
633
4135
635
4137
637
4139
639
4141
641
4143
643
4145
645
4147
647
4149
649
4151
651
4153
653
4155
655
4157
657
4159
659
4161
661
4163
663
4165
665
4167
667
4169
669
4171
671
4173
673
4175
675
4177
677
4179
679
4181
681
4183
683
4185
685
4187
687
4189
689
4191
691
4193
693
4195
695
4197
697
4199
699
4201
701
4203
703
4205
705
4207
707
4209
709
4211
711
4213
713
4215
715
4217
717
4219
719
4221
721
4223
723
4225
725
4227
727
4229
729
4231
731
4233
733
4235
735
4237
737
4239
739
4241
741
4243
743
4245
745
4247
747
4249
749
4251
751
4253
753
4255
755
4257
757
4259
759
4261
761
4263
763
4265
765
4267
767
4269
769
4271
771
4273
773
4275
775
4277
777
4279
779
4281
781
4283
783
4285
785
4287
787
4289
789
4291
791
4293
793
4295
795
4297
797
4299
799
4301
801
4303
803
4305
805
4307
807
4309
809
4311
811
4313
813
4315
815
4317
817
4319
819
4321
821
4323
823
4325
825
4327
827
4329
829
4331
831
4333
833
4335
835
4337
837
4339
839
4341
841
4343
843
4345
845
4347
847
4349
849
4351
851
4353
853
4355
855
4357
857
4359
859
4361
861
4363
863
4365
865
4367
867
4369
869
4371
871
4373
873
4375
875
4377
877
4379
879
4381
881
4383
883
4385
885
4387
887
4389
889
4391
891
4393
893
4395
895
4397
897
4399
899
4401
901
4403
903
4405
905
4407
907
4409
909
4411
911
4413
913
4415
915
4417
917
4419
919
4421
921
4423
923
4425
925
4427
927
4429
929
4431
931
4433
933
4435
935
4437
937
4439
939
4441
941
4443
943
4445
945
4447
947
4449
949
4451
951
4453
953
4455
955
4457
957
4459
959
4461
961
4463
963
4465
965
4467
967
4469
969
4471
971
4473
973
4475
975
4477
977
4479
979
4481
981
4483
983
4485
985
4487
987
4489
989
4491
991
4493
993
4495
995
4497
997
4499
999
4501
1001
4503
1003
4505
1005
4507
1007
4509
1009
4511
1011
4513
1013
4515
1015
4517
1017
4519
1019
4521
1021
4523
1023
4525
1025
4527
1027
4529
1029
4531
1031
4533
1033
4535
1035
4537
1037
4539
1039
4541
1041
4543
1043
4545
1045
4547
1047
4549
1049
4551
1051
4553
1053
4555
1055
4557
1057
4559
1059
4561
1061
4563
1063
4565
1065
4567
1067
4569
1069
4571
1071
4573
1073
4575
1075
4577
1077
4579
1079
4581
1081
4583
1083
4585
1085
4587
1087
4589
1089
4591
1091
4593
1093
4595
1095
4597
1097
4599
1099
4601
1101
4603
1103
4605
1105
4607
1107
4609
1109
4611
1111
4613
1113
4615
1115
4617
1117
4619
1119
4621
1121
4623
1123
4625
1125
4627
1127
4629
1129
4631
1131
4633
1133
4635
1135
4637
1137
4639
1139
4641
1141
4643
1143
4645
1145
4647
1147
4649
1149
4651
1151
4653
1153
4655
1155
4657
1157
4659
1159
4661
1161
4663
1163
4665
1165
4667
1167
4669
1169
4671
1171
4673
1173
4675
1175
4677
1177
4679
1179
4681
1181
4683
1183
4685
1185
4687
1187
4689
1189
4691
1191
4693
1193
4695
1195
4697
1197
4699
1199
4701
1201
4703
1203
4705
1205
4707
1207
4709
1209
4711
1211
4713
1213
4715
1215
4717
1217
4719
1219
4721
1221
4723
1223
4725
1225
4727
1227
4729
1229
4731
1231
4733
1233
4735
1235
4737
1237
4739
1239
4741
1241
4743
1243
4745
1245
4747
1247
4749
1249
4751
1251
4753
1253
4755
1255
4757
1257
4759
1259
4761
1261
4763
1263
4765
1265
4767
1267
4769
1269
4771
1271
4773
1273
4775
1275
4777
1277
4779
1279
4781
1281
4783
1283
4785
1285
4787
1287
4789
1289
4791
1291
4793
1293
4795
1295
4797
1297
4799
1299
4801
1301
4803
1303
4805
1305
4807
1307
4809
1309
4811
1311
4813
1313
4815
1315
4817
1317
4819
1319
4821
1321
4823
1323
4825
1325
4827
1327
4829
1329
4831
1331
4833
1333
4835
1335
4837
1337
4839
1339
4841
1341
4843
1343
4845
1345
4847
1347
4849
1349
4851
1351
4853
1353
4855
1355
4857
1357
4859
1359
4861
1361
4863
1363
4865
1365
4867
1367
4869
1369
4871
1371
4873
1373
4875
1375
4877
1377
4879
1379
4881
1381
4883
1383
4885
1385
4887
1387
4889
1389
4891
1391
4893
1393
4895
1395
4897
1397
4899
1399
4901
1401
4903
1403
4905
1405
4907
1407
4909
1409
4911
1411
4913
1413
4915
1415
4917
1417
4919
1419
4921
1421
4923
1423
4925
1425
4927
1427
4929
1429
4931
1431
4933
1433
4935
1435
4937
1437
4939
1439
4941
1441
4943
1443
4945
1445
4947
1447
4949
1449
4951
1451
4953
1453
4955
1455
4957
1457
4959
1459
4961
1461
4963
1463
4965
1465
4967
1467
4969
1469
4971
1471
4973
1473
4975
1475
4977
1477
4979
1479
4981
1481
4983
1483
4985
1485
4987
1487
4989
1489
4991
1491
4993
1493
4995
1495
4997
1497
4999
1499
5001
1501
5003
1503
5005
1505
5007
1507
5009
1509
5011
1511
5013
1513
5015
1515
5017
1517
5019
1519
5021
1521
5023
1523
5025
1525
5027
1527
5029
1529
5031
1531
5033
1533
5035
1535
5037
1537
5039
1539
5041
1541
5043
1543
5045
1545
5047
1547
5049
1549
5051
1551
5053
1553
5055
1555
5057
1557
5059
1559
5061
1561
5063
1563
5065
1565
5067
1567
5069
1569
5071
1571
5073
1573
5075
1575
5077
1577
5079
1579
5081
1581
5083
1583
5085
1585
5087
1587
5089
1589
5091
1591
5093
1593
5095
1595
5097
1597
5099
1599
5101
1601
5103
1603
5105
1605
5107
1607
5109
1609
5111
1611
5113
1613
5115
1615
5117
1617
5119
1619
5121
1621
5123
1623
5125
1625
5127
1627
5129
1629
5131
1631
5133
1633
5135
1635
5137
1637
5139
1639
5141
1641
5143
1643
5145
1645
5147
1647
5149
1649
5151
1651
5153
1653
5155
1655
5157
1657
5159
1659
5161
1661
5163
1663
5165
1665
5167
1667
5169
1669
5171
1671
5173
1673
5175
1675
5177
1677
5179
1679
5181
1681
5183
1683
5185
1685
5187
1687
5189
1689
5191
1691
5193
1693
5195
1695
5197
1697
5199
1699
5201
1701
5203
1703
5205
1705
5207
1707
5209
1709
5211
1711
5213
1713
5215
1715
5217
1717
5219
1719
5221
1721
5223
1723
5225
1725
5227
1727
5229
1729
5231
1731
5233
1733
5235
1735
5237
1737
5239
1739
5241
1741
5243
1743
5245
1745
5247
1747
5249
1749
5251
1751
5253
1753
5255
1755
5257
1757
5259
1759
5261
1761
5263
1763
5265
1765
5267
1767
5269
1769
5271
1771
5273
1773
5275
1775
5277
1777
5279
1779
5281
1781
5283
1783
5285
1785
5287
1787
5289
1789
5291
1791
5293
1793
5295
1795
5297
1797
5299
1799
5301
1801
5303
1803
5305
1805
5307
1807
5309
1809
5311
1811
5313
1813
5315
1815
5317
1817
5319
1819
5321
1821
5323
1823
5325
1825
5327
1827
5329
1829
5331
1831
5333
1833
5335
1835
5337
1837
5339
1839
5341
1841
5343
1843
5345
1845
5347
1847
5349
1849
5351
1851
5353
1853
5355
1855
5357
1857
5359
1859
5361
1861
5363
1863
5365
1865
5367
1867
5369
1869
5371
1871
5373
1873
5375
1875
5377
1877
5379
1879
5381
1881
5383
1883
5385
1885
5387
1887
5389
1889
5391
1891
5393
1893
5395
1895
5397
1897
5399
1899
5401
1901
5403
1903
5405
1905
5407
1907
5409
1909
5411
1911
5413
1913
5415
1915
5417
1917
5419
1919
5421
1921
5423
1923
5425
1925
5427
1927
5429
1929
5431
1931
5433
1933
5435
1935
5437
1937
5439
1939
5441
1941
5443
1943
5445
1945
5447
1947
5449
1949
5451
1951
5453
1953
5455
1955
5457
1957
5459
1959
5461
1961
5463
1963
5465
1965
5467
1967
5469
1969
5471
1971
5473
1973
5475
1975
5477
1977
5479
1979
5481
1981
5483
1983
5485
1985
5487
1987
5489
1989
5491
1991
5493
1993
5495
1995
5497
1997
5499
1999
5501
2001
5503
2003
5505
2005
5507
2007
5509
2009
5511
2011
5513
2013
5515
2015
5517
2017
5519
2019
5521
2021
5523
2023
5525
2025
5527
2027
5529
2029
5531
2031
5533
2033
5535
2035
5537
2037
5539
2039
5541
2041
5543
2043
5545
2045
5547
2047
5549
2049
5551
2051
5553
2053
5555
2055
5557
2057
5559
2059
5561
2061
5563
2063
5565
2065
5567
2067
5569
2069
5571
2071
5573
2073
5575
2075
5577
2077
5579
2079
5581
2081
5583
2083
5585
2085
5587
2087
5589
2089
5591
2091
5593
2093
5595
2095
5597
2097
5599
2099
5601
2101
5603
2103
5605
2105
5607
2107
5609
2109
5611
2111
5613
2113
5615
2115
5617
2117
5619
2119
5621
2121
5623
2123
5625
2125
5627
2127
5629
2129
5631
2131
5633
2133
5635
2135
5637
2137
5639
2139
5641
2141
5643
2143
5645
2145
5647
2147
5649
2149
5651
2151
5653
2153
5655
2155
5657
2157
5659
2159
5661
2161
5663
2163
5665
2165
5667
2167
5669
2169
5671
2171
5673
2173
5675
2175
5677
2177
5679
2179
5681
2181
5683
2183
5685
2185
5687
2187
5689
2189
5691
2191
5693
2193
5695
2195
5697
2197
5699
2199
5701
2201
5703
2203
5705
2205
5707
2207
5709
2209
5711
2211
5713
2213
5715
2215
5717
2217
5719
2219
5721
2221
5723
2223
5725
2225
5727
2227
5729
2229
5731
2231
5733
2233
5735
2235
5737
2237
5739
2239
5741
2241
5743
2243
5745
2245
5747
2247
5749
2249
5751
2251
5753
2253
5755
2255
5757
2257
5759
2259
5761
2261
5763
2263
5765
2265
5767
2267
5769
2269
5771
2271
5773
2273
5775
2275
5777
2277
5779
2279
5781
2281
5783
2283
5785
2285
5787
2287
5789
2289
5791
2291
5793
2293
5795
2295
5797
2297
5799
2299
5801
2301
5803
2303
5805
2305
5807
2307
5809
2309
5811
2311
5813
2313
5815
2315
5817
2317
5819
2319
5821
2321
5823
2323
5825
2325
5827
2327
5829
2329
5831
2331
5833
2333
5835
2335
5837
2337
5839
2339
5841
2341
5843
2343
5845
2345
5847
2347
5849
2349
5851
2351
5853
2353
5855
2355
5857
2357
5859
2359
5861
2361
5863
2363
5865
2365
5867
2367
5869
2369
5871
2371
5873
2373
5875
2375
5877
2377
5879
2379
5881
2381
5883
2383
5885
2385
5887
2387
5889
2389
5891
2391
5893
2393
5895
2395
5897
2397
5899
2399
5901
2401
5903
2403
5905
2405
5907
2407
5909
2409
5911
2411
5913
2413
5915
2415
5917
2417
5919
2419
5921
2421
5923
2423
5925
2425
5927
2427
5929
2429
5931
2431
5933
2433
5935
2435
5937
2437
5939
2439
5941
2441
5943
2443
5945
2445
5947
2447
5949
2449
5951
2451
5953
2453
5955
2455
5957
2457
5959
2459
5961
2461
5963
2463
5965
2465
5967
2467
5969
2469
5971
2471
5973
2473
5975
2475
5977
2477
5979
2479
5981
2481
5983
2483
5985
2485
5987
2487
5989
2489
5991
2491
5993
2493
5995
2495
5997
2497
5999
2499
6001
2501
6003
2503
6005
2505
6007
2507
6009
2509
6011
2511
6013
2513
6015
2515
6017
2517
6019
2519
6021
2521
6023
2523
6025
2525
6027
2527
6029
2529
6031
2531
6033
2533
6035
2535
6037
2537
6039
2539
6041
2541
6043
2543
6045
2545
6047
2547
6049
2549
6051
2551
6053
2553
6055
2555
6057
2557
6059
2559
6061
2561
6063
2563
6065
2565
6067
2567
6069
2569
6071
2571
6073
2573
6075
2575
6077
2577
6079
2579
6081
2581
6083
2583
6085
2585
6087
2587
6089
2589
6091
2591
6093
2593
6095
2595
6097
2597
6099
2599
6101
2601
6103
2603
6105
2605
6107
2607
6109
2609
6111
2611
6113
2613
6115
2615
6117
2617
6119
2619
6121
2621
6123
2623
6125
2625
6127
2627
6129
2629
6131
2631
6133
2633
6135
2635
6137
2637
6139
2639
6141
2641
6143
2643
6145
2645
6147
2647
6149
2649
6151
2651
6153
2653
6155
2655
6157
2657
6159
2659
6161
2661
6163
2663
6165
2665
6167
2667
6169
2669
6171
2671
6173
2673
6175
2675
6177
2677
6179
2679
6181
2681
6183
2683
6185
2685
6187
2687
6189
2689
6191
2691
6193
2693
6195
2695
6197
2697
6199
2699
6201
2701
6203
2703
6205
2705
6207
2707
6209
2709
6211
2711
6213
2713
6215
2715
6217
2717
6219
2719
6221
2721
6223
2723
6225
2725
6227
2727
6229
2729
6231
2731
6233
2733
6235
2735
6237
2737
6239
2739
6241
2741
6243
2743
6245
2745
6247
2747
6249
2749
6251
2751
6253
2753
6255
2755
6257
2757
6259
2759
6261
2761
6263
2763
6265
2765
6267
2767
6269
2769
6271
2771
6273
2773
6275
2775
6277
2777
6279
2779
6281
2781
6283
2783
6285
2785
6287
2787
6289
2789
6291
2791
6293
2793
6295
2795
6297
2797
6299
2799
6301
2801
6303
2803
6305
2805
6307
2807
6309
2809
6311
2811
6313
2813
6315
2815
6317
2817
6319
2819
6321
2821
6323
2823
6325
2825
6327
2827
6329
2829
6331
2831
6333
2833
6335
2835
6337
2837
6339
2839
6341
2841
6343
2843
6345
2845
6347
2847
6349
2849
6351
2851
6353
2853
6355
2855
6357
2857
6359
2859
6361
2861
6363
2863
6365
2865
6367
2867
6369
2869
6371
2871
6373
2873
6375
2875
6377
2877
6379
2879
6381
2881
6383
2883
6385
2885
6387
2887
6389
2889
6391
2891
6393
2893
6395
2895
6397
2897
6399
2899
6401
2901
6403
2903
6405
2905
6407
2907
6409
2909
6411
2911
6413
2913
6415
2915
6417
2917
6419
2919
6421
2921
6423
2923
6425
2925
6427
2927
6429
2929
6431
2931
6433
2933
6435
2935
6437
2937
6439
2939
6441
2941
6443
2943
6445
2945
6447
2947
6449
2949
6451
2951
6453
2953
6455
2955
6457
2957
6459
2959
6461
2961
6463
2963
6465
2965
6467
2967
6469
2969
6471
2971
6473
2973
6475
2975
6477
2977
6479
2979
6481
2981
6483
2983
6485
2985
6487
2987
6489
2989
6491
2991
6493
2993
6495
2995
6497
2997
6499
2999
6501
3001
6503
3003
6505
3005
6507
3007
6509
3009
6511
3011
6513
3013
6515
3015
6517
3017
6519
3019
6521
3021
6523
3023
6525
3025
6527
3027
6529
3029
6531
3031
6533
3033
6535
3035
6537
3037
6539
3039
6541
3041
6543
3043
6545
3045
6547
3047
6549
3049
6551
3051
6553
3053
6555
3055
6557
3057
6559
3059
6561
3061
6563
3063
6565
3065
6567
3067
6569
3069
6571
3071
6573
3073
6575
3075
6577
3077
6579
3079
6581
3081
6583
3083
6585
3085
6587
3087
6589
3089
6591
3091
6593
3093
6595
3095
6597
3097
6599
3099
6601
3101
6603
3103
6605
3105
6607
3107
6609
3109
6611
3111
6613
3113
6615
3115
6617
3117
6619
3119
6621
3121
6623
3123
6625
3125
6627
3127
6629
3129
6631
3131
6633
3133
6635
3135
6637
3137
6639
3139
6641
3141
6643
3143
6645
3145
6647
3147
6649
3149
6651
3151
6653
3153
6655
3155
6657
3157
6659
3159
6661
3161
6663
3163
6665
3165
6667
3167
6669
3169
6671
3171
6673
3173
6675
3175
6677
3177
6679
3179
6681
3181
6683
3183
6685
3185
6687
3187
6689
3189
6691
3191
6693
3193
6695
3195
6697
3197
6699
3199
6701
3201
6703
3203
6705
3205
6707
3207
6709
3209
6711
3211
6713
3213
6715
3215
6717
3217
6719
3219
6721
3221
6723
3223
6725
3225
6727
3227
6729
3229
6731
3231
6733
3233
6735
3235
6737
3237
6739
3239
6741
3241
6743
3243
6745
3245
6747
3247
6749
3249
6751
3251
6753
3253
6755
3255
6757
3257
6759
3259
6761
3261
6763
3263
6765
3265
6767
3267
6769
3269
6771
3271
6773
3273
6775
3275
6777
3277
6779
3279
6781
3281
6783
3283
6785
3285
6787
3287
6789
3289
6791
3291
6793
3293
6795
3295
6797
3297
6799
3299
6801
3301
6803
3303
6805
3305
6807
3307
6809
3309
6811
3311
6813
3313
6815
3315
6817
3317
6819
3319
6821
3321
6823
3323
6825
3325
6827
3327
6829
3329
6831
3331
6833
3333
6835
3335
6837
3337
6839
3339
6841
3341
6843
3343
6845
3345
6847
3347
6849
3349
6851
3351
6853
3353
6855
3355
6857
3357
6859
3359
6861
3361
6863
3363
6865
3365
6867
3367
6869
3369
6871
3371
6873
3373
6875
3375
6877
3377
6879
3379
6881
3381
6883
3383
6885
3385
6887
3387
6889
3389
6891
3391
6893
3393
6895
3395
6897
3397
6899
3399
6901
3401
6903
3403
6905
3405
6907
3407
6909
3409
6911
3411
6913
3413
6915
3415
6917
3417
6919
3419
6921
3421
6923
3423
6925
3425
6927
3427
6929
3429
6931
3431
6933
3433
6935
3435
6937
3437
6939
3439
6941
3441
6943
3443
6945
3445
6947
3447
6949
3449
6951
3451
6953
3453
6955
3455
6957
3457
6959
3459
6961
3461
6963
3463
6965
3465
6967
3467
6969
3469
6971
3471
6973
3473
6975
3475
6977
3477
6979
3479
6981
3481
6983
3483
6985
3485
6987
3487
6989
3489
6991
3491
6993
3493
6995
3495
6997
3497
6999
3499
3502
2
3504
4
3506
6
3508
8
3510
10
3512
12
3514
14
3516
16
3518
18
3520
20
3522
22
3524
24
3526
26
3528
28
3530
30
3532
32
3534
34
3536
36
3538
38
3540
40
3542
42
3544
44
3546
46
3548
48
3550
50
3552
52
3554
54
3556
56
3558
58
3560
60
3562
62
3564
64
3566
66
3568
68
3570
70
3572
72
3574
74
3576
76
3578
78
3580
80
3582
82
3584
84
3586
86
3588
88
3590
90
3592
92
3594
94
3596
96
3598
98
3600
100
3602
102
3604
104
3606
106
3608
108
3610
110
3612
112
3614
114
3616
116
3618
118
3620
120
3622
122
3624
124
3626
126
3628
128
3630
130
3632
132
3634
134
3636
136
3638
138
3640
140
3642
142
3644
144
3646
146
3648
148
3650
150
3652
152
3654
154
3656
156
3658
158
3660
160
3662
162
3664
164
3666
166
3668
168
3670
170
3672
172
3674
174
3676
176
3678
178
3680
180
3682
182
3684
184
3686
186
3688
188
3690
190
3692
192
3694
194
3696
196
3698
198
3700
200
3702
202
3704
204
3706
206
3708
208
3710
210
3712
212
3714
214
3716
216
3718
218
3720
220
3722
222
3724
224
3726
226
3728
228
3730
230
3732
232
3734
234
3736
236
3738
238
3740
240
3742
242
3744
244
3746
246
3748
248
3750
250
3752
252
3754
254
3756
256
3758
258
3760
260
3762
262
3764
264
3766
266
3768
268
3770
270
3772
272
3774
274
3776
276
3778
278
3780
280
3782
282
3784
284
3786
286
3788
288
3790
290
3792
292
3794
294
3796
296
3798
298
3800
300
3802
302
3804
304
3806
306
3808
308
3810
310
3812
312
3814
314
3816
316
3818
318
3820
320
3822
322
3824
324
3826
326
3828
328
3830
330
3832
332
3834
334
3836
336
3838
338
3840
340
3842
342
3844
344
3846
346
3848
348
3850
350
3852
352
3854
354
3856
356
3858
358
3860
360
3862
362
3864
364
3866
366
3868
368
3870
370
3872
372
3874
374
3876
376
3878
378
3880
380
3882
382
3884
384
3886
386
3888
388
3890
390
3892
392
3894
394
3896
396
3898
398
3900
400
3902
402
3904
404
3906
406
3908
408
3910
410
3912
412
3914
414
3916
416
3918
418
3920
420
3922
422
3924
424
3926
426
3928
428
3930
430
3932
432
3934
434
3936
436
3938
438
3940
440
3942
442
3944
444
3946
446
3948
448
3950
450
3952
452
3954
454
3956
456
3958
458
3960
460
3962
462
3964
464
3966
466
3968
468
3970
470
3972
472
3974
474
3976
476
3978
478
3980
480
3982
482
3984
484
3986
486
3988
488
3990
490
3992
492
3994
494
3996
496
3998
498
4000
500
4002
502
4004
504
4006
506
4008
508
4010
510
4012
512
4014
514
4016
516
4018
518
4020
520
4022
522
4024
524
4026
526
4028
528
4030
530
4032
532
4034
534
4036
536
4038
538
4040
540
4042
542
4044
544
4046
546
4048
548
4050
550
4052
552
4054
554
4056
556
4058
558
4060
560
4062
562
4064
564
4066
566
4068
568
4070
570
4072
572
4074
574
4076
576
4078
578
4080
580
4082
582
4084
584
4086
586
4088
588
4090
590
4092
592
4094
594
4096
596
4098
598
4100
600
4102
602
4104
604
4106
606
4108
608
4110
610
4112
612
4114
614
4116
616
4118
618
4120
620
4122
622
4124
624
4126
626
4128
628
4130
630
4132
632
4134
634
4136
636
4138
638
4140
640
4142
642
4144
644
4146
646
4148
648
4150
650
4152
652
4154
654
4156
656
4158
658
4160
660
4162
662
4164
664
4166
666
4168
668
4170
670
4172
672
4174
674
4176
676
4178
678
4180
680
4182
682
4184
684
4186
686
4188
688
4190
690
4192
692
4194
694
4196
696
4198
698
4200
700
4202
702
4204
704
4206
706
4208
708
4210
710
4212
712
4214
714
4216
716
4218
718
4220
720
4222
722
4224
724
4226
726
4228
728
4230
730
4232
732
4234
734
4236
736
4238
738
4240
740
4242
742
4244
744
4246
746
4248
748
4250
750
4252
752
4254
754
4256
756
4258
758
4260
760
4262
762
4264
764
4266
766
4268
768
4270
770
4272
772
4274
774
4276
776
4278
778
4280
780
4282
782
4284
784
4286
786
4288
788
4290
790
4292
792
4294
794
4296
796
4298
798
4300
800
4302
802
4304
804
4306
806
4308
808
4310
810
4312
812
4314
814
4316
816
4318
818
4320
820
4322
822
4324
824
4326
826
4328
828
4330
830
4332
832
4334
834
4336
836
4338
838
4340
840
4342
842
4344
844
4346
846
4348
848
4350
850
4352
852
4354
854
4356
856
4358
858
4360
860
4362
862
4364
864
4366
866
4368
868
4370
870
4372
872
4374
874
4376
876
4378
878
4380
880
4382
882
4384
884
4386
886
4388
888
4390
890
4392
892
4394
894
4396
896
4398
898
4400
900
4402
902
4404
904
4406
906
4408
908
4410
910
4412
912
4414
914
4416
916
4418
918
4420
920
4422
922
4424
924
4426
926
4428
928
4430
930
4432
932
4434
934
4436
936
4438
938
4440
940
4442
942
4444
944
4446
946
4448
948
4450
950
4452
952
4454
954
4456
956
4458
958
4460
960
4462
962
4464
964
4466
966
4468
968
4470
970
4472
972
4474
974
4476
976
4478
978
4480
980
4482
982
4484
984
4486
986
4488
988
4490
990
4492
992
4494
994
4496
996
4498
998
4500
1000
4502
1002
4504
1004
4506
1006
4508
1008
4510
1010
4512
1012
4514
1014
4516
1016
4518
1018
4520
1020
4522
1022
4524
1024
4526
1026
4528
1028
4530
1030
4532
1032
4534
1034
4536
1036
4538
1038
4540
1040
4542
1042
4544
1044
4546
1046
4548
1048
4550
1050
4552
1052
4554
1054
4556
1056
4558
1058
4560
1060
4562
1062
4564
1064
4566
1066
4568
1068
4570
1070
4572
1072
4574
1074
4576
1076
4578
1078
4580
1080
4582
1082
4584
1084
4586
1086
4588
1088
4590
1090
4592
1092
4594
1094
4596
1096
4598
1098
4600
1100
4602
1102
4604
1104
4606
1106
4608
1108
4610
1110
4612
1112
4614
1114
4616
1116
4618
1118
4620
1120
4622
1122
4624
1124
4626
1126
4628
1128
4630
1130
4632
1132
4634
1134
4636
1136
4638
1138
4640
1140
4642
1142
4644
1144
4646
1146
4648
1148
4650
1150
4652
1152
4654
1154
4656
1156
4658
1158
4660
1160
4662
1162
4664
1164
4666
1166
4668
1168
4670
1170
4672
1172
4674
1174
4676
1176
4678
1178
4680
1180
4682
1182
4684
1184
4686
1186
4688
1188
4690
1190
4692
1192
4694
1194
4696
1196
4698
1198
4700
1200
4702
1202
4704
1204
4706
1206
4708
1208
4710
1210
4712
1212
4714
1214
4716
1216
4718
1218
4720
1220
4722
1222
4724
1224
4726
1226
4728
1228
4730
1230
4732
1232
4734
1234
4736
1236
4738
1238
4740
1240
4742
1242
4744
1244
4746
1246
4748
1248
4750
1250
4752
1252
4754
1254
4756
1256
4758
1258
4760
1260
4762
1262
4764
1264
4766
1266
4768
1268
4770
1270
4772
1272
4774
1274
4776
1276
4778
1278
4780
1280
4782
1282
4784
1284
4786
1286
4788
1288
4790
1290
4792
1292
4794
1294
4796
1296
4798
1298
4800
1300
4802
1302
4804
1304
4806
1306
4808
1308
4810
1310
4812
1312
4814
1314
4816
1316
4818
1318
4820
1320
4822
1322
4824
1324
4826
1326
4828
1328
4830
1330
4832
1332
4834
1334
4836
1336
4838
1338
4840
1340
4842
1342
4844
1344
4846
1346
4848
1348
4850
1350
4852
1352
4854
1354
4856
1356
4858
1358
4860
1360
4862
1362
4864
1364
4866
1366
4868
1368
4870
1370
4872
1372
4874
1374
4876
1376
4878
1378
4880
1380
4882
1382
4884
1384
4886
1386
4888
1388
4890
1390
4892
1392
4894
1394
4896
1396
4898
1398
4900
1400
4902
1402
4904
1404
4906
1406
4908
1408
4910
1410
4912
1412
4914
1414
4916
1416
4918
1418
4920
1420
4922
1422
4924
1424
4926
1426
4928
1428
4930
1430
4932
1432
4934
1434
4936
1436
4938
1438
4940
1440
4942
1442
4944
1444
4946
1446
4948
1448
4950
1450
4952
1452
4954
1454
4956
1456
4958
1458
4960
1460
4962
1462
4964
1464
4966
1466
4968
1468
4970
1470
4972
1472
4974
1474
4976
1476
4978
1478
4980
1480
4982
1482
4984
1484
4986
1486
4988
1488
4990
1490
4992
1492
4994
1494
4996
1496
4998
1498
5000
1500
5002
1502
5004
1504
5006
1506
5008
1508
5010
1510
5012
1512
5014
1514
5016
1516
5018
1518
5020
1520
5022
1522
5024
1524
5026
1526
5028
1528
5030
1530
5032
1532
5034
1534
5036
1536
5038
1538
5040
1540
5042
1542
5044
1544
5046
1546
5048
1548
5050
1550
5052
1552
5054
1554
5056
1556
5058
1558
5060
1560
5062
1562
5064
1564
5066
1566
5068
1568
5070
1570
5072
1572
5074
1574
5076
1576
5078
1578
5080
1580
5082
1582
5084
1584
5086
1586
5088
1588
5090
1590
5092
1592
5094
1594
5096
1596
5098
1598
5100
1600
5102
1602
5104
1604
5106
1606
5108
1608
5110
1610
5112
1612
5114
1614
5116
1616
5118
1618
5120
1620
5122
1622
5124
1624
5126
1626
5128
1628
5130
1630
5132
1632
5134
1634
5136
1636
5138
1638
5140
1640
5142
1642
5144
1644
5146
1646
5148
1648
5150
1650
5152
1652
5154
1654
5156
1656
5158
1658
5160
1660
5162
1662
5164
1664
5166
1666
5168
1668
5170
1670
5172
1672
5174
1674
5176
1676
5178
1678
5180
1680
5182
1682
5184
1684
5186
1686
5188
1688
5190
1690
5192
1692
5194
1694
5196
1696
5198
1698
5200
1700
5202
1702
5204
1704
5206
1706
5208
1708
5210
1710
5212
1712
5214
1714
5216
1716
5218
1718
5220
1720
5222
1722
5224
1724
5226
1726
5228
1728
5230
1730
5232
1732
5234
1734
5236
1736
5238
1738
5240
1740
5242
1742
5244
1744
5246
1746
5248
1748
5250
1750
5252
1752
5254
1754
5256
1756
5258
1758
5260
1760
5262
1762
5264
1764
5266
1766
5268
1768
5270
1770
5272
1772
5274
1774
5276
1776
5278
1778
5280
1780
5282
1782
5284
1784
5286
1786
5288
1788
5290
1790
5292
1792
5294
1794
5296
1796
5298
1798
5300
1800
5302
1802
5304
1804
5306
1806
5308
1808
5310
1810
5312
1812
5314
1814
5316
1816
5318
1818
5320
1820
5322
1822
5324
1824
5326
1826
5328
1828
5330
1830
5332
1832
5334
1834
5336
1836
5338
1838
5340
1840
5342
1842
5344
1844
5346
1846
5348
1848
5350
1850
5352
1852
5354
1854
5356
1856
5358
1858
5360
1860
5362
1862
5364
1864
5366
1866
5368
1868
5370
1870
5372
1872
5374
1874
5376
1876
5378
1878
5380
1880
5382
1882
5384
1884
5386
1886
5388
1888
5390
1890
5392
1892
5394
1894
5396
1896
5398
1898
5400
1900
5402
1902
5404
1904
5406
1906
5408
1908
5410
1910
5412
1912
5414
1914
5416
1916
5418
1918
5420
1920
5422
1922
5424
1924
5426
1926
5428
1928
5430
1930
5432
1932
5434
1934
5436
1936
5438
1938
5440
1940
5442
1942
5444
1944
5446
1946
5448
1948
5450
1950
5452
1952
5454
1954
5456
1956
5458
1958
5460
1960
5462
1962
5464
1964
5466
1966
5468
1968
5470
1970
5472
1972
5474
1974
5476
1976
5478
1978
5480
1980
5482
1982
5484
1984
5486
1986
5488
1988
5490
1990
5492
1992
5494
1994
5496
1996
5498
1998
5500
2000
5502
2002
5504
2004
5506
2006
5508
2008
5510
2010
5512
2012
5514
2014
5516
2016
5518
2018
5520
2020
5522
2022
5524
2024
5526
2026
5528
2028
5530
2030
5532
2032
5534
2034
5536
2036
5538
2038
5540
2040
5542
2042
5544
2044
5546
2046
5548
2048
5550
2050
5552
2052
5554
2054
5556
2056
5558
2058
5560
2060
5562
2062
5564
2064
5566
2066
5568
2068
5570
2070
5572
2072
5574
2074
5576
2076
5578
2078
5580
2080
5582
2082
5584
2084
5586
2086
5588
2088
5590
2090
5592
2092
5594
2094
5596
2096
5598
2098
5600
2100
5602
2102
5604
2104
5606
2106
5608
2108
5610
2110
5612
2112
5614
2114
5616
2116
5618
2118
5620
2120
5622
2122
5624
2124
5626
2126
5628
2128
5630
2130
5632
2132
5634
2134
5636
2136
5638
2138
5640
2140
5642
2142
5644
2144
5646
2146
5648
2148
5650
2150
5652
2152
5654
2154
5656
2156
5658
2158
5660
2160
5662
2162
5664
2164
5666
2166
5668
2168
5670
2170
5672
2172
5674
2174
5676
2176
5678
2178
5680
2180
5682
2182
5684
2184
5686
2186
5688
2188
5690
2190
5692
2192
5694
2194
5696
2196
5698
2198
5700
2200
5702
2202
5704
2204
5706
2206
5708
2208
5710
2210
5712
2212
5714
2214
5716
2216
5718
2218
5720
2220
5722
2222
5724
2224
5726
2226
5728
2228
5730
2230
5732
2232
5734
2234
5736
2236
5738
2238
5740
2240
5742
2242
5744
2244
5746
2246
5748
2248
5750
2250
5752
2252
5754
2254
5756
2256
5758
2258
5760
2260
5762
2262
5764
2264
5766
2266
5768
2268
5770
2270
5772
2272
5774
2274
5776
2276
5778
2278
5780
2280
5782
2282
5784
2284
5786
2286
5788
2288
5790
2290
5792
2292
5794
2294
5796
2296
5798
2298
5800
2300
5802
2302
5804
2304
5806
2306
5808
2308
5810
2310
5812
2312
5814
2314
5816
2316
5818
2318
5820
2320
5822
2322
5824
2324
5826
2326
5828
2328
5830
2330
5832
2332
5834
2334
5836
2336
5838
2338
5840
2340
5842
2342
5844
2344
5846
2346
5848
2348
5850
2350
5852
2352
5854
2354
5856
2356
5858
2358
5860
2360
5862
2362
5864
2364
5866
2366
5868
2368
5870
2370
5872
2372
5874
2374
5876
2376
5878
2378
5880
2380
5882
2382
5884
2384
5886
2386
5888
2388
5890
2390
5892
2392
5894
2394
5896
2396
5898
2398
5900
2400
5902
2402
5904
2404
5906
2406
5908
2408
5910
2410
5912
2412
5914
2414
5916
2416
5918
2418
5920
2420
5922
2422
5924
2424
5926
2426
5928
2428
5930
2430
5932
2432
5934
2434
5936
2436
5938
2438
5940
2440
5942
2442
5944
2444
5946
2446
5948
2448
5950
2450
5952
2452
5954
2454
5956
2456
5958
2458
5960
2460
5962
2462
5964
2464
5966
2466
5968
2468
5970
2470
5972
2472
5974
2474
5976
2476
5978
2478
5980
2480
5982
2482
5984
2484
5986
2486
5988
2488
5990
2490
5992
2492
5994
2494
5996
2496
5998
2498
6000
2500
6002
2502
6004
2504
6006
2506
6008
2508
6010
2510
6012
2512
6014
2514
6016
2516
6018
2518
6020
2520
6022
2522
6024
2524
6026
2526
6028
2528
6030
2530
6032
2532
6034
2534
6036
2536
6038
2538
6040
2540
6042
2542
6044
2544
6046
2546
6048
2548
6050
2550
6052
2552
6054
2554
6056
2556
6058
2558
6060
2560
6062
2562
6064
2564
6066
2566
6068
2568
6070
2570
6072
2572
6074
2574
6076
2576
6078
2578
6080
2580
6082
2582
6084
2584
6086
2586
6088
2588
6090
2590
6092
2592
6094
2594
6096
2596
6098
2598
6100
2600
6102
2602
6104
2604
6106
2606
6108
2608
6110
2610
6112
2612
6114
2614
6116
2616
6118
2618
6120
2620
6122
2622
6124
2624
6126
2626
6128
2628
6130
2630
6132
2632
6134
2634
6136
2636
6138
2638
6140
2640
6142
2642
6144
2644
6146
2646
6148
2648
6150
2650
6152
2652
6154
2654
6156
2656
6158
2658
6160
2660
6162
2662
6164
2664
6166
2666
6168
2668
6170
2670
6172
2672
6174
2674
6176
2676
6178
2678
6180
2680
6182
2682
6184
2684
6186
2686
6188
2688
6190
2690
6192
2692
6194
2694
6196
2696
6198
2698
6200
2700
6202
2702
6204
2704
6206
2706
6208
2708
6210
2710
6212
2712
6214
2714
6216
2716
6218
2718
6220
2720
6222
2722
6224
2724
6226
2726
6228
2728
6230
2730
6232
2732
6234
2734
6236
2736
6238
2738
6240
2740
6242
2742
6244
2744
6246
2746
6248
2748
6250
2750
6252
2752
6254
2754
6256
2756
6258
2758
6260
2760
6262
2762
6264
2764
6266
2766
6268
2768
6270
2770
6272
2772
6274
2774
6276
2776
6278
2778
6280
2780
6282
2782
6284
2784
6286
2786
6288
2788
6290
2790
6292
2792
6294
2794
6296
2796
6298
2798
6300
2800
6302
2802
6304
2804
6306
2806
6308
2808
6310
2810
6312
2812
6314
2814
6316
2816
6318
2818
6320
2820
6322
2822
6324
2824
6326
2826
6328
2828
6330
2830
6332
2832
6334
2834
6336
2836
6338
2838
6340
2840
6342
2842
6344
2844
6346
2846
6348
2848
6350
2850
6352
2852
6354
2854
6356
2856
6358
2858
6360
2860
6362
2862
6364
2864
6366
2866
6368
2868
6370
2870
6372
2872
6374
2874
6376
2876
6378
2878
6380
2880
6382
2882
6384
2884
6386
2886
6388
2888
6390
2890
6392
2892
6394
2894
6396
2896
6398
2898
6400
2900
6402
2902
6404
2904
6406
2906
6408
2908
6410
2910
6412
2912
6414
2914
6416
2916
6418
2918
6420
2920
6422
2922
6424
2924
6426
2926
6428
2928
6430
2930
6432
2932
6434
2934
6436
2936
6438
2938
6440
2940
6442
2942
6444
2944
6446
2946
6448
2948
6450
2950
6452
2952
6454
2954
6456
2956
6458
2958
6460
2960
6462
2962
6464
2964
6466
2966
6468
2968
6470
2970
6472
2972
6474
2974
6476
2976
6478
2978
6480
2980
6482
2982
6484
2984
6486
2986
6488
2988
6490
2990
6492
2992
6494
2994
6496
2996
6498
2998
6500
3000
6502
3002
6504
3004
6506
3006
6508
3008
6510
3010
6512
3012
6514
3014
6516
3016
6518
3018
6520
3020
6522
3022
6524
3024
6526
3026
6528
3028
6530
3030
6532
3032
6534
3034
6536
3036
6538
3038
6540
3040
6542
3042
6544
3044
6546
3046
6548
3048
6550
3050
6552
3052
6554
3054
6556
3056
6558
3058
6560
3060
6562
3062
6564
3064
6566
3066
6568
3068
6570
3070
6572
3072
6574
3074
6576
3076
6578
3078
6580
3080
6582
3082
6584
3084
6586
3086
6588
3088
6590
3090
6592
3092
6594
3094
6596
3096
6598
3098
6600
3100
6602
3102
6604
3104
6606
3106
6608
3108
6610
3110
6612
3112
6614
3114
6616
3116
6618
3118
6620
3120
6622
3122
6624
3124
6626
3126
6628
3128
6630
3130
6632
3132
6634
3134
6636
3136
6638
3138
6640
3140
6642
3142
6644
3144
6646
3146
6648
3148
6650
3150
6652
3152
6654
3154
6656
3156
6658
3158
6660
3160
6662
3162
6664
3164
6666
3166
6668
3168
6670
3170
6672
3172
6674
3174
6676
3176
6678
3178
6680
3180
6682
3182
6684
3184
6686
3186
6688
3188
6690
3190
6692
3192
6694
3194
6696
3196
6698
3198
6700
3200
6702
3202
6704
3204
6706
3206
6708
3208
6710
3210
6712
3212
6714
3214
6716
3216
6718
3218
6720
3220
6722
3222
6724
3224
6726
3226
6728
3228
6730
3230
6732
3232
6734
3234
6736
3236
6738
3238
6740
3240
6742
3242
6744
3244
6746
3246
6748
3248
6750
3250
6752
3252
6754
3254
6756
3256
6758
3258
6760
3260
6762
3262
6764
3264
6766
3266
6768
3268
6770
3270
6772
3272
6774
3274
6776
3276
6778
3278
6780
3280
6782
3282
6784
3284
6786
3286
6788
3288
6790
3290
6792
3292
6794
3294
6796
3296
6798
3298
6800
3300
6802
3302
6804
3304
6806
3306
6808
3308
6810
3310
6812
3312
6814
3314
6816
3316
6818
3318
6820
3320
6822
3322
6824
3324
6826
3326
6828
3328
6830
3330
6832
3332
6834
3334
6836
3336
6838
3338
6840
3340
6842
3342
6844
3344
6846
3346
6848
3348
6850
3350
6852
3352
6854
3354
6856
3356
6858
3358
6860
3360
6862
3362
6864
3364
6866
3366
6868
3368
6870
3370
6872
3372
6874
3374
6876
3376
6878
3378
6880
3380
6882
3382
6884
3384
6886
3386
6888
3388
6890
3390
6892
3392
6894
3394
6896
3396
6898
3398
6900
3400
6902
3402
6904
3404
6906
3406
6908
3408
6910
3410
6912
3412
6914
3414
6916
3416
6918
3418
6920
3420
6922
3422
6924
3424
6926
3426
6928
3428
6930
3430
6932
3432
6934
3434
6936
3436
6938
3438
6940
3440
6942
3442
6944
3444
6946
3446
6948
3448
6950
3450
6952
3452
6954
3454
6956
3456
6958
3458
6960
3460
6962
3462
6964
3464
6966
3466
6968
3468
6970
3470
6972
3472
6974
3474
6976
3476
6978
3478
6980
3480
6982
3482
6984
3484
6986
3486
6988
3488
6990
3490
6992
3492
6994
3494
6996
3496
6998
3498
7000
3500
