-1
4001
1
4003
3
4005
5
4007
7
4009
9
4011
11
4013
13
4015
15
4017
17
4019
19
4021
21
4023
23
4025
25
4027
27
4029
29
4031
31
4033
33
4035
35
4037
37
4039
39
4041
41
4043
43
4045
45
4047
47
4049
49
4051
51
4053
53
4055
55
4057
57
4059
59
4061
61
4063
63
4065
65
4067
67
4069
69
4071
71
4073
73
4075
75
4077
77
4079
79
4081
81
4083
83
4085
85
4087
87
4089
89
4091
91
4093
93
4095
95
4097
97
4099
99
4101
101
4103
103
4105
105
4107
107
4109
109
4111
111
4113
113
4115
115
4117
117
4119
119
4121
121
4123
123
4125
125
4127
127
4129
129
4131
131
4133
133
4135
135
4137
137
4139
139
4141
141
4143
143
4145
145
4147
147
4149
149
4151
151
4153
153
4155
155
4157
157
4159
159
4161
161
4163
163
4165
165
4167
167
4169
169
4171
171
4173
173
4175
175
4177
177
4179
179
4181
181
4183
183
4185
185
4187
187
4189
189
4191
191
4193
193
4195
195
4197
197
4199
199
4201
201
4203
203
4205
205
4207
207
4209
209
4211
211
4213
213
4215
215
4217
217
4219
219
4221
221
4223
223
4225
225
4227
227
4229
229
4231
231
4233
233
4235
235
4237
237
4239
239
4241
241
4243
243
4245
245
4247
247
4249
249
4251
251
4253
253
4255
255
4257
257
4259
259
4261
261
4263
263
4265
265
4267
267
4269
269
4271
271
4273
273
4275
275
4277
277
4279
279
4281
281
4283
283
4285
285
4287
287
4289
289
4291
291
4293
293
4295
295
4297
297
4299
299
4301
301
4303
303
4305
305
4307
307
4309
309
4311
311
4313
313
4315
315
4317
317
4319
319
4321
321
4323
323
4325
325
4327
327
4329
329
4331
331
4333
333
4335
335
4337
337
4339
339
4341
341
4343
343
4345
345
4347
347
4349
349
4351
351
4353
353
4355
355
4357
357
4359
359
4361
361
4363
363
4365
365
4367
367
4369
369
4371
371
4373
373
4375
375
4377
377
4379
379
4381
381
4383
383
4385
385
4387
387
4389
389
4391
391
4393
393
4395
395
4397
397
4399
399
4401
401
4403
403
4405
405
4407
407
4409
409
4411
411
4413
413
4415
415
4417
417
4419
419
4421
421
4423
423
4425
425
4427
427
4429
429
4431
431
4433
433
4435
435
4437
437
4439
439
4441
441
4443
443
4445
445
4447
447
4449
449
4451
451
4453
453
4455
455
4457
457
4459
459
4461
461
4463
463
4465
465
4467
467
4469
469
4471
471
4473
473
4475
475
4477
477
4479
479
4481
481
4483
483
4485
485
4487
487
4489
489
4491
491
4493
493
4495
495
4497
497
4499
499
4501
501
4503
503
4505
505
4507
507
4509
509
4511
511
4513
513
4515
515
4517
517
4519
519
4521
521
4523
523
4525
525
4527
527
4529
529
4531
531
4533
533
4535
535
4537
537
4539
539
4541
541
4543
543
4545
545
4547
547
4549
549
4551
551
4553
553
4555
555
4557
557
4559
559
4561
561
4563
563
4565
565
4567
567
4569
569
4571
571
4573
573
4575
575
4577
577
4579
579
4581
581
4583
583
4585
585
4587
587
4589
589
4591
591
4593
593
4595
595
4597
597
4599
599
4601
601
4603
603
4605
605
4607
607
4609
609
4611
611
4613
613
4615
615
4617
617
4619
619
4621
621
4623
623
4625
625
4627
627
4629
629
4631
631
4633
633
4635
635
4637
637
4639
639
4641
641
4643
643
4645
645
4647
647
4649
649
4651
651
4653
653
4655
655
4657
657
4659
659
4661
661
4663
663
4665
665
4667
667
4669
669
4671
671
4673
673
4675
675
4677
677
4679
679
4681
681
4683
683
4685
685
4687
687
4689
689
4691
691
4693
693
4695
695
4697
697
4699
699
4701
701
4703
703
4705
705
4707
707
4709
709
4711
711
4713
713
4715
715
4717
717
4719
719
4721
721
4723
723
4725
725
4727
727
4729
729
4731
731
4733
733
4735
735
4737
737
4739
739
4741
741
4743
743
4745
745
4747
747
4749
749
4751
751
4753
753
4755
755
4757
757
4759
759
4761
761
4763
763
4765
765
4767
767
4769
769
4771
771
4773
773
4775
775
4777
777
4779
779
4781
781
4783
783
4785
785
4787
787
4789
789
4791
791
4793
793
4795
795
4797
797
4799
799
4801
801
4803
803
4805
805
4807
807
4809
809
4811
811
4813
813
4815
815
4817
817
4819
819
4821
821
4823
823
4825
825
4827
827
4829
829
4831
831
4833
833
4835
835
4837
837
4839
839
4841
841
4843
843
4845
845
4847
847
4849
849
4851
851
4853
853
4855
855
4857
857
4859
859
4861
861
4863
863
4865
865
4867
867
4869
869
4871
871
4873
873
4875
875
4877
877
4879
879
4881
881
4883
883
4885
885
4887
887
4889
889
4891
891
4893
893
4895
895
4897
897
4899
899
4901
901
4903
903
4905
905
4907
907
4909
909
4911
911
4913
913
4915
915
4917
917
4919
919
4921
921
4923
923
4925
925
4927
927
4929
929
4931
931
4933
933
4935
935
4937
937
4939
939
4941
941
4943
943
4945
945
4947
947
4949
949
4951
951
4953
953
4955
955
4957
957
4959
959
4961
961
4963
963
4965
965
4967
967
4969
969
4971
971
4973
973
4975
975
4977
977
4979
979
4981
981
4983
983
4985
985
4987
987
4989
989
4991
991
4993
993
4995
995
4997
997
4999
999
5001
1001
5003
1003
5005
1005
5007
1007
5009
1009
5011
1011
5013
1013
5015
1015
5017
1017
5019
1019
5021
1021
5023
1023
5025
1025
5027
1027
5029
1029
5031
1031
5033
1033
5035
1035
5037
1037
5039
1039
5041
1041
5043
1043
5045
1045
5047
1047
5049
1049
5051
1051
5053
1053
5055
1055
5057
1057
5059
1059
5061
1061
5063
1063
5065
1065
5067
1067
5069
1069
5071
1071
5073
1073
5075
1075
5077
1077
5079
1079
5081
1081
5083
1083
5085
1085
5087
1087
5089
1089
5091
1091
5093
1093
5095
1095
5097
1097
5099
1099
5101
1101
5103
1103
5105
1105
5107
1107
5109
1109
5111
1111
5113
1113
5115
1115
5117
1117
5119
1119
5121
1121
5123
1123
5125
1125
5127
1127
5129
1129
5131
1131
5133
1133
5135
1135
5137
1137
5139
1139
5141
1141
5143
1143
5145
1145
5147
1147
5149
1149
5151
1151
5153
1153
5155
1155
5157
1157
5159
1159
5161
1161
5163
1163
5165
1165
5167
1167
5169
1169
5171
1171
5173
1173
5175
1175
5177
1177
5179
1179
5181
1181
5183
1183
5185
1185
5187
1187
5189
1189
5191
1191
5193
1193
5195
1195
5197
1197
5199
1199
5201
1201
5203
1203
5205
1205
5207
1207
5209
1209
5211
1211
5213
1213
5215
1215
5217
1217
5219
1219
5221
1221
5223
1223
5225
1225
5227
1227
5229
1229
5231
1231
5233
1233
5235
1235
5237
1237
5239
1239
5241
1241
5243
1243
5245
1245
5247
1247
5249
1249
5251
1251
5253
1253
5255
1255
5257
1257
5259
1259
5261
1261
5263
1263
5265
1265
5267
1267
5269
1269
5271
1271
5273
1273
5275
1275
5277
1277
5279
1279
5281
1281
5283
1283
5285
1285
5287
1287
5289
1289
5291
1291
5293
1293
5295
1295
5297
1297
5299
1299
5301
1301
5303
1303
5305
1305
5307
1307
5309
1309
5311
1311
5313
1313
5315
1315
5317
1317
5319
1319
5321
1321
5323
1323
5325
1325
5327
1327
5329
1329
5331
1331
5333
1333
5335
1335
5337
1337
5339
1339
5341
1341
5343
1343
5345
1345
5347
1347
5349
1349
5351
1351
5353
1353
5355
1355
5357
1357
5359
1359
5361
1361
5363
1363
5365
1365
5367
1367
5369
1369
5371
1371
5373
1373
5375
1375
5377
1377
5379
1379
5381
1381
5383
1383
5385
1385
5387
1387
5389
1389
5391
1391
5393
1393
5395
1395
5397
1397
5399
1399
5401
1401
5403
1403
5405
1405
5407
1407
5409
1409
5411
1411
5413
1413
5415
1415
5417
1417
5419
1419
5421
1421
5423
1423
5425
1425
5427
1427
5429
1429
5431
1431
5433
1433
5435
1435
5437
1437
5439
1439
5441
1441
5443
1443
5445
1445
5447
1447
5449
1449
5451
1451
5453
1453
5455
1455
5457
1457
5459
1459
5461
1461
5463
1463
5465
1465
5467
1467
5469
1469
5471
1471
5473
1473
5475
1475
5477
1477
5479
1479
5481
1481
5483
1483
5485
1485
5487
1487
5489
1489
5491
1491
5493
1493
5495
1495
5497
1497
5499
1499
5501
1501
5503
1503
5505
1505
5507
1507
5509
1509
5511
1511
5513
1513
5515
1515
5517
1517
5519
1519
5521
1521
5523
1523
5525
1525
5527
1527
5529
1529
5531
1531
5533
1533
5535
1535
5537
1537
5539
1539
5541
1541
5543
1543
5545
1545
5547
1547
5549
1549
5551
1551
5553
1553
5555
1555
5557
1557
5559
1559
5561
1561
5563
1563
5565
1565
5567
1567
5569
1569
5571
1571
5573
1573
5575
1575
5577
1577
5579
1579
5581
1581
5583
1583
5585
1585
5587
1587
5589
1589
5591
1591
5593
1593
5595
1595
5597
1597
5599
1599
5601
1601
5603
1603
5605
1605
5607
1607
5609
1609
5611
1611
5613
1613
5615
1615
5617
1617
5619
1619
5621
1621
5623
1623
5625
1625
5627
1627
5629
1629
5631
1631
5633
1633
5635
1635
5637
1637
5639
1639
5641
1641
5643
1643
5645
1645
5647
1647
5649
1649
5651
1651
5653
1653
5655
1655
5657
1657
5659
1659
5661
1661
5663
1663
5665
1665
5667
1667
5669
1669
5671
1671
5673
1673
5675
1675
5677
1677
5679
1679
5681
1681
5683
1683
5685
1685
5687
1687
5689
1689
5691
1691
5693
1693
5695
1695
5697
1697
5699
1699
5701
1701
5703
1703
5705
1705
5707
1707
5709
1709
5711
1711
5713
1713
5715
1715
5717
1717
5719
1719
5721
1721
5723
1723
5725
1725
5727
1727
5729
1729
5731
1731
5733
1733
5735
1735
5737
1737
5739
1739
5741
1741
5743
1743
5745
1745
5747
1747
5749
1749
5751
1751
5753
1753
5755
1755
5757
1757
5759
1759
5761
1761
5763
1763
5765
1765
5767
1767
5769
1769
5771
1771
5773
1773
5775
1775
5777
1777
5779
1779
5781
1781
5783
1783
5785
1785
5787
1787
5789
1789
5791
1791
5793
1793
5795
1795
5797
1797
5799
1799
5801
1801
5803
1803
5805
1805
5807
1807
5809
1809
5811
1811
5813
1813
5815
1815
5817
1817
5819
1819
5821
1821
5823
1823
5825
1825
5827
1827
5829
1829
5831
1831
5833
1833
5835
1835
5837
1837
5839
1839
5841
1841
5843
1843
5845
1845
5847
1847
5849
1849
5851
1851
5853
1853
5855
1855
5857
1857
5859
1859
5861
1861
5863
1863
5865
1865
5867
1867
5869
1869
5871
1871
5873
1873
5875
1875
5877
1877
5879
1879
5881
1881
5883
1883
5885
1885
5887
1887
5889
1889
5891
1891
5893
1893
5895
1895
5897
1897
5899
1899
5901
1901
5903
1903
5905
1905
5907
1907
5909
1909
5911
1911
5913
1913
5915
1915
5917
1917
5919
1919
5921
1921
5923
1923
5925
1925
5927
1927
5929
1929
5931
1931
5933
1933
5935
1935
5937
1937
5939
1939
5941
1941
5943
1943
5945
1945
5947
1947
5949
1949
5951
1951
5953
1953
5955
1955
5957
1957
5959
1959
5961
1961
5963
1963
5965
1965
5967
1967
5969
1969
5971
1971
5973
1973
5975
1975
5977
1977
5979
1979
5981
1981
5983
1983
5985
1985
5987
1987
5989
1989
5991
1991
5993
1993
5995
1995
5997
1997
5999
1999
6001
2001
6003
2003
6005
2005
6007
2007
6009
2009
6011
2011
6013
2013
6015
2015
6017
2017
6019
2019
6021
2021
6023
2023
6025
2025
6027
2027
6029
2029
6031
2031
6033
2033
6035
2035
6037
2037
6039
2039
6041
2041
6043
2043
6045
2045
6047
2047
6049
2049
6051
2051
6053
2053
6055
2055
6057
2057
6059
2059
6061
2061
6063
2063
6065
2065
6067
2067
6069
2069
6071
2071
6073
2073
6075
2075
6077
2077
6079
2079
6081
2081
6083
2083
6085
2085
6087
2087
6089
2089
6091
2091
6093
2093
6095
2095
6097
2097
6099
2099
6101
2101
6103
2103
6105
2105
6107
2107
6109
2109
6111
2111
6113
2113
6115
2115
6117
2117
6119
2119
6121
2121
6123
2123
6125
2125
6127
2127
6129
2129
6131
2131
6133
2133
6135
2135
6137
2137
6139
2139
6141
2141
6143
2143
6145
2145
6147
2147
6149
2149
6151
2151
6153
2153
6155
2155
6157
2157
6159
2159
6161
2161
6163
2163
6165
2165
6167
2167
6169
2169
6171
2171
6173
2173
6175
2175
6177
2177
6179
2179
6181
2181
6183
2183
6185
2185
6187
2187
6189
2189
6191
2191
6193
2193
6195
2195
6197
2197
6199
2199
6201
2201
6203
2203
6205
2205
6207
2207
6209
2209
6211
2211
6213
2213
6215
2215
6217
2217
6219
2219
6221
2221
6223
2223
6225
2225
6227
2227
6229
2229
6231
2231
6233
2233
6235
2235
6237
2237
6239
2239
6241
2241
6243
2243
6245
2245
6247
2247
6249
2249
6251
2251
6253
2253
6255
2255
6257
2257
6259
2259
6261
2261
6263
2263
6265
2265
6267
2267
6269
2269
6271
2271
6273
2273
6275
2275
6277
2277
6279
2279
6281
2281
6283
2283
6285
2285
6287
2287
6289
2289
6291
2291
6293
2293
6295
2295
6297
2297
6299
2299
6301
2301
6303
2303
6305
2305
6307
2307
6309
2309
6311
2311
6313
2313
6315
2315
6317
2317
6319
2319
6321
2321
6323
2323
6325
2325
6327
2327
6329
2329
6331
2331
6333
2333
6335
2335
6337
2337
6339
2339
6341
2341
6343
2343
6345
2345
6347
2347
6349
2349
6351
2351
6353
2353
6355
2355
6357
2357
6359
2359
6361
2361
6363
2363
6365
2365
6367
2367
6369
2369
6371
2371
6373
2373
6375
2375
6377
2377
6379
2379
6381
2381
6383
2383
6385
2385
6387
2387
6389
2389
6391
2391
6393
2393
6395
2395
6397
2397
6399
2399
6401
2401
6403
2403
6405
2405
6407
2407
6409
2409
6411
2411
6413
2413
6415
2415
6417
2417
6419
2419
6421
2421
6423
2423
6425
2425
6427
2427
6429
2429
6431
2431
6433
2433
6435
2435
6437
2437
6439
2439
6441
2441
6443
2443
6445
2445
6447
2447
6449
2449
6451
2451
6453
2453
6455
2455
6457
2457
6459
2459
6461
2461
6463
2463
6465
2465
6467
2467
6469
2469
6471
2471
6473
2473
6475
2475
6477
2477
6479
2479
6481
2481
6483
2483
6485
2485
6487
2487
6489
2489
6491
2491
6493
2493
6495
2495
6497
2497
6499
2499
6501
2501
6503
2503
6505
2505
6507
2507
6509
2509
6511
2511
6513
2513
6515
2515
6517
2517
6519
2519
6521
2521
6523
2523
6525
2525
6527
2527
6529
2529
6531
2531
6533
2533
6535
2535
6537
2537
6539
2539
6541
2541
6543
2543
6545
2545
6547
2547
6549
2549
6551
2551
6553
2553
6555
2555
6557
2557
6559
2559
6561
2561
6563
2563
6565
2565
6567
2567
6569
2569
6571
2571
6573
2573
6575
2575
6577
2577
6579
2579
6581
2581
6583
2583
6585
2585
6587
2587
6589
2589
6591
2591
6593
2593
6595
2595
6597
2597
6599
2599
6601
2601
6603
2603
6605
2605
6607
2607
6609
2609
6611
2611
6613
2613
6615
2615
6617
2617
6619
2619
6621
2621
6623
2623
6625
2625
6627
2627
6629
2629
6631
2631
6633
2633
6635
2635
6637
2637
6639
2639
6641
2641
6643
2643
6645
2645
6647
2647
6649
2649
6651
2651
6653
2653
6655
2655
6657
2657
6659
2659
6661
2661
6663
2663
6665
2665
6667
2667
6669
2669
6671
2671
6673
2673
6675
2675
6677
2677
6679
2679
6681
2681
6683
2683
6685
2685
6687
2687
6689
2689
6691
2691
6693
2693
6695
2695
6697
2697
6699
2699
6701
2701
6703
2703
6705
2705
6707
2707
6709
2709
6711
2711
6713
2713
6715
2715
6717
2717
6719
2719
6721
2721
6723
2723
6725
2725
6727
2727
6729
2729
6731
2731
6733
2733
6735
2735
6737
2737
6739
2739
6741
2741
6743
2743
6745
2745
6747
2747
6749
2749
6751
2751
6753
2753
6755
2755
6757
2757
6759
2759
6761
2761
6763
2763
6765
2765
6767
2767
6769
2769
6771
2771
6773
2773
6775
2775
6777
2777
6779
2779
6781
2781
6783
2783
6785
2785
6787
2787
6789
2789
6791
2791
6793
2793
6795
2795
6797
2797
6799
2799
6801
2801
6803
2803
6805
2805
6807
2807
6809
2809
6811
2811
6813
2813
6815
2815
6817
2817
6819
2819
6821
2821
6823
2823
6825
2825
6827
2827
6829
2829
6831
2831
6833
2833
6835
2835
6837
2837
6839
2839
6841
2841
6843
2843
6845
2845
6847
2847
6849
2849
6851
2851
6853
2853
6855
2855
6857
2857
6859
2859
6861
2861
6863
2863
6865
2865
6867
2867
6869
2869
6871
2871
6873
2873
6875
2875
6877
2877
6879
2879
6881
2881
6883
2883
6885
2885
6887
2887
6889
2889
6891
2891
6893
2893
6895
2895
6897
2897
6899
2899
6901
2901
6903
2903
6905
2905
6907
2907
6909
2909
6911
2911
6913
2913
6915
2915
6917
2917
6919
2919
6921
2921
6923
2923
6925
2925
6927
2927
6929
2929
6931
2931
6933
2933
6935
2935
6937
2937
6939
2939
6941
2941
6943
2943
6945
2945
6947
2947
6949
2949
6951
2951
6953
2953
6955
2955
6957
2957
6959
2959
6961
2961
6963
2963
6965
2965
6967
2967
6969
2969
6971
2971
6973
2973
6975
2975
6977
2977
6979
2979
6981
2981
6983
2983
6985
2985
6987
2987
6989
2989
6991
2991
6993
2993
6995
2995
6997
2997
6999
2999
7001
3001
7003
3003
7005
3005
7007
3007
7009
3009
7011
3011
7013
3013
7015
3015
7017
3017
7019
3019
7021
3021
7023
3023
7025
3025
7027
3027
7029
3029
7031
3031
7033
3033
7035
3035
7037
3037
7039
3039
7041
3041
7043
3043
7045
3045
7047
3047
7049
3049
7051
3051
7053
3053
7055
3055
7057
3057
7059
3059
7061
3061
7063
3063
7065
3065
7067
3067
7069
3069
7071
3071
7073
3073
7075
3075
7077
3077
7079
3079
7081
3081
7083
3083
7085
3085
7087
3087
7089
3089
7091
3091
7093
3093
7095
3095
7097
3097
7099
3099
7101
3101
7103
3103
7105
3105
7107
3107
7109
3109
7111
3111
7113
3113
7115
3115
7117
3117
7119
3119
7121
3121
7123
3123
7125
3125
7127
3127
7129
3129
7131
3131
7133
3133
7135
3135
7137
3137
7139
3139
7141
3141
7143
3143
7145
3145
7147
3147
7149
3149
7151
3151
7153
3153
7155
3155
7157
3157
7159
3159
7161
3161
7163
3163
7165
3165
7167
3167
7169
3169
7171
3171
7173
3173
7175
3175
7177
3177
7179
3179
7181
3181
7183
3183
7185
3185
7187
3187
7189
3189
7191
3191
7193
3193
7195
3195
7197
3197
7199
3199
7201
3201
7203
3203
7205
3205
7207
3207
7209
3209
7211
3211
7213
3213
7215
3215
7217
3217
7219
3219
7221
3221
7223
3223
7225
3225
7227
3227
7229
3229
7231
3231
7233
3233
7235
3235
7237
3237
7239
3239
7241
3241
7243
3243
7245
3245
7247
3247
7249
3249
7251
3251
7253
3253
7255
3255
7257
3257
7259
3259
7261
3261
7263
3263
7265
3265
7267
3267
7269
3269
7271
3271
7273
3273
7275
3275
7277
3277
7279
3279
7281
3281
7283
3283
7285
3285
7287
3287
7289
3289
7291
3291
7293
3293
7295
3295
7297
3297
7299
3299
7301
3301
7303
3303
7305
3305
7307
3307
7309
3309
7311
3311
7313
3313
7315
3315
7317
3317
7319
3319
7321
3321
7323
3323
7325
3325
7327
3327
7329
3329
7331
3331
7333
3333
7335
3335
7337
3337
7339
3339
7341
3341
7343
3343
7345
3345
7347
3347
7349
3349
7351
3351
7353
3353
7355
3355
7357
3357
7359
3359
7361
3361
7363
3363
7365
3365
7367
3367
7369
3369
7371
3371
7373
3373
7375
3375
7377
3377
7379
3379
7381
3381
7383
3383
7385
3385
7387
3387
7389
3389
7391
3391
7393
3393
7395
3395
7397
3397
7399
3399
7401
3401
7403
3403
7405
3405
7407
3407
7409
3409
7411
3411
7413
3413
7415
3415
7417
3417
7419
3419
7421
3421
7423
3423
7425
3425
7427
3427
7429
3429
7431
3431
7433
3433
7435
3435
7437
3437
7439
3439
7441
3441
7443
3443
7445
3445
7447
3447
7449
3449
7451
3451
7453
3453
7455
3455
7457
3457
7459
3459
7461
3461
7463
3463
7465
3465
7467
3467
7469
3469
7471
3471
7473
3473
7475
3475
7477
3477
7479
3479
7481
3481
7483
3483
7485
3485
7487
3487
7489
3489
7491
3491
7493
3493
7495
3495
7497
3497
7499
3499
7501
3501
7503
3503
7505
3505
7507
3507
7509
3509
7511
3511
7513
3513
7515
3515
7517
3517
7519
3519
7521
3521
7523
3523
7525
3525
7527
3527
7529
3529
7531
3531
7533
3533
7535
3535
7537
3537
7539
3539
7541
3541
7543
3543
7545
3545
7547
3547
7549
3549
7551
3551
7553
3553
7555
3555
7557
3557
7559
3559
7561
3561
7563
3563
7565
3565
7567
3567
7569
3569
7571
3571
7573
3573
7575
3575
7577
3577
7579
3579
7581
3581
7583
3583
7585
3585
7587
3587
7589
3589
7591
3591
7593
3593
7595
3595
7597
3597
7599
3599
7601
3601
7603
3603
7605
3605
7607
3607
7609
3609
7611
3611
7613
3613
7615
3615
7617
3617
7619
3619
7621
3621
7623
3623
7625
3625
7627
3627
7629
3629
7631
3631
7633
3633
7635
3635
7637
3637
7639
3639
7641
3641
7643
3643
7645
3645
7647
3647
7649
3649
7651
3651
7653
3653
7655
3655
7657
3657
7659
3659
7661
3661
7663
3663
7665
3665
7667
3667
7669
3669
7671
3671
7673
3673
7675
3675
7677
3677
7679
3679
7681
3681
7683
3683
7685
3685
7687
3687
7689
3689
7691
3691
7693
3693
7695
3695
7697
3697
7699
3699
7701
3701
7703
3703
7705
3705
7707
3707
7709
3709
7711
3711
7713
3713
7715
3715
7717
3717
7719
3719
7721
3721
7723
3723
7725
3725
7727
3727
7729
3729
7731
3731
7733
3733
7735
3735
7737
3737
7739
3739
7741
3741
7743
3743
7745
3745
7747
3747
7749
3749
7751
3751
7753
3753
7755
3755
7757
3757
7759
3759
7761
3761
7763
3763
7765
3765
7767
3767
7769
3769
7771
3771
7773
3773
7775
3775
7777
3777
7779
3779
7781
3781
7783
3783
7785
3785
7787
3787
7789
3789
7791
3791
7793
3793
7795
3795
7797
3797
7799
3799
7801
3801
7803
3803
7805
3805
7807
3807
7809
3809
7811
3811
7813
3813
7815
3815
7817
3817
7819
3819
7821
3821
7823
3823
7825
3825
7827
3827
7829
3829
7831
3831
7833
3833
7835
3835
7837
3837
7839
3839
7841
3841
7843
3843
7845
3845
7847
3847
7849
3849
7851
3851
7853
3853
7855
3855
7857
3857
7859
3859
7861
3861
7863
3863
7865
3865
7867
3867
7869
3869
7871
3871
7873
3873
7875
3875
7877
3877
7879
3879
7881
3881
7883
3883
7885
3885
7887
3887
7889
3889
7891
3891
7893
3893
7895
3895
7897
3897
7899
3899
7901
3901
7903
3903
7905
3905
7907
3907
7909
3909
7911
3911
7913
3913
7915
3915
7917
3917
7919
3919
7921
3921
7923
3923
7925
3925
7927
3927
7929
3929
7931
3931
7933
3933
7935
3935
7937
3937
7939
3939
7941
3941
7943
3943
7945
3945
7947
3947
7949
3949
7951
3951
7953
3953
7955
3955
7957
3957
7959
3959
7961
3961
7963
3963
7965
3965
7967
3967
7969
3969
7971
3971
7973
3973
7975
3975
7977
3977
7979
3979
7981
3981
7983
3983
7985
3985
7987
3987
7989
3989
7991
3991
7993
3993
7995
3995
7997
3997
7999
3999
4002
2
4004
4
4006
6
4008
8
4010
10
4012
12
4014
14
4016
16
4018
18
4020
20
4022
22
4024
24
4026
26
4028
28
4030
30
4032
32
4034
34
4036
36
4038
38
4040
40
4042
42
4044
44
4046
46
4048
48
4050
50
4052
52
4054
54
4056
56
4058
58
4060
60
4062
62
4064
64
4066
66
4068
68
4070
70
4072
72
4074
74
4076
76
4078
78
4080
80
4082
82
4084
84
4086
86
4088
88
4090
90
4092
92
4094
94
4096
96
4098
98
4100
100
4102
102
4104
104
4106
106
4108
108
4110
110
4112
112
4114
114
4116
116
4118
118
4120
120
4122
122
4124
124
4126
126
4128
128
4130
130
4132
132
4134
134
4136
136
4138
138
4140
140
4142
142
4144
144
4146
146
4148
148
4150
150
4152
152
4154
154
4156
156
4158
158
4160
160
4162
162
4164
164
4166
166
4168
168
4170
170
4172
172
4174
174
4176
176
4178
178
4180
180
4182
182
4184
184
4186
186
4188
188
4190
190
4192
192
4194
194
4196
196
4198
198
4200
200
4202
202
4204
204
4206
206
4208
208
4210
210
4212
212
4214
214
4216
216
4218
218
4220
220
4222
222
4224
224
4226
226
4228
228
4230
230
4232
232
4234
234
4236
236
4238
238
4240
240
4242
242
4244
244
4246
246
4248
248
4250
250
4252
252
4254
254
4256
256
4258
258
4260
260
4262
262
4264
264
4266
266
4268
268
4270
270
4272
272
4274
274
4276
276
4278
278
4280
280
4282
282
4284
284
4286
286
4288
288
4290
290
4292
292
4294
294
4296
296
4298
298
4300
300
4302
302
4304
304
4306
306
4308
308
4310
310
4312
312
4314
314
4316
316
4318
318
4320
320
4322
322
4324
324
4326
326
4328
328
4330
330
4332
332
4334
334
4336
336
4338
338
4340
340
4342
342
4344
344
4346
346
4348
348
4350
350
4352
352
4354
354
4356
356
4358
358
4360
360
4362
362
4364
364
4366
366
4368
368
4370
370
4372
372
4374
374
4376
376
4378
378
4380
380
4382
382
4384
384
4386
386
4388
388
4390
390
4392
392
4394
394
4396
396
4398
398
4400
400
4402
402
4404
404
4406
406
4408
408
4410
410
4412
412
4414
414
4416
416
4418
418
4420
420
4422
422
4424
424
4426
426
4428
428
4430
430
4432
432
4434
434
4436
436
4438
438
4440
440
4442
442
4444
444
4446
446
4448
448
4450
450
4452
452
4454
454
4456
456
4458
458
4460
460
4462
462
4464
464
4466
466
4468
468
4470
470
4472
472
4474
474
4476
476
4478
478
4480
480
4482
482
4484
484
4486
486
4488
488
4490
490
4492
492
4494
494
4496
496
4498
498
4500
500
4502
502
4504
504
4506
506
4508
508
4510
510
4512
512
4514
514
4516
516
4518
518
4520
520
4522
522
4524
524
4526
526
4528
528
4530
530
4532
532
4534
534
4536
536
4538
538
4540
540
4542
542
4544
544
4546
546
4548
548
4550
550
4552
552
4554
554
4556
556
4558
558
4560
560
4562
562
4564
564
4566
566
4568
568
4570
570
4572
572
4574
574
4576
576
4578
578
4580
580
4582
582
4584
584
4586
586
4588
588
4590
590
4592
592
4594
594
4596
596
4598
598
4600
600
4602
602
4604
604
4606
606
4608
608
4610
610
4612
612
4614
614
4616
616
4618
618
4620
620
4622
622
4624
624
4626
626
4628
628
4630
630
4632
632
4634
634
4636
636
4638
638
4640
640
4642
642
4644
644
4646
646
4648
648
4650
650
4652
652
4654
654
4656
656
4658
658
4660
660
4662
662
4664
664
4666
666
4668
668
4670
670
4672
672
4674
674
4676
676
4678
678
4680
680
4682
682
4684
684
4686
686
4688
688
4690
690
4692
692
4694
694
4696
696
4698
698
4700
700
4702
702
4704
704
4706
706
4708
708
4710
710
4712
712
4714
714
4716
716
4718
718
4720
720
4722
722
4724
724
4726
726
4728
728
4730
730
4732
732
4734
734
4736
736
4738
738
4740
740
4742
742
4744
744
4746
746
4748
748
4750
750
4752
752
4754
754
4756
756
4758
758
4760
760
4762
762
4764
764
4766
766
4768
768
4770
770
4772
772
4774
774
4776
776
4778
778
4780
780
4782
782
4784
784
4786
786
4788
788
4790
790
4792
792
4794
794
4796
796
4798
798
4800
800
4802
802
4804
804
4806
806
4808
808
4810
810
4812
812
4814
814
4816
816
4818
818
4820
820
4822
822
4824
824
4826
826
4828
828
4830
830
4832
832
4834
834
4836
836
4838
838
4840
840
4842
842
4844
844
4846
846
4848
848
4850
850
4852
852
4854
854
4856
856
4858
858
4860
860
4862
862
4864
864
4866
866
4868
868
4870
870
4872
872
4874
874
4876
876
4878
878
4880
880
4882
882
4884
884
4886
886
4888
888
4890
890
4892
892
4894
894
4896
896
4898
898
4900
900
4902
902
4904
904
4906
906
4908
908
4910
910
4912
912
4914
914
4916
916
4918
918
4920
920
4922
922
4924
924
4926
926
4928
928
4930
930
4932
932
4934
934
4936
936
4938
938
4940
940
4942
942
4944
944
4946
946
4948
948
4950
950
4952
952
4954
954
4956
956
4958
958
4960
960
4962
962
4964
964
4966
966
4968
968
4970
970
4972
972
4974
974
4976
976
4978
978
4980
980
4982
982
4984
984
4986
986
4988
988
4990
990
4992
992
4994
994
4996
996
4998
998
5000
1000
5002
1002
5004
1004
5006
1006
5008
1008
5010
1010
5012
1012
5014
1014
5016
1016
5018
1018
5020
1020
5022
1022
5024
1024
5026
1026
5028
1028
5030
1030
5032
1032
5034
1034
5036
1036
5038
1038
5040
1040
5042
1042
5044
1044
5046
1046
5048
1048
5050
1050
5052
1052
5054
1054
5056
1056
5058
1058
5060
1060
5062
1062
5064
1064
5066
1066
5068
1068
5070
1070
5072
1072
5074
1074
5076
1076
5078
1078
5080
1080
5082
1082
5084
1084
5086
1086
5088
1088
5090
1090
5092
1092
5094
1094
5096
1096
5098
1098
5100
1100
5102
1102
5104
1104
5106
1106
5108
1108
5110
1110
5112
1112
5114
1114
5116
1116
5118
1118
5120
1120
5122
1122
5124
1124
5126
1126
5128
1128
5130
1130
5132
1132
5134
1134
5136
1136
5138
1138
5140
1140
5142
1142
5144
1144
5146
1146
5148
1148
5150
1150
5152
1152
5154
1154
5156
1156
5158
1158
5160
1160
5162
1162
5164
1164
5166
1166
5168
1168
5170
1170
5172
1172
5174
1174
5176
1176
5178
1178
5180
1180
5182
1182
5184
1184
5186
1186
5188
1188
5190
1190
5192
1192
5194
1194
5196
1196
5198
1198
5200
1200
5202
1202
5204
1204
5206
1206
5208
1208
5210
1210
5212
1212
5214
1214
5216
1216
5218
1218
5220
1220
5222
1222
5224
1224
5226
1226
5228
1228
5230
1230
5232
1232
5234
1234
5236
1236
5238
1238
5240
1240
5242
1242
5244
1244
5246
1246
5248
1248
5250
1250
5252
1252
5254
1254
5256
1256
5258
1258
5260
1260
5262
1262
5264
1264
5266
1266
5268
1268
5270
1270
5272
1272
5274
1274
5276
1276
5278
1278
5280
1280
5282
1282
5284
1284
5286
1286
5288
1288
5290
1290
5292
1292
5294
1294
5296
1296
5298
1298
5300
1300
5302
1302
5304
1304
5306
1306
5308
1308
5310
1310
5312
1312
5314
1314
5316
1316
5318
1318
5320
1320
5322
1322
5324
1324
5326
1326
5328
1328
5330
1330
5332
1332
5334
1334
5336
1336
5338
1338
5340
1340
5342
1342
5344
1344
5346
1346
5348
1348
5350
1350
5352
1352
5354
1354
5356
1356
5358
1358
5360
1360
5362
1362
5364
1364
5366
1366
5368
1368
5370
1370
5372
1372
5374
1374
5376
1376
5378
1378
5380
1380
5382
1382
5384
1384
5386
1386
5388
1388
5390
1390
5392
1392
5394
1394
5396
1396
5398
1398
5400
1400
5402
1402
5404
1404
5406
1406
5408
1408
5410
1410
5412
1412
5414
1414
5416
1416
5418
1418
5420
1420
5422
1422
5424
1424
5426
1426
5428
1428
5430
1430
5432
1432
5434
1434
5436
1436
5438
1438
5440
1440
5442
1442
5444
1444
5446
1446
5448
1448
5450
1450
5452
1452
5454
1454
5456
1456
5458
1458
5460
1460
5462
1462
5464
1464
5466
1466
5468
1468
5470
1470
5472
1472
5474
1474
5476
1476
5478
1478
5480
1480
5482
1482
5484
1484
5486
1486
5488
1488
5490
1490
5492
1492
5494
1494
5496
1496
5498
1498
5500
1500
5502
1502
5504
1504
5506
1506
5508
1508
5510
1510
5512
1512
5514
1514
5516
1516
5518
1518
5520
1520
5522
1522
5524
1524
5526
1526
5528
1528
5530
1530
5532
1532
5534
1534
5536
1536
5538
1538
5540
1540
5542
1542
5544
1544
5546
1546
5548
1548
5550
1550
5552
1552
5554
1554
5556
1556
5558
1558
5560
1560
5562
1562
5564
1564
5566
1566
5568
1568
5570
1570
5572
1572
5574
1574
5576
1576
5578
1578
5580
1580
5582
1582
5584
1584
5586
1586
5588
1588
5590
1590
5592
1592
5594
1594
5596
1596
5598
1598
5600
1600
5602
1602
5604
1604
5606
1606
5608
1608
5610
1610
5612
1612
5614
1614
5616
1616
5618
1618
5620
1620
5622
1622
5624
1624
5626
1626
5628
1628
5630
1630
5632
1632
5634
1634
5636
1636
5638
1638
5640
1640
5642
1642
5644
1644
5646
1646
5648
1648
5650
1650
5652
1652
5654
1654
5656
1656
5658
1658
5660
1660
5662
1662
5664
1664
5666
1666
5668
1668
5670
1670
5672
1672
5674
1674
5676
1676
5678
1678
5680
1680
5682
1682
5684
1684
5686
1686
5688
1688
5690
1690
5692
1692
5694
1694
5696
1696
5698
1698
5700
1700
5702
1702
5704
1704
5706
1706
5708
1708
5710
1710
5712
1712
5714
1714
5716
1716
5718
1718
5720
1720
5722
1722
5724
1724
5726
1726
5728
1728
5730
1730
5732
1732
5734
1734
5736
1736
5738
1738
5740
1740
5742
1742
5744
1744
5746
1746
5748
1748
5750
1750
5752
1752
5754
1754
5756
1756
5758
1758
5760
1760
5762
1762
5764
1764
5766
1766
5768
1768
5770
1770
5772
1772
5774
1774
5776
1776
5778
1778
5780
1780
5782
1782
5784
1784
5786
1786
5788
1788
5790
1790
5792
1792
5794
1794
5796
1796
5798
1798
5800
1800
5802
1802
5804
1804
5806
1806
5808
1808
5810
1810
5812
1812
5814
1814
5816
1816
5818
1818
5820
1820
5822
1822
5824
1824
5826
1826
5828
1828
5830
1830
5832
1832
5834
1834
5836
1836
5838
1838
5840
1840
5842
1842
5844
1844
5846
1846
5848
1848
5850
1850
5852
1852
5854
1854
5856
1856
5858
1858
5860
1860
5862
1862
5864
1864
5866
1866
5868
1868
5870
1870
5872
1872
5874
1874
5876
1876
5878
1878
5880
1880
5882
1882
5884
1884
5886
1886
5888
1888
5890
1890
5892
1892
5894
1894
5896
1896
5898
1898
5900
1900
5902
1902
5904
1904
5906
1906
5908
1908
5910
1910
5912
1912
5914
1914
5916
1916
5918
1918
5920
1920
5922
1922
5924
1924
5926
1926
5928
1928
5930
1930
5932
1932
5934
1934
5936
1936
5938
1938
5940
1940
5942
1942
5944
1944
5946
1946
5948
1948
5950
1950
5952
1952
5954
1954
5956
1956
5958
1958
5960
1960
5962
1962
5964
1964
5966
1966
5968
1968
5970
1970
5972
1972
5974
1974
5976
1976
5978
1978
5980
1980
5982
1982
5984
1984
5986
1986
5988
1988
5990
1990
5992
1992
5994
1994
5996
1996
5998
1998
6000
2000
6002
2002
6004
2004
6006
2006
6008
2008
6010
2010
6012
2012
6014
2014
6016
2016
6018
2018
6020
2020
6022
2022
6024
2024
6026
2026
6028
2028
6030
2030
6032
2032
6034
2034
6036
2036
6038
2038
6040
2040
6042
2042
6044
2044
6046
2046
6048
2048
6050
2050
6052
2052
6054
2054
6056
2056
6058
2058
6060
2060
6062
2062
6064
2064
6066
2066
6068
2068
6070
2070
6072
2072
6074
2074
6076
2076
6078
2078
6080
2080
6082
2082
6084
2084
6086
2086
6088
2088
6090
2090
6092
2092
6094
2094
6096
2096
6098
2098
6100
2100
6102
2102
6104
2104
6106
2106
6108
2108
6110
2110
6112
2112
6114
2114
6116
2116
6118
2118
6120
2120
6122
2122
6124
2124
6126
2126
6128
2128
6130
2130
6132
2132
6134
2134
6136
2136
6138
2138
6140
2140
6142
2142
6144
2144
6146
2146
6148
2148
6150
2150
6152
2152
6154
2154
6156
2156
6158
2158
6160
2160
6162
2162
6164
2164
6166
2166
6168
2168
6170
2170
6172
2172
6174
2174
6176
2176
6178
2178
6180
2180
6182
2182
6184
2184
6186
2186
6188
2188
6190
2190
6192
2192
6194
2194
6196
2196
6198
2198
6200
2200
6202
2202
6204
2204
6206
2206
6208
2208
6210
2210
6212
2212
6214
2214
6216
2216
6218
2218
6220
2220
6222
2222
6224
2224
6226
2226
6228
2228
6230
2230
6232
2232
6234
2234
6236
2236
6238
2238
6240
2240
6242
2242
6244
2244
6246
2246
6248
2248
6250
2250
6252
2252
6254
2254
6256
2256
6258
2258
6260
2260
6262
2262
6264
2264
6266
2266
6268
2268
6270
2270
6272
2272
6274
2274
6276
2276
6278
2278
6280
2280
6282
2282
6284
2284
6286
2286
6288
2288
6290
2290
6292
2292
6294
2294
6296
2296
6298
2298
6300
2300
6302
2302
6304
2304
6306
2306
6308
2308
6310
2310
6312
2312
6314
2314
6316
2316
6318
2318
6320
2320
6322
2322
6324
2324
6326
2326
6328
2328
6330
2330
6332
2332
6334
2334
6336
2336
6338
2338
6340
2340
6342
2342
6344
2344
6346
2346
6348
2348
6350
2350
6352
2352
6354
2354
6356
2356
6358
2358
6360
2360
6362
2362
6364
2364
6366
2366
6368
2368
6370
2370
6372
2372
6374
2374
6376
2376
6378
2378
6380
2380
6382
2382
6384
2384
6386
2386
6388
2388
6390
2390
6392
2392
6394
2394
6396
2396
6398
2398
6400
2400
6402
2402
6404
2404
6406
2406
6408
2408
6410
2410
6412
2412
6414
2414
6416
2416
6418
2418
6420
2420
6422
2422
6424
2424
6426
2426
6428
2428
6430
2430
6432
2432
6434
2434
6436
2436
6438
2438
6440
2440
6442
2442
6444
2444
6446
2446
6448
2448
6450
2450
6452
2452
6454
2454
6456
2456
6458
2458
6460
2460
6462
2462
6464
2464
6466
2466
6468
2468
6470
2470
6472
2472
6474
2474
6476
2476
6478
2478
6480
2480
6482
2482
6484
2484
6486
2486
6488
2488
6490
2490
6492
2492
6494
2494
6496
2496
6498
2498
6500
2500
6502
2502
6504
2504
6506
2506
6508
2508
6510
2510
6512
2512
6514
2514
6516
2516
6518
2518
6520
2520
6522
2522
6524
2524
6526
2526
6528
2528
6530
2530
6532
2532
6534
2534
6536
2536
6538
2538
6540
2540
6542
2542
6544
2544
6546
2546
6548
2548
6550
2550
6552
2552
6554
2554
6556
2556
6558
2558
6560
2560
6562
2562
6564
2564
6566
2566
6568
2568
6570
2570
6572
2572
6574
2574
6576
2576
6578
2578
6580
2580
6582
2582
6584
2584
6586
2586
6588
2588
6590
2590
6592
2592
6594
2594
6596
2596
6598
2598
6600
2600
6602
2602
6604
2604
6606
2606
6608
2608
6610
2610
6612
2612
6614
2614
6616
2616
6618
2618
6620
2620
6622
2622
6624
2624
6626
2626
6628
2628
6630
2630
6632
2632
6634
2634
6636
2636
6638
2638
6640
2640
6642
2642
6644
2644
6646
2646
6648
2648
6650
2650
6652
2652
6654
2654
6656
2656
6658
2658
6660
2660
6662
2662
6664
2664
6666
2666
6668
2668
6670
2670
6672
2672
6674
2674
6676
2676
6678
2678
6680
2680
6682
2682
6684
2684
6686
2686
6688
2688
6690
2690
6692
2692
6694
2694
6696
2696
6698
2698
6700
2700
6702
2702
6704
2704
6706
2706
6708
2708
6710
2710
6712
2712
6714
2714
6716
2716
6718
2718
6720
2720
6722
2722
6724
2724
6726
2726
6728
2728
6730
2730
6732
2732
6734
2734
6736
2736
6738
2738
6740
2740
6742
2742
6744
2744
6746
2746
6748
2748
6750
2750
6752
2752
6754
2754
6756
2756
6758
2758
6760
2760
6762
2762
6764
2764
6766
2766
6768
2768
6770
2770
6772
2772
6774
2774
6776
2776
6778
2778
6780
2780
6782
2782
6784
2784
6786
2786
6788
2788
6790
2790
6792
2792
6794
2794
6796
2796
6798
2798
6800
2800
6802
2802
6804
2804
6806
2806
6808
2808
6810
2810
6812
2812
6814
2814
6816
2816
6818
2818
6820
2820
6822
2822
6824
2824
6826
2826
6828
2828
6830
2830
6832
2832
6834
2834
6836
2836
6838
2838
6840
2840
6842
2842
6844
2844
6846
2846
6848
2848
6850
2850
6852
2852
6854
2854
6856
2856
6858
2858
6860
2860
6862
2862
6864
2864
6866
2866
6868
2868
6870
2870
6872
2872
6874
2874
6876
2876
6878
2878
6880
2880
6882
2882
6884
2884
6886
2886
6888
2888
6890
2890
6892
2892
6894
2894
6896
2896
6898
2898
6900
2900
6902
2902
6904
2904
6906
2906
6908
2908
6910
2910
6912
2912
6914
2914
6916
2916
6918
2918
6920
2920
6922
2922
6924
2924
6926
2926
6928
2928
6930
2930
6932
2932
6934
2934
6936
2936
6938
2938
6940
2940
6942
2942
6944
2944
6946
2946
6948
2948
6950
2950
6952
2952
6954
2954
6956
2956
6958
2958
6960
2960
6962
2962
6964
2964
6966
2966
6968
2968
6970
2970
6972
2972
6974
2974
6976
2976
6978
2978
6980
2980
6982
2982
6984
2984
6986
2986
6988
2988
6990
2990
6992
2992
6994
2994
6996
2996
6998
2998
7000
3000
7002
3002
7004
3004
7006
3006
7008
3008
7010
3010
7012
3012
7014
3014
7016
3016
7018
3018
7020
3020
7022
3022
7024
3024
7026
3026
7028
3028
7030
3030
7032
3032
7034
3034
7036
3036
7038
3038
7040
3040
7042
3042
7044
3044
7046
3046
7048
3048
7050
3050
7052
3052
7054
3054
7056
3056
7058
3058
7060
3060
7062
3062
7064
3064
7066
3066
7068
3068
7070
3070
7072
3072
7074
3074
7076
3076
7078
3078
7080
3080
7082
3082
7084
3084
7086
3086
7088
3088
7090
3090
7092
3092
7094
3094
7096
3096
7098
3098
7100
3100
7102
3102
7104
3104
7106
3106
7108
3108
7110
3110
7112
3112
7114
3114
7116
3116
7118
3118
7120
3120
7122
3122
7124
3124
7126
3126
7128
3128
7130
3130
7132
3132
7134
3134
7136
3136
7138
3138
7140
3140
7142
3142
7144
3144
7146
3146
7148
3148
7150
3150
7152
3152
7154
3154
7156
3156
7158
3158
7160
3160
7162
3162
7164
3164
7166
3166
7168
3168
7170
3170
7172
3172
7174
3174
7176
3176
7178
3178
7180
3180
7182
3182
7184
3184
7186
3186
7188
3188
7190
3190
7192
3192
7194
3194
7196
3196
7198
3198
7200
3200
7202
3202
7204
3204
7206
3206
7208
3208
7210
3210
7212
3212
7214
3214
7216
3216
7218
3218
7220
3220
7222
3222
7224
3224
7226
3226
7228
3228
7230
3230
7232
3232
7234
3234
7236
3236
7238
3238
7240
3240
7242
3242
7244
3244
7246
3246
7248
3248
7250
3250
7252
3252
7254
3254
7256
3256
7258
3258
7260
3260
7262
3262
7264
3264
7266
3266
7268
3268
7270
3270
7272
3272
7274
3274
7276
3276
7278
3278
7280
3280
7282
3282
7284
3284
7286
3286
7288
3288
7290
3290
7292
3292
7294
3294
7296
3296
7298
3298
7300
3300
7302
3302
7304
3304
7306
3306
7308
3308
7310
3310
7312
3312
7314
3314
7316
3316
7318
3318
7320
3320
7322
3322
7324
3324
7326
3326
7328
3328
7330
3330
7332
3332
7334
3334
7336
3336
7338
3338
7340
3340
7342
3342
7344
3344
7346
3346
7348
3348
7350
3350
7352
3352
7354
3354
7356
3356
7358
3358
7360
3360
7362
3362
7364
3364
7366
3366
7368
3368
7370
3370
7372
3372
7374
3374
7376
3376
7378
3378
7380
3380
7382
3382
7384
3384
7386
3386
7388
3388
7390
3390
7392
3392
7394
3394
7396
3396
7398
3398
7400
3400
7402
3402
7404
3404
7406
3406
7408
3408
7410
3410
7412
3412
7414
3414
7416
3416
7418
3418
7420
3420
7422
3422
7424
3424
7426
3426
7428
3428
7430
3430
7432
3432
7434
3434
7436
3436
7438
3438
7440
3440
7442
3442
7444
3444
7446
3446
7448
3448
7450
3450
7452
3452
7454
3454
7456
3456
7458
3458
7460
3460
7462
3462
7464
3464
7466
3466
7468
3468
7470
3470
7472
3472
7474
3474
7476
3476
7478
3478
7480
3480
7482
3482
7484
3484
7486
3486
7488
3488
7490
3490
7492
3492
7494
3494
7496
3496
7498
3498
7500
3500
7502
3502
7504
3504
7506
3506
7508
3508
7510
3510
7512
3512
7514
3514
7516
3516
7518
3518
7520
3520
7522
3522
7524
3524
7526
3526
7528
3528
7530
3530
7532
3532
7534
3534
7536
3536
7538
3538
7540
3540
7542
3542
7544
3544
7546
3546
7548
3548
7550
3550
7552
3552
7554
3554
7556
3556
7558
3558
7560
3560
7562
3562
7564
3564
7566
3566
7568
3568
7570
3570
7572
3572
7574
3574
7576
3576
7578
3578
7580
3580
7582
3582
7584
3584
7586
3586
7588
3588
7590
3590
7592
3592
7594
3594
7596
3596
7598
3598
7600
3600
7602
3602
7604
3604
7606
3606
7608
3608
7610
3610
7612
3612
7614
3614
7616
3616
7618
3618
7620
3620
7622
3622
7624
3624
7626
3626
7628
3628
7630
3630
7632
3632
7634
3634
7636
3636
7638
3638
7640
3640
7642
3642
7644
3644
7646
3646
7648
3648
7650
3650
7652
3652
7654
3654
7656
3656
7658
3658
7660
3660
7662
3662
7664
3664
7666
3666
7668
3668
7670
3670
7672
3672
7674
3674
7676
3676
7678
3678
7680
3680
7682
3682
7684
3684
7686
3686
7688
3688
7690
3690
7692
3692
7694
3694
7696
3696
7698
3698
7700
3700
7702
3702
7704
3704
7706
3706
7708
3708
7710
3710
7712
3712
7714
3714
7716
3716
7718
3718
7720
3720
7722
3722
7724
3724
7726
3726
7728
3728
7730
3730
7732
3732
7734
3734
7736
3736
7738
3738
7740
3740
7742
3742
7744
3744
7746
3746
7748
3748
7750
3750
7752
3752
7754
3754
7756
3756
7758
3758
7760
3760
7762
3762
7764
3764
7766
3766
7768
3768
7770
3770
7772
3772
7774
3774
7776
3776
7778
3778
7780
3780
7782
3782
7784
3784
7786
3786
7788
3788
7790
3790
7792
3792
7794
3794
7796
3796
7798
3798
7800
3800
7802
3802
7804
3804
7806
3806
7808
3808
7810
3810
7812
3812
7814
3814
7816
3816
7818
3818
7820
3820
7822
3822
7824
3824
7826
3826
7828
3828
7830
3830
7832
3832
7834
3834
7836
3836
7838
3838
7840
3840
7842
3842
7844
3844
7846
3846
7848
3848
7850
3850
7852
3852
7854
3854
7856
3856
7858
3858
7860
3860
7862
3862
7864
3864
7866
3866
7868
3868
7870
3870
7872
3872
7874
3874
7876
3876
7878
3878
7880
3880
7882
3882
7884
3884
7886
3886
7888
3888
7890
3890
7892
3892
7894
3894
7896
3896
7898
3898
7900
3900
7902
3902
7904
3904
7906
3906
7908
3908
7910
3910
7912
3912
7914
3914
7916
3916
7918
3918
7920
3920
7922
3922
7924
3924
7926
3926
7928
3928
7930
3930
7932
3932
7934
3934
7936
3936
7938
3938
7940
3940
7942
3942
7944
3944
7946
3946
7948
3948
7950
3950
7952
3952
7954
3954
7956
3956
7958
3958
7960
3960
7962
3962
7964
3964
7966
3966
7968
3968
7970
3970
7972
3972
7974
3974
7976
3976
7978
3978
7980
3980
7982
3982
7984
3984
7986
3986
7988
3988
7990
3990
7992
3992
7994
3994
7996
3996
7998
3998
8000
4000
