-1
4501
1
4503
3
4505
5
4507
7
4509
9
4511
11
4513
13
4515
15
4517
17
4519
19
4521
21
4523
23
4525
25
4527
27
4529
29
4531
31
4533
33
4535
35
4537
37
4539
39
4541
41
4543
43
4545
45
4547
47
4549
49
4551
51
4553
53
4555
55
4557
57
4559
59
4561
61
4563
63
4565
65
4567
67
4569
69
4571
71
4573
73
4575
75
4577
77
4579
79
4581
81
4583
83
4585
85
4587
87
4589
89
4591
91
4593
93
4595
95
4597
97
4599
99
4601
101
4603
103
4605
105
4607
107
4609
109
4611
111
4613
113
4615
115
4617
117
4619
119
4621
121
4623
123
4625
125
4627
127
4629
129
4631
131
4633
133
4635
135
4637
137
4639
139
4641
141
4643
143
4645
145
4647
147
4649
149
4651
151
4653
153
4655
155
4657
157
4659
159
4661
161
4663
163
4665
165
4667
167
4669
169
4671
171
4673
173
4675
175
4677
177
4679
179
4681
181
4683
183
4685
185
4687
187
4689
189
4691
191
4693
193
4695
195
4697
197
4699
199
4701
201
4703
203
4705
205
4707
207
4709
209
4711
211
4713
213
4715
215
4717
217
4719
219
4721
221
4723
223
4725
225
4727
227
4729
229
4731
231
4733
233
4735
235
4737
237
4739
239
4741
241
4743
243
4745
245
4747
247
4749
249
4751
251
4753
253
4755
255
4757
257
4759
259
4761
261
4763
263
4765
265
4767
267
4769
269
4771
271
4773
273
4775
275
4777
277
4779
279
4781
281
4783
283
4785
285
4787
287
4789
289
4791
291
4793
293
4795
295
4797
297
4799
299
4801
301
4803
303
4805
305
4807
307
4809
309
4811
311
4813
313
4815
315
4817
317
4819
319
4821
321
4823
323
4825
325
4827
327
4829
329
4831
331
4833
333
4835
335
4837
337
4839
339
4841
341
4843
343
4845
345
4847
347
4849
349
4851
351
4853
353
4855
355
4857
357
4859
359
4861
361
4863
363
4865
365
4867
367
4869
369
4871
371
4873
373
4875
375
4877
377
4879
379
4881
381
4883
383
4885
385
4887
387
4889
389
4891
391
4893
393
4895
395
4897
397
4899
399
4901
401
4903
403
4905
405
4907
407
4909
409
4911
411
4913
413
4915
415
4917
417
4919
419
4921
421
4923
423
4925
425
4927
427
4929
429
4931
431
4933
433
4935
435
4937
437
4939
439
4941
441
4943
443
4945
445
4947
447
4949
449
4951
451
4953
453
4955
455
4957
457
4959
459
4961
461
4963
463
4965
465
4967
467
4969
469
4971
471
4973
473
4975
475
4977
477
4979
479
4981
481
4983
483
4985
485
4987
487
4989
489
4991
491
4993
493
4995
495
4997
497
4999
499
5001
501
5003
503
5005
505
5007
507
5009
509
5011
511
5013
513
5015
515
5017
517
5019
519
5021
521
5023
523
5025
525
5027
527
5029
529
5031
531
5033
533
5035
535
5037
537
5039
539
5041
541
5043
543
5045
545
5047
547
5049
549
5051
551
5053
553
5055
555
5057
557
5059
559
5061
561
5063
563
5065
565
5067
567
5069
569
5071
571
5073
573
5075
575
5077
577
5079
579
5081
581
5083
583
5085
585
5087
587
5089
589
5091
591
5093
593
5095
595
5097
597
5099
599
5101
601
5103
603
5105
605
5107
607
5109
609
5111
611
5113
613
5115
615
5117
617
5119
619
5121
621
5123
623
5125
625
5127
627
5129
629
5131
631
5133
633
5135
635
5137
637
5139
639
5141
641
5143
643
5145
645
5147
647
5149
649
5151
651
5153
653
5155
655
5157
657
5159
659
5161
661
5163
663
5165
665
5167
667
5169
669
5171
671
5173
673
5175
675
5177
677
5179
679
5181
681
5183
683
5185
685
5187
687
5189
689
5191
691
5193
693
5195
695
5197
697
5199
699
5201
701
5203
703
5205
705
5207
707
5209
709
5211
711
5213
713
5215
715
5217
717
5219
719
5221
721
5223
723
5225
725
5227
727
5229
729
5231
731
5233
733
5235
735
5237
737
5239
739
5241
741
5243
743
5245
745
5247
747
5249
749
5251
751
5253
753
5255
755
5257
757
5259
759
5261
761
5263
763
5265
765
5267
767
5269
769
5271
771
5273
773
5275
775
5277
777
5279
779
5281
781
5283
783
5285
785
5287
787
5289
789
5291
791
5293
793
5295
795
5297
797
5299
799
5301
801
5303
803
5305
805
5307
807
5309
809
5311
811
5313
813
5315
815
5317
817
5319
819
5321
821
5323
823
5325
825
5327
827
5329
829
5331
831
5333
833
5335
835
5337
837
5339
839
5341
841
5343
843
5345
845
5347
847
5349
849
5351
851
5353
853
5355
855
5357
857
5359
859
5361
861
5363
863
5365
865
5367
867
5369
869
5371
871
5373
873
5375
875
5377
877
5379
879
5381
881
5383
883
5385
885
5387
887
5389
889
5391
891
5393
893
5395
895
5397
897
5399
899
5401
901
5403
903
5405
905
5407
907
5409
909
5411
911
5413
913
5415
915
5417
917
5419
919
5421
921
5423
923
5425
925
5427
927
5429
929
5431
931
5433
933
5435
935
5437
937
5439
939
5441
941
5443
943
5445
945
5447
947
5449
949
5451
951
5453
953
5455
955
5457
957
5459
959
5461
961
5463
963
5465
965
5467
967
5469
969
5471
971
5473
973
5475
975
5477
977
5479
979
5481
981
5483
983
5485
985
5487
987
5489
989
5491
991
5493
993
5495
995
5497
997
5499
999
5501
1001
5503
1003
5505
1005
5507
1007
5509
1009
5511
1011
5513
1013
5515
1015
5517
1017
5519
1019
5521
1021
5523
1023
5525
1025
5527
1027
5529
1029
5531
1031
5533
1033
5535
1035
5537
1037
5539
1039
5541
1041
5543
1043
5545
1045
5547
1047
5549
1049
5551
1051
5553
1053
5555
1055
5557
1057
5559
1059
5561
1061
5563
1063
5565
1065
5567
1067
5569
1069
5571
1071
5573
1073
5575
1075
5577
1077
5579
1079
5581
1081
5583
1083
5585
1085
5587
1087
5589
1089
5591
1091
5593
1093
5595
1095
5597
1097
5599
1099
5601
1101
5603
1103
5605
1105
5607
1107
5609
1109
5611
1111
5613
1113
5615
1115
5617
1117
5619
1119
5621
1121
5623
1123
5625
1125
5627
1127
5629
1129
5631
1131
5633
1133
5635
1135
5637
1137
5639
1139
5641
1141
5643
1143
5645
1145
5647
1147
5649
1149
5651
1151
5653
1153
5655
1155
5657
1157
5659
1159
5661
1161
5663
1163
5665
1165
5667
1167
5669
1169
5671
1171
5673
1173
5675
1175
5677
1177
5679
1179
5681
1181
5683
1183
5685
1185
5687
1187
5689
1189
5691
1191
5693
1193
5695
1195
5697
1197
5699
1199
5701
1201
5703
1203
5705
1205
5707
1207
5709
1209
5711
1211
5713
1213
5715
1215
5717
1217
5719
1219
5721
1221
5723
1223
5725
1225
5727
1227
5729
1229
5731
1231
5733
1233
5735
1235
5737
1237
5739
1239
5741
1241
5743
1243
5745
1245
5747
1247
5749
1249
5751
1251
5753
1253
5755
1255
5757
1257
5759
1259
5761
1261
5763
1263
5765
1265
5767
1267
5769
1269
5771
1271
5773
1273
5775
1275
5777
1277
5779
1279
5781
1281
5783
1283
5785
1285
5787
1287
5789
1289
5791
1291
5793
1293
5795
1295
5797
1297
5799
1299
5801
1301
5803
1303
5805
1305
5807
1307
5809
1309
5811
1311
5813
1313
5815
1315
5817
1317
5819
1319
5821
1321
5823
1323
5825
1325
5827
1327
5829
1329
5831
1331
5833
1333
5835
1335
5837
1337
5839
1339
5841
1341
5843
1343
5845
1345
5847
1347
5849
1349
5851
1351
5853
1353
5855
1355
5857
1357
5859
1359
5861
1361
5863
1363
5865
1365
5867
1367
5869
1369
5871
1371
5873
1373
5875
1375
5877
1377
5879
1379
5881
1381
5883
1383
5885
1385
5887
1387
5889
1389
5891
1391
5893
1393
5895
1395
5897
1397
5899
1399
5901
1401
5903
1403
5905
1405
5907
1407
5909
1409
5911
1411
5913
1413
5915
1415
5917
1417
5919
1419
5921
1421
5923
1423
5925
1425
5927
1427
5929
1429
5931
1431
5933
1433
5935
1435
5937
1437
5939
1439
5941
1441
5943
1443
5945
1445
5947
1447
5949
1449
5951
1451
5953
1453
5955
1455
5957
1457
5959
1459
5961
1461
5963
1463
5965
1465
5967
1467
5969
1469
5971
1471
5973
1473
5975
1475
5977
1477
5979
1479
5981
1481
5983
1483
5985
1485
5987
1487
5989
1489
5991
1491
5993
1493
5995
1495
5997
1497
5999
1499
6001
1501
6003
1503
6005
1505
6007
1507
6009
1509
6011
1511
6013
1513
6015
1515
6017
1517
6019
1519
6021
1521
6023
1523
6025
1525
6027
1527
6029
1529
6031
1531
6033
1533
6035
1535
6037
1537
6039
1539
6041
1541
6043
1543
6045
1545
6047
1547
6049
1549
6051
1551
6053
1553
6055
1555
6057
1557
6059
1559
6061
1561
6063
1563
6065
1565
6067
1567
6069
1569
6071
1571
6073
1573
6075
1575
6077
1577
6079
1579
6081
1581
6083
1583
6085
1585
6087
1587
6089
1589
6091
1591
6093
1593
6095
1595
6097
1597
6099
1599
6101
1601
6103
1603
6105
1605
6107
1607
6109
1609
6111
1611
6113
1613
6115
1615
6117
1617
6119
1619
6121
1621
6123
1623
6125
1625
6127
1627
6129
1629
6131
1631
6133
1633
6135
1635
6137
1637
6139
1639
6141
1641
6143
1643
6145
1645
6147
1647
6149
1649
6151
1651
6153
1653
6155
1655
6157
1657
6159
1659
6161
1661
6163
1663
6165
1665
6167
1667
6169
1669
6171
1671
6173
1673
6175
1675
6177
1677
6179
1679
6181
1681
6183
1683
6185
1685
6187
1687
6189
1689
6191
1691
6193
1693
6195
1695
6197
1697
6199
1699
6201
1701
6203
1703
6205
1705
6207
1707
6209
1709
6211
1711
6213
1713
6215
1715
6217
1717
6219
1719
6221
1721
6223
1723
6225
1725
6227
1727
6229
1729
6231
1731
6233
1733
6235
1735
6237
1737
6239
1739
6241
1741
6243
1743
6245
1745
6247
1747
6249
1749
6251
1751
6253
1753
6255
1755
6257
1757
6259
1759
6261
1761
6263
1763
6265
1765
6267
1767
6269
1769
6271
1771
6273
1773
6275
1775
6277
1777
6279
1779
6281
1781
6283
1783
6285
1785
6287
1787
6289
1789
6291
1791
6293
1793
6295
1795
6297
1797
6299
1799
6301
1801
6303
1803
6305
1805
6307
1807
6309
1809
6311
1811
6313
1813
6315
1815
6317
1817
6319
1819
6321
1821
6323
1823
6325
1825
6327
1827
6329
1829
6331
1831
6333
1833
6335
1835
6337
1837
6339
1839
6341
1841
6343
1843
6345
1845
6347
1847
6349
1849
6351
1851
6353
1853
6355
1855
6357
1857
6359
1859
6361
1861
6363
1863
6365
1865
6367
1867
6369
1869
6371
1871
6373
1873
6375
1875
6377
1877
6379
1879
6381
1881
6383
1883
6385
1885
6387
1887
6389
1889
6391
1891
6393
1893
6395
1895
6397
1897
6399
1899
6401
1901
6403
1903
6405
1905
6407
1907
6409
1909
6411
1911
6413
1913
6415
1915
6417
1917
6419
1919
6421
1921
6423
1923
6425
1925
6427
1927
6429
1929
6431
1931
6433
1933
6435
1935
6437
1937
6439
1939
6441
1941
6443
1943
6445
1945
6447
1947
6449
1949
6451
1951
6453
1953
6455
1955
6457
1957
6459
1959
6461
1961
6463
1963
6465
1965
6467
1967
6469
1969
6471
1971
6473
1973
6475
1975
6477
1977
6479
1979
6481
1981
6483
1983
6485
1985
6487
1987
6489
1989
6491
1991
6493
1993
6495
1995
6497
1997
6499
1999
6501
2001
6503
2003
6505
2005
6507
2007
6509
2009
6511
2011
6513
2013
6515
2015
6517
2017
6519
2019
6521
2021
6523
2023
6525
2025
6527
2027
6529
2029
6531
2031
6533
2033
6535
2035
6537
2037
6539
2039
6541
2041
6543
2043
6545
2045
6547
2047
6549
2049
6551
2051
6553
2053
6555
2055
6557
2057
6559
2059
6561
2061
6563
2063
6565
2065
6567
2067
6569
2069
6571
2071
6573
2073
6575
2075
6577
2077
6579
2079
6581
2081
6583
2083
6585
2085
6587
2087
6589
2089
6591
2091
6593
2093
6595
2095
6597
2097
6599
2099
6601
2101
6603
2103
6605
2105
6607
2107
6609
2109
6611
2111
6613
2113
6615
2115
6617
2117
6619
2119
6621
2121
6623
2123
6625
2125
6627
2127
6629
2129
6631
2131
6633
2133
6635
2135
6637
2137
6639
2139
6641
2141
6643
2143
6645
2145
6647
2147
6649
2149
6651
2151
6653
2153
6655
2155
6657
2157
6659
2159
6661
2161
6663
2163
6665
2165
6667
2167
6669
2169
6671
2171
6673
2173
6675
2175
6677
2177
6679
2179
6681
2181
6683
2183
6685
2185
6687
2187
6689
2189
6691
2191
6693
2193
6695
2195
6697
2197
6699
2199
6701
2201
6703
2203
6705
2205
6707
2207
6709
2209
6711
2211
6713
2213
6715
2215
6717
2217
6719
2219
6721
2221
6723
2223
6725
2225
6727
2227
6729
2229
6731
2231
6733
2233
6735
2235
6737
2237
6739
2239
6741
2241
6743
2243
6745
2245
6747
2247
6749
2249
6751
2251
6753
2253
6755
2255
6757
2257
6759
2259
6761
2261
6763
2263
6765
2265
6767
2267
6769
2269
6771
2271
6773
2273
6775
2275
6777
2277
6779
2279
6781
2281
6783
2283
6785
2285
6787
2287
6789
2289
6791
2291
6793
2293
6795
2295
6797
2297
6799
2299
6801
2301
6803
2303
6805
2305
6807
2307
6809
2309
6811
2311
6813
2313
6815
2315
6817
2317
6819
2319
6821
2321
6823
2323
6825
2325
6827
2327
6829
2329
6831
2331
6833
2333
6835
2335
6837
2337
6839
2339
6841
2341
6843
2343
6845
2345
6847
2347
6849
2349
6851
2351
6853
2353
6855
2355
6857
2357
6859
2359
6861
2361
6863
2363
6865
2365
6867
2367
6869
2369
6871
2371
6873
2373
6875
2375
6877
2377
6879
2379
6881
2381
6883
2383
6885
2385
6887
2387
6889
2389
6891
2391
6893
2393
6895
2395
6897
2397
6899
2399
6901
2401
6903
2403
6905
2405
6907
2407
6909
2409
6911
2411
6913
2413
6915
2415
6917
2417
6919
2419
6921
2421
6923
2423
6925
2425
6927
2427
6929
2429
6931
2431
6933
2433
6935
2435
6937
2437
6939
2439
6941
2441
6943
2443
6945
2445
6947
2447
6949
2449
6951
2451
6953
2453
6955
2455
6957
2457
6959
2459
6961
2461
6963
2463
6965
2465
6967
2467
6969
2469
6971
2471
6973
2473
6975
2475
6977
2477
6979
2479
6981
2481
6983
2483
6985
2485
6987
2487
6989
2489
6991
2491
6993
2493
6995
2495
6997
2497
6999
2499
7001
2501
7003
2503
7005
2505
7007
2507
7009
2509
7011
2511
7013
2513
7015
2515
7017
2517
7019
2519
7021
2521
7023
2523
7025
2525
7027
2527
7029
2529
7031
2531
7033
2533
7035
2535
7037
2537
7039
2539
7041
2541
7043
2543
7045
2545
7047
2547
7049
2549
7051
2551
7053
2553
7055
2555
7057
2557
7059
2559
7061
2561
7063
2563
7065
2565
7067
2567
7069
2569
7071
2571
7073
2573
7075
2575
7077
2577
7079
2579
7081
2581
7083
2583
7085
2585
7087
2587
7089
2589
7091
2591
7093
2593
7095
2595
7097
2597
7099
2599
7101
2601
7103
2603
7105
2605
7107
2607
7109
2609
7111
2611
7113
2613
7115
2615
7117
2617
7119
2619
7121
2621
7123
2623
7125
2625
7127
2627
7129
2629
7131
2631
7133
2633
7135
2635
7137
2637
7139
2639
7141
2641
7143
2643
7145
2645
7147
2647
7149
2649
7151
2651
7153
2653
7155
2655
7157
2657
7159
2659
7161
2661
7163
2663
7165
2665
7167
2667
7169
2669
7171
2671
7173
2673
7175
2675
7177
2677
7179
2679
7181
2681
7183
2683
7185
2685
7187
2687
7189
2689
7191
2691
7193
2693
7195
2695
7197
2697
7199
2699
7201
2701
7203
2703
7205
2705
7207
2707
7209
2709
7211
2711
7213
2713
7215
2715
7217
2717
7219
2719
7221
2721
7223
2723
7225
2725
7227
2727
7229
2729
7231
2731
7233
2733
7235
2735
7237
2737
7239
2739
7241
2741
7243
2743
7245
2745
7247
2747
7249
2749
7251
2751
7253
2753
7255
2755
7257
2757
7259
2759
7261
2761
7263
2763
7265
2765
7267
2767
7269
2769
7271
2771
7273
2773
7275
2775
7277
2777
7279
2779
7281
2781
7283
2783
7285
2785
7287
2787
7289
2789
7291
2791
7293
2793
7295
2795
7297
2797
7299
2799
7301
2801
7303
2803
7305
2805
7307
2807
7309
2809
7311
2811
7313
2813
7315
2815
7317
2817
7319
2819
7321
2821
7323
2823
7325
2825
7327
2827
7329
2829
7331
2831
7333
2833
7335
2835
7337
2837
7339
2839
7341
2841
7343
2843
7345
2845
7347
2847
7349
2849
7351
2851
7353
2853
7355
2855
7357
2857
7359
2859
7361
2861
7363
2863
7365
2865
7367
2867
7369
2869
7371
2871
7373
2873
7375
2875
7377
2877
7379
2879
7381
2881
7383
2883
7385
2885
7387
2887
7389
2889
7391
2891
7393
2893
7395
2895
7397
2897
7399
2899
7401
2901
7403
2903
7405
2905
7407
2907
7409
2909
7411
2911
7413
2913
7415
2915
7417
2917
7419
2919
7421
2921
7423
2923
7425
2925
7427
2927
7429
2929
7431
2931
7433
2933
7435
2935
7437
2937
7439
2939
7441
2941
7443
2943
7445
2945
7447
2947
7449
2949
7451
2951
7453
2953
7455
2955
7457
2957
7459
2959
7461
2961
7463
2963
7465
2965
7467
2967
7469
2969
7471
2971
7473
2973
7475
2975
7477
2977
7479
2979
7481
2981
7483
2983
7485
2985
7487
2987
7489
2989
7491
2991
7493
2993
7495
2995
7497
2997
7499
2999
7501
3001
7503
3003
7505
3005
7507
3007
7509
3009
7511
3011
7513
3013
7515
3015
7517
3017
7519
3019
7521
3021
7523
3023
7525
3025
7527
3027
7529
3029
7531
3031
7533
3033
7535
3035
7537
3037
7539
3039
7541
3041
7543
3043
7545
3045
7547
3047
7549
3049
7551
3051
7553
3053
7555
3055
7557
3057
7559
3059
7561
3061
7563
3063
7565
3065
7567
3067
7569
3069
7571
3071
7573
3073
7575
3075
7577
3077
7579
3079
7581
3081
7583
3083
7585
3085
7587
3087
7589
3089
7591
3091
7593
3093
7595
3095
7597
3097
7599
3099
7601
3101
7603
3103
7605
3105
7607
3107
7609
3109
7611
3111
7613
3113
7615
3115
7617
3117
7619
3119
7621
3121
7623
3123
7625
3125
7627
3127
7629
3129
7631
3131
7633
3133
7635
3135
7637
3137
7639
3139
7641
3141
7643
3143
7645
3145
7647
3147
7649
3149
7651
3151
7653
3153
7655
3155
7657
3157
7659
3159
7661
3161
7663
3163
7665
3165
7667
3167
7669
3169
7671
3171
7673
3173
7675
3175
7677
3177
7679
3179
7681
3181
7683
3183
7685
3185
7687
3187
7689
3189
7691
3191
7693
3193
7695
3195
7697
3197
7699
3199
7701
3201
7703
3203
7705
3205
7707
3207
7709
3209
7711
3211
7713
3213
7715
3215
7717
3217
7719
3219
7721
3221
7723
3223
7725
3225
7727
3227
7729
3229
7731
3231
7733
3233
7735
3235
7737
3237
7739
3239
7741
3241
7743
3243
7745
3245
7747
3247
7749
3249
7751
3251
7753
3253
7755
3255
7757
3257
7759
3259
7761
3261
7763
3263
7765
3265
7767
3267
7769
3269
7771
3271
7773
3273
7775
3275
7777
3277
7779
3279
7781
3281
7783
3283
7785
3285
7787
3287
7789
3289
7791
3291
7793
3293
7795
3295
7797
3297
7799
3299
7801
3301
7803
3303
7805
3305
7807
3307
7809
3309
7811
3311
7813
3313
7815
3315
7817
3317
7819
3319
7821
3321
7823
3323
7825
3325
7827
3327
7829
3329
7831
3331
7833
3333
7835
3335
7837
3337
7839
3339
7841
3341
7843
3343
7845
3345
7847
3347
7849
3349
7851
3351
7853
3353
7855
3355
7857
3357
7859
3359
7861
3361
7863
3363
7865
3365
7867
3367
7869
3369
7871
3371
7873
3373
7875
3375
7877
3377
7879
3379
7881
3381
7883
3383
7885
3385
7887
3387
7889
3389
7891
3391
7893
3393
7895
3395
7897
3397
7899
3399
7901
3401
7903
3403
7905
3405
7907
3407
7909
3409
7911
3411
7913
3413
7915
3415
7917
3417
7919
3419
7921
3421
7923
3423
7925
3425
7927
3427
7929
3429
7931
3431
7933
3433
7935
3435
7937
3437
7939
3439
7941
3441
7943
3443
7945
3445
7947
3447
7949
3449
7951
3451
7953
3453
7955
3455
7957
3457
7959
3459
7961
3461
7963
3463
7965
3465
7967
3467
7969
3469
7971
3471
7973
3473
7975
3475
7977
3477
7979
3479
7981
3481
7983
3483
7985
3485
7987
3487
7989
3489
7991
3491
7993
3493
7995
3495
7997
3497
7999
3499
8001
3501
8003
3503
8005
3505
8007
3507
8009
3509
8011
3511
8013
3513
8015
3515
8017
3517
8019
3519
8021
3521
8023
3523
8025
3525
8027
3527
8029
3529
8031
3531
8033
3533
8035
3535
8037
3537
8039
3539
8041
3541
8043
3543
8045
3545
8047
3547
8049
3549
8051
3551
8053
3553
8055
3555
8057
3557
8059
3559
8061
3561
8063
3563
8065
3565
8067
3567
8069
3569
8071
3571
8073
3573
8075
3575
8077
3577
8079
3579
8081
3581
8083
3583
8085
3585
8087
3587
8089
3589
8091
3591
8093
3593
8095
3595
8097
3597
8099
3599
8101
3601
8103
3603
8105
3605
8107
3607
8109
3609
8111
3611
8113
3613
8115
3615
8117
3617
8119
3619
8121
3621
8123
3623
8125
3625
8127
3627
8129
3629
8131
3631
8133
3633
8135
3635
8137
3637
8139
3639
8141
3641
8143
3643
8145
3645
8147
3647
8149
3649
8151
3651
8153
3653
8155
3655
8157
3657
8159
3659
8161
3661
8163
3663
8165
3665
8167
3667
8169
3669
8171
3671
8173
3673
8175
3675
8177
3677
8179
3679
8181
3681
8183
3683
8185
3685
8187
3687
8189
3689
8191
3691
8193
3693
8195
3695
8197
3697
8199
3699
8201
3701
8203
3703
8205
3705
8207
3707
8209
3709
8211
3711
8213
3713
8215
3715
8217
3717
8219
3719
8221
3721
8223
3723
8225
3725
8227
3727
8229
3729
8231
3731
8233
3733
8235
3735
8237
3737
8239
3739
8241
3741
8243
3743
8245
3745
8247
3747
8249
3749
8251
3751
8253
3753
8255
3755
8257
3757
8259
3759
8261
3761
8263
3763
8265
3765
8267
3767
8269
3769
8271
3771
8273
3773
8275
3775
8277
3777
8279
3779
8281
3781
8283
3783
8285
3785
8287
3787
8289
3789
8291
3791
8293
3793
8295
3795
8297
3797
8299
3799
8301
3801
8303
3803
8305
3805
8307
3807
8309
3809
8311
3811
8313
3813
8315
3815
8317
3817
8319
3819
8321
3821
8323
3823
8325
3825
8327
3827
8329
3829
8331
3831
8333
3833
8335
3835
8337
3837
8339
3839
8341
3841
8343
3843
8345
3845
8347
3847
8349
3849
8351
3851
8353
3853
8355
3855
8357
3857
8359
3859
8361
3861
8363
3863
8365
3865
8367
3867
8369
3869
8371
3871
8373
3873
8375
3875
8377
3877
8379
3879
8381
3881
8383
3883
8385
3885
8387
3887
8389
3889
8391
3891
8393
3893
8395
3895
8397
3897
8399
3899
8401
3901
8403
3903
8405
3905
8407
3907
8409
3909
8411
3911
8413
3913
8415
3915
8417
3917
8419
3919
8421
3921
8423
3923
8425
3925
8427
3927
8429
3929
8431
3931
8433
3933
8435
3935
8437
3937
8439
3939
8441
3941
8443
3943
8445
3945
8447
3947
8449
3949
8451
3951
8453
3953
8455
3955
8457
3957
8459
3959
8461
3961
8463
3963
8465
3965
8467
3967
8469
3969
8471
3971
8473
3973
8475
3975
8477
3977
8479
3979
8481
3981
8483
3983
8485
3985
8487
3987
8489
3989
8491
3991
8493
3993
8495
3995
8497
3997
8499
3999
8501
4001
8503
4003
8505
4005
8507
4007
8509
4009
8511
4011
8513
4013
8515
4015
8517
4017
8519
4019
8521
4021
8523
4023
8525
4025
8527
4027
8529
4029
8531
4031
8533
4033
8535
4035
8537
4037
8539
4039
8541
4041
8543
4043
8545
4045
8547
4047
8549
4049
8551
4051
8553
4053
8555
4055
8557
4057
8559
4059
8561
4061
8563
4063
8565
4065
8567
4067
8569
4069
8571
4071
8573
4073
8575
4075
8577
4077
8579
4079
8581
4081
8583
4083
8585
4085
8587
4087
8589
4089
8591
4091
8593
4093
8595
4095
8597
4097
8599
4099
8601
4101
8603
4103
8605
4105
8607
4107
8609
4109
8611
4111
8613
4113
8615
4115
8617
4117
8619
4119
8621
4121
8623
4123
8625
4125
8627
4127
8629
4129
8631
4131
8633
4133
8635
4135
8637
4137
8639
4139
8641
4141
8643
4143
8645
4145
8647
4147
8649
4149
8651
4151
8653
4153
8655
4155
8657
4157
8659
4159
8661
4161
8663
4163
8665
4165
8667
4167
8669
4169
8671
4171
8673
4173
8675
4175
8677
4177
8679
4179
8681
4181
8683
4183
8685
4185
8687
4187
8689
4189
8691
4191
8693
4193
8695
4195
8697
4197
8699
4199
8701
4201
8703
4203
8705
4205
8707
4207
8709
4209
8711
4211
8713
4213
8715
4215
8717
4217
8719
4219
8721
4221
8723
4223
8725
4225
8727
4227
8729
4229
8731
4231
8733
4233
8735
4235
8737
4237
8739
4239
8741
4241
8743
4243
8745
4245
8747
4247
8749
4249
8751
4251
8753
4253
8755
4255
8757
4257
8759
4259
8761
4261
8763
4263
8765
4265
8767
4267
8769
4269
8771
4271
8773
4273
8775
4275
8777
4277
8779
4279
8781
4281
8783
4283
8785
4285
8787
4287
8789
4289
8791
4291
8793
4293
8795
4295
8797
4297
8799
4299
8801
4301
8803
4303
8805
4305
8807
4307
8809
4309
8811
4311
8813
4313
8815
4315
8817
4317
8819
4319
8821
4321
8823
4323
8825
4325
8827
4327
8829
4329
8831
4331
8833
4333
8835
4335
8837
4337
8839
4339
8841
4341
8843
4343
8845
4345
8847
4347
8849
4349
8851
4351
8853
4353
8855
4355
8857
4357
8859
4359
8861
4361
8863
4363
8865
4365
8867
4367
8869
4369
8871
4371
8873
4373
8875
4375
8877
4377
8879
4379
8881
4381
8883
4383
8885
4385
8887
4387
8889
4389
8891
4391
8893
4393
8895
4395
8897
4397
8899
4399
8901
4401
8903
4403
8905
4405
8907
4407
8909
4409
8911
4411
8913
4413
8915
4415
8917
4417
8919
4419
8921
4421
8923
4423
8925
4425
8927
4427
8929
4429
8931
4431
8933
4433
8935
4435
8937
4437
8939
4439
8941
4441
8943
4443
8945
4445
8947
4447
8949
4449
8951
4451
8953
4453
8955
4455
8957
4457
8959
4459
8961
4461
8963
4463
8965
4465
8967
4467
8969
4469
8971
4471
8973
4473
8975
4475
8977
4477
8979
4479
8981
4481
8983
4483
8985
4485
8987
4487
8989
4489
8991
4491
8993
4493
8995
4495
8997
4497
8999
4499
4502
2
4504
4
4506
6
4508
8
4510
10
4512
12
4514
14
4516
16
4518
18
4520
20
4522
22
4524
24
4526
26
4528
28
4530
30
4532
32
4534
34
4536
36
4538
38
4540
40
4542
42
4544
44
4546
46
4548
48
4550
50
4552
52
4554
54
4556
56
4558
58
4560
60
4562
62
4564
64
4566
66
4568
68
4570
70
4572
72
4574
74
4576
76
4578
78
4580
80
4582
82
4584
84
4586
86
4588
88
4590
90
4592
92
4594
94
4596
96
4598
98
4600
100
4602
102
4604
104
4606
106
4608
108
4610
110
4612
112
4614
114
4616
116
4618
118
4620
120
4622
122
4624
124
4626
126
4628
128
4630
130
4632
132
4634
134
4636
136
4638
138
4640
140
4642
142
4644
144
4646
146
4648
148
4650
150
4652
152
4654
154
4656
156
4658
158
4660
160
4662
162
4664
164
4666
166
4668
168
4670
170
4672
172
4674
174
4676
176
4678
178
4680
180
4682
182
4684
184
4686
186
4688
188
4690
190
4692
192
4694
194
4696
196
4698
198
4700
200
4702
202
4704
204
4706
206
4708
208
4710
210
4712
212
4714
214
4716
216
4718
218
4720
220
4722
222
4724
224
4726
226
4728
228
4730
230
4732
232
4734
234
4736
236
4738
238
4740
240
4742
242
4744
244
4746
246
4748
248
4750
250
4752
252
4754
254
4756
256
4758
258
4760
260
4762
262
4764
264
4766
266
4768
268
4770
270
4772
272
4774
274
4776
276
4778
278
4780
280
4782
282
4784
284
4786
286
4788
288
4790
290
4792
292
4794
294
4796
296
4798
298
4800
300
4802
302
4804
304
4806
306
4808
308
4810
310
4812
312
4814
314
4816
316
4818
318
4820
320
4822
322
4824
324
4826
326
4828
328
4830
330
4832
332
4834
334
4836
336
4838
338
4840
340
4842
342
4844
344
4846
346
4848
348
4850
350
4852
352
4854
354
4856
356
4858
358
4860
360
4862
362
4864
364
4866
366
4868
368
4870
370
4872
372
4874
374
4876
376
4878
378
4880
380
4882
382
4884
384
4886
386
4888
388
4890
390
4892
392
4894
394
4896
396
4898
398
4900
400
4902
402
4904
404
4906
406
4908
408
4910
410
4912
412
4914
414
4916
416
4918
418
4920
420
4922
422
4924
424
4926
426
4928
428
4930
430
4932
432
4934
434
4936
436
4938
438
4940
440
4942
442
4944
444
4946
446
4948
448
4950
450
4952
452
4954
454
4956
456
4958
458
4960
460
4962
462
4964
464
4966
466
4968
468
4970
470
4972
472
4974
474
4976
476
4978
478
4980
480
4982
482
4984
484
4986
486
4988
488
4990
490
4992
492
4994
494
4996
496
4998
498
5000
500
5002
502
5004
504
5006
506
5008
508
5010
510
5012
512
5014
514
5016
516
5018
518
5020
520
5022
522
5024
524
5026
526
5028
528
5030
530
5032
532
5034
534
5036
536
5038
538
5040
540
5042
542
5044
544
5046
546
5048
548
5050
550
5052
552
5054
554
5056
556
5058
558
5060
560
5062
562
5064
564
5066
566
5068
568
5070
570
5072
572
5074
574
5076
576
5078
578
5080
580
5082
582
5084
584
5086
586
5088
588
5090
590
5092
592
5094
594
5096
596
5098
598
5100
600
5102
602
5104
604
5106
606
5108
608
5110
610
5112
612
5114
614
5116
616
5118
618
5120
620
5122
622
5124
624
5126
626
5128
628
5130
630
5132
632
5134
634
5136
636
5138
638
5140
640
5142
642
5144
644
5146
646
5148
648
5150
650
5152
652
5154
654
5156
656
5158
658
5160
660
5162
662
5164
664
5166
666
5168
668
5170
670
5172
672
5174
674
5176
676
5178
678
5180
680
5182
682
5184
684
5186
686
5188
688
5190
690
5192
692
5194
694
5196
696
5198
698
5200
700
5202
702
5204
704
5206
706
5208
708
5210
710
5212
712
5214
714
5216
716
5218
718
5220
720
5222
722
5224
724
5226
726
5228
728
5230
730
5232
732
5234
734
5236
736
5238
738
5240
740
5242
742
5244
744
5246
746
5248
748
5250
750
5252
752
5254
754
5256
756
5258
758
5260
760
5262
762
5264
764
5266
766
5268
768
5270
770
5272
772
5274
774
5276
776
5278
778
5280
780
5282
782
5284
784
5286
786
5288
788
5290
790
5292
792
5294
794
5296
796
5298
798
5300
800
5302
802
5304
804
5306
806
5308
808
5310
810
5312
812
5314
814
5316
816
5318
818
5320
820
5322
822
5324
824
5326
826
5328
828
5330
830
5332
832
5334
834
5336
836
5338
838
5340
840
5342
842
5344
844
5346
846
5348
848
5350
850
5352
852
5354
854
5356
856
5358
858
5360
860
5362
862
5364
864
5366
866
5368
868
5370
870
5372
872
5374
874
5376
876
5378
878
5380
880
5382
882
5384
884
5386
886
5388
888
5390
890
5392
892
5394
894
5396
896
5398
898
5400
900
5402
902
5404
904
5406
906
5408
908
5410
910
5412
912
5414
914
5416
916
5418
918
5420
920
5422
922
5424
924
5426
926
5428
928
5430
930
5432
932
5434
934
5436
936
5438
938
5440
940
5442
942
5444
944
5446
946
5448
948
5450
950
5452
952
5454
954
5456
956
5458
958
5460
960
5462
962
5464
964
5466
966
5468
968
5470
970
5472
972
5474
974
5476
976
5478
978
5480
980
5482
982
5484
984
5486
986
5488
988
5490
990
5492
992
5494
994
5496
996
5498
998
5500
1000
5502
1002
5504
1004
5506
1006
5508
1008
5510
1010
5512
1012
5514
1014
5516
1016
5518
1018
5520
1020
5522
1022
5524
1024
5526
1026
5528
1028
5530
1030
5532
1032
5534
1034
5536
1036
5538
1038
5540
1040
5542
1042
5544
1044
5546
1046
5548
1048
5550
1050
5552
1052
5554
1054
5556
1056
5558
1058
5560
1060
5562
1062
5564
1064
5566
1066
5568
1068
5570
1070
5572
1072
5574
1074
5576
1076
5578
1078
5580
1080
5582
1082
5584
1084
5586
1086
5588
1088
5590
1090
5592
1092
5594
1094
5596
1096
5598
1098
5600
1100
5602
1102
5604
1104
5606
1106
5608
1108
5610
1110
5612
1112
5614
1114
5616
1116
5618
1118
5620
1120
5622
1122
5624
1124
5626
1126
5628
1128
5630
1130
5632
1132
5634
1134
5636
1136
5638
1138
5640
1140
5642
1142
5644
1144
5646
1146
5648
1148
5650
1150
5652
1152
5654
1154
5656
1156
5658
1158
5660
1160
5662
1162
5664
1164
5666
1166
5668
1168
5670
1170
5672
1172
5674
1174
5676
1176
5678
1178
5680
1180
5682
1182
5684
1184
5686
1186
5688
1188
5690
1190
5692
1192
5694
1194
5696
1196
5698
1198
5700
1200
5702
1202
5704
1204
5706
1206
5708
1208
5710
1210
5712
1212
5714
1214
5716
1216
5718
1218
5720
1220
5722
1222
5724
1224
5726
1226
5728
1228
5730
1230
5732
1232
5734
1234
5736
1236
5738
1238
5740
1240
5742
1242
5744
1244
5746
1246
5748
1248
5750
1250
5752
1252
5754
1254
5756
1256
5758
1258
5760
1260
5762
1262
5764
1264
5766
1266
5768
1268
5770
1270
5772
1272
5774
1274
5776
1276
5778
1278
5780
1280
5782
1282
5784
1284
5786
1286
5788
1288
5790
1290
5792
1292
5794
1294
5796
1296
5798
1298
5800
1300
5802
1302
5804
1304
5806
1306
5808
1308
5810
1310
5812
1312
5814
1314
5816
1316
5818
1318
5820
1320
5822
1322
5824
1324
5826
1326
5828
1328
5830
1330
5832
1332
5834
1334
5836
1336
5838
1338
5840
1340
5842
1342
5844
1344
5846
1346
5848
1348
5850
1350
5852
1352
5854
1354
5856
1356
5858
1358
5860
1360
5862
1362
5864
1364
5866
1366
5868
1368
5870
1370
5872
1372
5874
1374
5876
1376
5878
1378
5880
1380
5882
1382
5884
1384
5886
1386
5888
1388
5890
1390
5892
1392
5894
1394
5896
1396
5898
1398
5900
1400
5902
1402
5904
1404
5906
1406
5908
1408
5910
1410
5912
1412
5914
1414
5916
1416
5918
1418
5920
1420
5922
1422
5924
1424
5926
1426
5928
1428
5930
1430
5932
1432
5934
1434
5936
1436
5938
1438
5940
1440
5942
1442
5944
1444
5946
1446
5948
1448
5950
1450
5952
1452
5954
1454
5956
1456
5958
1458
5960
1460
5962
1462
5964
1464
5966
1466
5968
1468
5970
1470
5972
1472
5974
1474
5976
1476
5978
1478
5980
1480
5982
1482
5984
1484
5986
1486
5988
1488
5990
1490
5992
1492
5994
1494
5996
1496
5998
1498
6000
1500
6002
1502
6004
1504
6006
1506
6008
1508
6010
1510
6012
1512
6014
1514
6016
1516
6018
1518
6020
1520
6022
1522
6024
1524
6026
1526
6028
1528
6030
1530
6032
1532
6034
1534
6036
1536
6038
1538
6040
1540
6042
1542
6044
1544
6046
1546
6048
1548
6050
1550
6052
1552
6054
1554
6056
1556
6058
1558
6060
1560
6062
1562
6064
1564
6066
1566
6068
1568
6070
1570
6072
1572
6074
1574
6076
1576
6078
1578
6080
1580
6082
1582
6084
1584
6086
1586
6088
1588
6090
1590
6092
1592
6094
1594
6096
1596
6098
1598
6100
1600
6102
1602
6104
1604
6106
1606
6108
1608
6110
1610
6112
1612
6114
1614
6116
1616
6118
1618
6120
1620
6122
1622
6124
1624
6126
1626
6128
1628
6130
1630
6132
1632
6134
1634
6136
1636
6138
1638
6140
1640
6142
1642
6144
1644
6146
1646
6148
1648
6150
1650
6152
1652
6154
1654
6156
1656
6158
1658
6160
1660
6162
1662
6164
1664
6166
1666
6168
1668
6170
1670
6172
1672
6174
1674
6176
1676
6178
1678
6180
1680
6182
1682
6184
1684
6186
1686
6188
1688
6190
1690
6192
1692
6194
1694
6196
1696
6198
1698
6200
1700
6202
1702
6204
1704
6206
1706
6208
1708
6210
1710
6212
1712
6214
1714
6216
1716
6218
1718
6220
1720
6222
1722
6224
1724
6226
1726
6228
1728
6230
1730
6232
1732
6234
1734
6236
1736
6238
1738
6240
1740
6242
1742
6244
1744
6246
1746
6248
1748
6250
1750
6252
1752
6254
1754
6256
1756
6258
1758
6260
1760
6262
1762
6264
1764
6266
1766
6268
1768
6270
1770
6272
1772
6274
1774
6276
1776
6278
1778
6280
1780
6282
1782
6284
1784
6286
1786
6288
1788
6290
1790
6292
1792
6294
1794
6296
1796
6298
1798
6300
1800
6302
1802
6304
1804
6306
1806
6308
1808
6310
1810
6312
1812
6314
1814
6316
1816
6318
1818
6320
1820
6322
1822
6324
1824
6326
1826
6328
1828
6330
1830
6332
1832
6334
1834
6336
1836
6338
1838
6340
1840
6342
1842
6344
1844
6346
1846
6348
1848
6350
1850
6352
1852
6354
1854
6356
1856
6358
1858
6360
1860
6362
1862
6364
1864
6366
1866
6368
1868
6370
1870
6372
1872
6374
1874
6376
1876
6378
1878
6380
1880
6382
1882
6384
1884
6386
1886
6388
1888
6390
1890
6392
1892
6394
1894
6396
1896
6398
1898
6400
1900
6402
1902
6404
1904
6406
1906
6408
1908
6410
1910
6412
1912
6414
1914
6416
1916
6418
1918
6420
1920
6422
1922
6424
1924
6426
1926
6428
1928
6430
1930
6432
1932
6434
1934
6436
1936
6438
1938
6440
1940
6442
1942
6444
1944
6446
1946
6448
1948
6450
1950
6452
1952
6454
1954
6456
1956
6458
1958
6460
1960
6462
1962
6464
1964
6466
1966
6468
1968
6470
1970
6472
1972
6474
1974
6476
1976
6478
1978
6480
1980
6482
1982
6484
1984
6486
1986
6488
1988
6490
1990
6492
1992
6494
1994
6496
1996
6498
1998
6500
2000
6502
2002
6504
2004
6506
2006
6508
2008
6510
2010
6512
2012
6514
2014
6516
2016
6518
2018
6520
2020
6522
2022
6524
2024
6526
2026
6528
2028
6530
2030
6532
2032
6534
2034
6536
2036
6538
2038
6540
2040
6542
2042
6544
2044
6546
2046
6548
2048
6550
2050
6552
2052
6554
2054
6556
2056
6558
2058
6560
2060
6562
2062
6564
2064
6566
2066
6568
2068
6570
2070
6572
2072
6574
2074
6576
2076
6578
2078
6580
2080
6582
2082
6584
2084
6586
2086
6588
2088
6590
2090
6592
2092
6594
2094
6596
2096
6598
2098
6600
2100
6602
2102
6604
2104
6606
2106
6608
2108
6610
2110
6612
2112
6614
2114
6616
2116
6618
2118
6620
2120
6622
2122
6624
2124
6626
2126
6628
2128
6630
2130
6632
2132
6634
2134
6636
2136
6638
2138
6640
2140
6642
2142
6644
2144
6646
2146
6648
2148
6650
2150
6652
2152
6654
2154
6656
2156
6658
2158
6660
2160
6662
2162
6664
2164
6666
2166
6668
2168
6670
2170
6672
2172
6674
2174
6676
2176
6678
2178
6680
2180
6682
2182
6684
2184
6686
2186
6688
2188
6690
2190
6692
2192
6694
2194
6696
2196
6698
2198
6700
2200
6702
2202
6704
2204
6706
2206
6708
2208
6710
2210
6712
2212
6714
2214
6716
2216
6718
2218
6720
2220
6722
2222
6724
2224
6726
2226
6728
2228
6730
2230
6732
2232
6734
2234
6736
2236
6738
2238
6740
2240
6742
2242
6744
2244
6746
2246
6748
2248
6750
2250
6752
2252
6754
2254
6756
2256
6758
2258
6760
2260
6762
2262
6764
2264
6766
2266
6768
2268
6770
2270
6772
2272
6774
2274
6776
2276
6778
2278
6780
2280
6782
2282
6784
2284
6786
2286
6788
2288
6790
2290
6792
2292
6794
2294
6796
2296
6798
2298
6800
2300
6802
2302
6804
2304
6806
2306
6808
2308
6810
2310
6812
2312
6814
2314
6816
2316
6818
2318
6820
2320
6822
2322
6824
2324
6826
2326
6828
2328
6830
2330
6832
2332
6834
2334
6836
2336
6838
2338
6840
2340
6842
2342
6844
2344
6846
2346
6848
2348
6850
2350
6852
2352
6854
2354
6856
2356
6858
2358
6860
2360
6862
2362
6864
2364
6866
2366
6868
2368
6870
2370
6872
2372
6874
2374
6876
2376
6878
2378
6880
2380
6882
2382
6884
2384
6886
2386
6888
2388
6890
2390
6892
2392
6894
2394
6896
2396
6898
2398
6900
2400
6902
2402
6904
2404
6906
2406
6908
2408
6910
2410
6912
2412
6914
2414
6916
2416
6918
2418
6920
2420
6922
2422
6924
2424
6926
2426
6928
2428
6930
2430
6932
2432
6934
2434
6936
2436
6938
2438
6940
2440
6942
2442
6944
2444
6946
2446
6948
2448
6950
2450
6952
2452
6954
2454
6956
2456
6958
2458
6960
2460
6962
2462
6964
2464
6966
2466
6968
2468
6970
2470
6972
2472
6974
2474
6976
2476
6978
2478
6980
2480
6982
2482
6984
2484
6986
2486
6988
2488
6990
2490
6992
2492
6994
2494
6996
2496
6998
2498
7000
2500
7002
2502
7004
2504
7006
2506
7008
2508
7010
2510
7012
2512
7014
2514
7016
2516
7018
2518
7020
2520
7022
2522
7024
2524
7026
2526
7028
2528
7030
2530
7032
2532
7034
2534
7036
2536
7038
2538
7040
2540
7042
2542
7044
2544
7046
2546
7048
2548
7050
2550
7052
2552
7054
2554
7056
2556
7058
2558
7060
2560
7062
2562
7064
2564
7066
2566
7068
2568
7070
2570
7072
2572
7074
2574
7076
2576
7078
2578
7080
2580
7082
2582
7084
2584
7086
2586
7088
2588
7090
2590
7092
2592
7094
2594
7096
2596
7098
2598
7100
2600
7102
2602
7104
2604
7106
2606
7108
2608
7110
2610
7112
2612
7114
2614
7116
2616
7118
2618
7120
2620
7122
2622
7124
2624
7126
2626
7128
2628
7130
2630
7132
2632
7134
2634
7136
2636
7138
2638
7140
2640
7142
2642
7144
2644
7146
2646
7148
2648
7150
2650
7152
2652
7154
2654
7156
2656
7158
2658
7160
2660
7162
2662
7164
2664
7166
2666
7168
2668
7170
2670
7172
2672
7174
2674
7176
2676
7178
2678
7180
2680
7182
2682
7184
2684
7186
2686
7188
2688
7190
2690
7192
2692
7194
2694
7196
2696
7198
2698
7200
2700
7202
2702
7204
2704
7206
2706
7208
2708
7210
2710
7212
2712
7214
2714
7216
2716
7218
2718
7220
2720
7222
2722
7224
2724
7226
2726
7228
2728
7230
2730
7232
2732
7234
2734
7236
2736
7238
2738
7240
2740
7242
2742
7244
2744
7246
2746
7248
2748
7250
2750
7252
2752
7254
2754
7256
2756
7258
2758
7260
2760
7262
2762
7264
2764
7266
2766
7268
2768
7270
2770
7272
2772
7274
2774
7276
2776
7278
2778
7280
2780
7282
2782
7284
2784
7286
2786
7288
2788
7290
2790
7292
2792
7294
2794
7296
2796
7298
2798
7300
2800
7302
2802
7304
2804
7306
2806
7308
2808
7310
2810
7312
2812
7314
2814
7316
2816
7318
2818
7320
2820
7322
2822
7324
2824
7326
2826
7328
2828
7330
2830
7332
2832
7334
2834
7336
2836
7338
2838
7340
2840
7342
2842
7344
2844
7346
2846
7348
2848
7350
2850
7352
2852
7354
2854
7356
2856
7358
2858
7360
2860
7362
2862
7364
2864
7366
2866
7368
2868
7370
2870
7372
2872
7374
2874
7376
2876
7378
2878
7380
2880
7382
2882
7384
2884
7386
2886
7388
2888
7390
2890
7392
2892
7394
2894
7396
2896
7398
2898
7400
2900
7402
2902
7404
2904
7406
2906
7408
2908
7410
2910
7412
2912
7414
2914
7416
2916
7418
2918
7420
2920
7422
2922
7424
2924
7426
2926
7428
2928
7430
2930
7432
2932
7434
2934
7436
2936
7438
2938
7440
2940
7442
2942
7444
2944
7446
2946
7448
2948
7450
2950
7452
2952
7454
2954
7456
2956
7458
2958
7460
2960
7462
2962
7464
2964
7466
2966
7468
2968
7470
2970
7472
2972
7474
2974
7476
2976
7478
2978
7480
2980
7482
2982
7484
2984
7486
2986
7488
2988
7490
2990
7492
2992
7494
2994
7496
2996
7498
2998
7500
3000
7502
3002
7504
3004
7506
3006
7508
3008
7510
3010
7512
3012
7514
3014
7516
3016
7518
3018
7520
3020
7522
3022
7524
3024
7526
3026
7528
3028
7530
3030
7532
3032
7534
3034
7536
3036
7538
3038
7540
3040
7542
3042
7544
3044
7546
3046
7548
3048
7550
3050
7552
3052
7554
3054
7556
3056
7558
3058
7560
3060
7562
3062
7564
3064
7566
3066
7568
3068
7570
3070
7572
3072
7574
3074
7576
3076
7578
3078
7580
3080
7582
3082
7584
3084
7586
3086
7588
3088
7590
3090
7592
3092
7594
3094
7596
3096
7598
3098
7600
3100
7602
3102
7604
3104
7606
3106
7608
3108
7610
3110
7612
3112
7614
3114
7616
3116
7618
3118
7620
3120
7622
3122
7624
3124
7626
3126
7628
3128
7630
3130
7632
3132
7634
3134
7636
3136
7638
3138
7640
3140
7642
3142
7644
3144
7646
3146
7648
3148
7650
3150
7652
3152
7654
3154
7656
3156
7658
3158
7660
3160
7662
3162
7664
3164
7666
3166
7668
3168
7670
3170
7672
3172
7674
3174
7676
3176
7678
3178
7680
3180
7682
3182
7684
3184
7686
3186
7688
3188
7690
3190
7692
3192
7694
3194
7696
3196
7698
3198
7700
3200
7702
3202
7704
3204
7706
3206
7708
3208
7710
3210
7712
3212
7714
3214
7716
3216
7718
3218
7720
3220
7722
3222
7724
3224
7726
3226
7728
3228
7730
3230
7732
3232
7734
3234
7736
3236
7738
3238
7740
3240
7742
3242
7744
3244
7746
3246
7748
3248
7750
3250
7752
3252
7754
3254
7756
3256
7758
3258
7760
3260
7762
3262
7764
3264
7766
3266
7768
3268
7770
3270
7772
3272
7774
3274
7776
3276
7778
3278
7780
3280
7782
3282
7784
3284
7786
3286
7788
3288
7790
3290
7792
3292
7794
3294
7796
3296
7798
3298
7800
3300
7802
3302
7804
3304
7806
3306
7808
3308
7810
3310
7812
3312
7814
3314
7816
3316
7818
3318
7820
3320
7822
3322
7824
3324
7826
3326
7828
3328
7830
3330
7832
3332
7834
3334
7836
3336
7838
3338
7840
3340
7842
3342
7844
3344
7846
3346
7848
3348
7850
3350
7852
3352
7854
3354
7856
3356
7858
3358
7860
3360
7862
3362
7864
3364
7866
3366
7868
3368
7870
3370
7872
3372
7874
3374
7876
3376
7878
3378
7880
3380
7882
3382
7884
3384
7886
3386
7888
3388
7890
3390
7892
3392
7894
3394
7896
3396
7898
3398
7900
3400
7902
3402
7904
3404
7906
3406
7908
3408
7910
3410
7912
3412
7914
3414
7916
3416
7918
3418
7920
3420
7922
3422
7924
3424
7926
3426
7928
3428
7930
3430
7932
3432
7934
3434
7936
3436
7938
3438
7940
3440
7942
3442
7944
3444
7946
3446
7948
3448
7950
3450
7952
3452
7954
3454
7956
3456
7958
3458
7960
3460
7962
3462
7964
3464
7966
3466
7968
3468
7970
3470
7972
3472
7974
3474
7976
3476
7978
3478
7980
3480
7982
3482
7984
3484
7986
3486
7988
3488
7990
3490
7992
3492
7994
3494
7996
3496
7998
3498
8000
3500
8002
3502
8004
3504
8006
3506
8008
3508
8010
3510
8012
3512
8014
3514
8016
3516
8018
3518
8020
3520
8022
3522
8024
3524
8026
3526
8028
3528
8030
3530
8032
3532
8034
3534
8036
3536
8038
3538
8040
3540
8042
3542
8044
3544
8046
3546
8048
3548
8050
3550
8052
3552
8054
3554
8056
3556
8058
3558
8060
3560
8062
3562
8064
3564
8066
3566
8068
3568
8070
3570
8072
3572
8074
3574
8076
3576
8078
3578
8080
3580
8082
3582
8084
3584
8086
3586
8088
3588
8090
3590
8092
3592
8094
3594
8096
3596
8098
3598
8100
3600
8102
3602
8104
3604
8106
3606
8108
3608
8110
3610
8112
3612
8114
3614
8116
3616
8118
3618
8120
3620
8122
3622
8124
3624
8126
3626
8128
3628
8130
3630
8132
3632
8134
3634
8136
3636
8138
3638
8140
3640
8142
3642
8144
3644
8146
3646
8148
3648
8150
3650
8152
3652
8154
3654
8156
3656
8158
3658
8160
3660
8162
3662
8164
3664
8166
3666
8168
3668
8170
3670
8172
3672
8174
3674
8176
3676
8178
3678
8180
3680
8182
3682
8184
3684
8186
3686
8188
3688
8190
3690
8192
3692
8194
3694
8196
3696
8198
3698
8200
3700
8202
3702
8204
3704
8206
3706
8208
3708
8210
3710
8212
3712
8214
3714
8216
3716
8218
3718
8220
3720
8222
3722
8224
3724
8226
3726
8228
3728
8230
3730
8232
3732
8234
3734
8236
3736
8238
3738
8240
3740
8242
3742
8244
3744
8246
3746
8248
3748
8250
3750
8252
3752
8254
3754
8256
3756
8258
3758
8260
3760
8262
3762
8264
3764
8266
3766
8268
3768
8270
3770
8272
3772
8274
3774
8276
3776
8278
3778
8280
3780
8282
3782
8284
3784
8286
3786
8288
3788
8290
3790
8292
3792
8294
3794
8296
3796
8298
3798
8300
3800
8302
3802
8304
3804
8306
3806
8308
3808
8310
3810
8312
3812
8314
3814
8316
3816
8318
3818
8320
3820
8322
3822
8324
3824
8326
3826
8328
3828
8330
3830
8332
3832
8334
3834
8336
3836
8338
3838
8340
3840
8342
3842
8344
3844
8346
3846
8348
3848
8350
3850
8352
3852
8354
3854
8356
3856
8358
3858
8360
3860
8362
3862
8364
3864
8366
3866
8368
3868
8370
3870
8372
3872
8374
3874
8376
3876
8378
3878
8380
3880
8382
3882
8384
3884
8386
3886
8388
3888
8390
3890
8392
3892
8394
3894
8396
3896
8398
3898
8400
3900
8402
3902
8404
3904
8406
3906
8408
3908
8410
3910
8412
3912
8414
3914
8416
3916
8418
3918
8420
3920
8422
3922
8424
3924
8426
3926
8428
3928
8430
3930
8432
3932
8434
3934
8436
3936
8438
3938
8440
3940
8442
3942
8444
3944
8446
3946
8448
3948
8450
3950
8452
3952
8454
3954
8456
3956
8458
3958
8460
3960
8462
3962
8464
3964
8466
3966
8468
3968
8470
3970
8472
3972
8474
3974
8476
3976
8478
3978
8480
3980
8482
3982
8484
3984
8486
3986
8488
3988
8490
3990
8492
3992
8494
3994
8496
3996
8498
3998
8500
4000
8502
4002
8504
4004
8506
4006
8508
4008
8510
4010
8512
4012
8514
4014
8516
4016
8518
4018
8520
4020
8522
4022
8524
4024
8526
4026
8528
4028
8530
4030
8532
4032
8534
4034
8536
4036
8538
4038
8540
4040
8542
4042
8544
4044
8546
4046
8548
4048
8550
4050
8552
4052
8554
4054
8556
4056
8558
4058
8560
4060
8562
4062
8564
4064
8566
4066
8568
4068
8570
4070
8572
4072
8574
4074
8576
4076
8578
4078
8580
4080
8582
4082
8584
4084
8586
4086
8588
4088
8590
4090
8592
4092
8594
4094
8596
4096
8598
4098
8600
4100
8602
4102
8604
4104
8606
4106
8608
4108
8610
4110
8612
4112
8614
4114
8616
4116
8618
4118
8620
4120
8622
4122
8624
4124
8626
4126
8628
4128
8630
4130
8632
4132
8634
4134
8636
4136
8638
4138
8640
4140
8642
4142
8644
4144
8646
4146
8648
4148
8650
4150
8652
4152
8654
4154
8656
4156
8658
4158
8660
4160
8662
4162
8664
4164
8666
4166
8668
4168
8670
4170
8672
4172
8674
4174
8676
4176
8678
4178
8680
4180
8682
4182
8684
4184
8686
4186
8688
4188
8690
4190
8692
4192
8694
4194
8696
4196
8698
4198
8700
4200
8702
4202
8704
4204
8706
4206
8708
4208
8710
4210
8712
4212
8714
4214
8716
4216
8718
4218
8720
4220
8722
4222
8724
4224
8726
4226
8728
4228
8730
4230
8732
4232
8734
4234
8736
4236
8738
4238
8740
4240
8742
4242
8744
4244
8746
4246
8748
4248
8750
4250
8752
4252
8754
4254
8756
4256
8758
4258
8760
4260
8762
4262
8764
4264
8766
4266
8768
4268
8770
4270
8772
4272
8774
4274
8776
4276
8778
4278
8780
4280
8782
4282
8784
4284
8786
4286
8788
4288
8790
4290
8792
4292
8794
4294
8796
4296
8798
4298
8800
4300
8802
4302
8804
4304
8806
4306
8808
4308
8810
4310
8812
4312
8814
4314
8816
4316
8818
4318
8820
4320
8822
4322
8824
4324
8826
4326
8828
4328
8830
4330
8832
4332
8834
4334
8836
4336
8838
4338
8840
4340
8842
4342
8844
4344
8846
4346
8848
4348
8850
4350
8852
4352
8854
4354
8856
4356
8858
4358
8860
4360
8862
4362
8864
4364
8866
4366
8868
4368
8870
4370
8872
4372
8874
4374
8876
4376
8878
4378
8880
4380
8882
4382
8884
4384
8886
4386
8888
4388
8890
4390
8892
4392
8894
4394
8896
4396
8898
4398
8900
4400
8902
4402
8904
4404
8906
4406
8908
4408
8910
4410
8912
4412
8914
4414
8916
4416
8918
4418
8920
4420
8922
4422
8924
4424
8926
4426
8928
4428
8930
4430
8932
4432
8934
4434
8936
4436
8938
4438
8940
4440
8942
4442
8944
4444
8946
4446
8948
4448
8950
4450
8952
4452
8954
4454
8956
4456
8958
4458
8960
4460
8962
4462
8964
4464
8966
4466
8968
4468
8970
4470
8972
4472
8974
4474
8976
4476
8978
4478
8980
4480
8982
4482
8984
4484
8986
4486
8988
4488
8990
4490
8992
4492
8994
4494
8996
4496
8998
4498
9000
4500
