1050684790
101236249
670588519
587059377
1167074921
2060049196
1515480238
1520306646
1033367316
1104226723
184856087
1614900647
1736843343
380852130
1480480850
1696111808
853226778
1434146827
349267461
1065409776
623456546
861454909
137907489
676312510
153411999
1415090793
49567426
2003557393
1245519191
1917935828
1017919726
1322102880
569808651
1144415384
1325816356
705174020
2044989994
1818542570
1257709886
648516581
1138668342
1372045577
290611153
923835193
591320941
1924220718
1421367253
311331943
1285801909
344744802
215007608
1565373402
408608017
1969722260
1661605315
723183617
1937092546
862332102
1995988358
734283119
1655345371
739003512
1534095583
855797599
1692262434
581307370
1129857387
1462696535
1295356536
2015570913
1293287013
1592836204
266937126
318938099
273446981
208405087
118468952
390335495
1953606527
1387420306
995643816
593038088
719539289
816413966
1196505879
637437845
1769429679
451071297
538014769
1508068713
1508857497
1881048303
1672061034
358793796
113248596
698641730
1778457961
1865551581
1064175667
1356623053
929771572
1579795032
127291316
491435600
336022838
1801330303
1881430762
1657598506
2100221458
233338867
421198247
972836817
1675378708
284365892
1186432269
981482688
957644609
1890492845
1492688550
712495596
544666300
1631200586
812011300
215342415
750023710
2066969727
1864727817
104076001
1153660149
2083759127
576332213
1264255921
1146060829
1063523060
1125675439
2043656850
887227832
1659211303
1289213226
1844174799
414369642
21105873
391605756
1828046684
2079564006
935893917
1398832391
1672511828
1492837613
1070313790
1440841258
1193419634
306525658
2110948500
134107413
1232944588
1029980613
18484224
1426707600
2019714445
66668986
1666667615
2053397484
1389306298
481256655
1057185983
1992604650
1846361232
654527074
1225292784
1275129605
1363957822
1798666276
56801913
1187012523
2143877078
1661420580
1913309766
577106984
1400930236
423770744
1259120956
742049954
1196038749
1376318523
1239054224
635417809
30939332
306310350
639750591
1985046055
1510590240
938488846
2062131154
2147209992
1843131356
57092317
1772865257
210772274
1249075215
1554489080
11918158
592502335
305073206
1321907853
1586957156
242025152
382702246
363125757
2053556772
1918976067
1321347423
757744734
837717628
617384064
1880464991
458270838
1281616124
861216658
428590226
655776344
746937204
1731670913
1494650647
1477205170
328849223
1493467230
914868474
211529998
1099240601
134965866
628578630
1048974817
1426491096
528415364
1232142403
432559200
790329305
878272440
1469793249
310744502
2615610
1010884330
1189802893
1796985434
1871661477
673982683
1798198903
791598490
734628265
1013763252
183721066
1865955523
1410777920
577554913
339338351
1690582472
263473447
86943615
972457345
1740043745
482917369
1051518770
1233036227
422673639
2147430044
1246578026
386422850
618291422
2098045368
167016236
280751823
574316702
1749300896
1449031642
1410250114
296654059
1555224926
1641863645
1784901212
635605141
1031944609
815110291
760476624
1655436271
119276165
1072262504
1980622751
182563910
1744987454
1967455946
78887916
871794013
2108536657
400451405
173014137
155742521
1929468401
1572345907
1631382614
1723872249
1419007266
1449219727
276427415
908435444
1613260785
2092970120
766668980
503664860
1862249193
1395515373
1757965124
1039823642
94031808
1992116511
84660000
1246445686
309668117
1239165738
362149960
685722122
1534454652
448219341
1997314158
1542167249
1224818300
1890411605
127287870
433518678
1883890522
49111886
789747554
1838201618
954847984
2132256704
1778806639
1283331786
1779060481
1254686986
1382243809
2041088264
666675870
1399160691
747798987
1183272265
1558386635
1093615633
85409158
952642310
1568715785
749464276
1254497077
337926893
1590527983
127372425
1854634563
117964136
495827571
1137435437
2125447712
1156711386
1826291858
503490835
1084894665
1688471625
1293689917
1921992791
483820163
1192391999
214933389
317974669
1260948147
1386878033
471596093
1900877621
2083443375
1711939290
577744524
1378646781
1715380784
436875713
323519298
2107730929
1890966438
862431513
1519305388
1385093286
540124322
456103985
1370539752
752014142
1160421999
1913538786
131278830
937590341
1993343148
1373395236
1499493496
1266589727
1715632625
374600106
1629412185
819126751
1693126787
76102712
1305510619
876552134
473897718
1929583350
1356810103
1926037275
1887469694
74713574
1580588370
576021200
332027724
1227442362
895865052
796079847
890867719
557766349
612908488
1821386804
1816110490
1183930619
1885924078
2014832873
1773950615
1272515004
370031755
11064573
1278684769
986057054
529602679
1859992785
2126771763
1935200073
1267793096
465818938
1440997651
1674433138
1572040078
786281905
1573097344
1375882391
351434641
981982037
760268664
307736198
981657810
1753436416
87755931
1740150475
129244832
1111924307
709131555
1987287682
530909583
202808196
540802383
1114856977
606392364
1826556733
660277666
1238728413
1601963273
1194246872
1325012842
85416104
1069383732
841741981
1682691878
790246203
1629060773
1355396208
1785024127
553953899
961570748
1305117961
719600069
1837943426
910382334
2122386310
1243335500
1723863190
1266752653
158962613
214979823
1098390907
886544337
909129073
386181506
856990108
259924727
573148691
1445892842
196046042
705913396
1586780544
1568674562
56629315
433641584
1802088017
1731428078
1708290096
1522766729
1577793004
838945072
1919682549
310288515
928776689
2038665627
751605104
728171274
2012781512
1656464640
223204772
1896155342
25511514
1422770045
265736970
1622752677
561925439
1795257414
746116748
827168803
1564424990
1648516709
1933798216
1329102614
102737404
130696840
1893502646
538806429
1928596451
1949867786
827426082
1593545849
1456522406
605985489
1430659549
1868128231
1420259277
1016932134
1903513312
1284345425
1635421978
893986293
1432032039
1313247544
2062031789
477182437
1301280761
652289079
118532818
1463731357
1507740714
291145598
1316317720
2122872293
821317193
2000663482
1999680895
517726715
1976645008
2048114013
636838728
290004848
1471085293
551291540
1312459622
1704328617
1514182233
1179573081
1663226910
60043371
1979105954
459560495
1482044853
65022818
1916809450
1414237503
740707925
115393816
246132271
691574575
1112384461
2000488892
1212830412
125957160
1690595825
487897318
997659380
108883884
355371144
570794901
540449958
1634100943
166187518
1384873926
1148308096
178633883
117533075
1840919932
1544394795
8478276
760464030
1443768913
1006393338
871627994
1465738971
889970860
516642665
936885834
890112234
745231836
986838348
775909055
1182782801
1921899775
1067983898
937052060
1536388969
746030455
1524325999
2014640130
682002661
1298499388
1150393302
864952773
944449268
1307212299
1559400483
953489793
779977037
833879571
535669475
745418101
1969910556
531328893
807700425
776910288
830636656
1866571892
1032673468
180141622
1835782331
1096080668
713063110
1492939510
635413022
2097967870
1011990997
462202339
786360374
744442180
599991838
1627098601
589426109
142550352
1399499659
2383222
1400106508
1611759777
487848781
181898021
1290809266
751531668
1641416069
704942321
298308548
1444934138
1262977090
1127584682
1920049246
30914053
2028929844
331057395
2098992035
1045262976
1318605172
1913372411
1629981499
1797652561
199163084
1554430762
1179251179
547987290
1612504694
122766918
1759289706
1827236846
1353518622
293207283
1607319163
1016376928
1162100658
61989541
328646792
238693060
214806824
338280361
1088813718
984002339
355746026
428985734
860628359
1278467168
1623804341
1057373111
842697652
564785199
467119853
1830639586
561311333
63912460
434891720
1338287299
1998399262
452157354
1611505592
510728780
326468401
133697522
786357492
696004406
402626433
221487734
955185087
1355495884
1312795012
898777406
351889644
39282870
949716461
1786095523
1381037295
1090560289
273850078
540805425
1165983871
902641022
863174346
1119197737
547101686
1760543795
1429874199
1553652663
986643168
1790486089
11352412
1821427548
353411251
1990611602
561458201
384839289
1920669106
1858966485
2057616839
1437045432
1821481462
1259543849
1407161664
2076166084
1809077332
1089244698
1785032258
690611616
2107801724
933334356
1329963604
1688494452
1677343306
1091109773
919093078
347489075
1240847332
707412907
1019258157
194792580
1113814032
257484925
369585770
1105329266
1535427112
1759969032
359767046
1438275817
1025725687
1520386940
235384927
449590315
1416954059
1300708030
1763817397
614728191
192880420
1188395617
1767217819
1931045923
168470750
1104448504
1764845707
717665185
1530602743
133694188
730322954
1668845273
2146073491
2069311872
426969539
1334177346
1641895895
179443315
836754817
1615288763
1817458014
209446370
439443157
524877666
1903594233
496901025
1999107639
1620431358
202222652
1436982610
765632108
256826332
38031454
1392004219
728058315
114279599
846839975
1465331156
478275096
338247751
540737448
23494432
1881411223
1329206533
1849304037
722126828
1355508999
1533218817
1152376966
1992138916
461220835
1470091822
1033893619
1359866656
1757916018
214499100
1608814034
370870061
1215571633
1100501920
2006601476
867814644
1799274931
1696531910
1471430151
2052352652
1008684050
716918932
1873230454
1273975358
1291881316
1589606842
1825624814
29900562
27572136
1695905647
1683246145
1515877084
1747646427
1559658570
996190708
1194717344
642301158
1902752684
1385372511
938091603
1828118994
1147394529
2004182490
1014106235
1653269053
202065238
938809159
1003180804
565660231
141397148
1344952854
209748856
1228358065
1253699844
1971217391
1020468268
1205775334
1810345446
927600226
1593204809
19630420
1363470949
58242706
1780100357
1552013742
1358585332
1697540020
1234865745
1106611607
1612895829
254121922
1829652818
1156570733
1609820534
107246385
751212862
578210921
627446572
1349828834
555966130
421398813
48782285
1692594488
1867171654
375455167
968036883
459782909
925189657
1880960919
203398146
1866157445
509513680
1379119171
1064904926
728377184
1178543588
1540407235
1709034060
1141667795
244244620
1178078923
173233521
1695445762
396409891
966765043
558804499
881226362
1724236422
1097211936
398931563
398833407
896609162
417434735
2144000043
1580609688
934312826
595239718
1215112700
1977149577
1938470608
401100019
336851400
694586308
190973464
1350440830
104364667
1710302317
982426724
1791672132
617824290
689408785
1219173930
1514765483
244837596
406808320
1786985839
1312192778
1514448803
1364847777
1723754432
1586340594
616885853
2096967302
1375313797
1532493518
1847178555
1506372853
923825888
434931806
2012012701
1619960045
870799649
428646438
1600531428
751548074
1917151711
724167189
1288117974
616143611
359524243
1652453090
1520560626
1007041882
1034288767
1558668151
1530087751
68158232
926621373
174007967
1826657802
211460702
2082066376
43553567
1860360589
1866002650
55357762
537486783
1224142599
1271323133
1813092328
1997289413
1126278034
1434052780
916103179
1635864110
1882447876
1572364328
1940984361
1847557397
1431119406
1007010242
502515287
1868728605
773326860
733504376
1451913652
456068303
770832378
1758418342
67123980
723817185
1848051687
1148716848
606077806
834747721
94280996
1885251933
1455510093
771910074
543902191
1673722505
365849482
586562613
1407896961
1549400881
393903445
1790600061
1926879816
1015670752
30818861
429037900
1737382321
849520788
1424598660
934498217
1563622608
1047784317
745110419
1093666476
939927459
471096081
2087110525
1068703577
147795131
1501670785
1353063951
1241486374
710373566
1386930089
1346501285
464424909
1633872365
619444366
738706
1678013507
1617759745
397579548
1297837419
762098554
997926370
301217520
943902661
710323038
537705993
613437775
2127178825
186756519
1343206566
924657498
1526899194
165171908
1495385832
948557583
1636185800
846640765
264692333
1245407794
45686449
1200486364
965456183
35630949
1848905977
474383349
1501648979
986570509
569306276
1290933347
689477388
224700904
1271842102
1945469723
2071108886
564612779
1864224207
229837319
1700223127
1232688507
1020994540
1460894250
1069123599
764653944
996693160
1049493520
1554397829
625746248
689770777
860722533
713765939
420484631
1863994587
665581273
182138088
1030648041
498528385
1432859748
192167178
2085839205
1176464807
962073320
1161910977
1168988268
2005417520
296418975
1899135432
719760263
235356690
2122494703
917613004
1241689121
1970458748
1154857249
728582357
331918905
1546005076
1302667279
333176988
1215769587
132547504
785357789
1073865261
1000872239
420313922
1142372071
1343593117
978969214
1663360031
149924371
780585466
322327539
1405190239
1154680814
2058206606
611841166
1062775126
1440050583
789446791
1078245171
1599575611
1867000931
1801081000
1986362535
14349483
653592317
547217414
1558100644
581932190
893788892
261797079
1976997697
1533307095
488581665
1762061174
1162659288
860949363
231130455
1959123409
1767859259
1974309768
1454440979
2130663899
778336768
1183165899
1918176920
774985676
695937477
1425234377
881575601
1151445354
1366921561
70620121
1501400503
1105401671
604854300
1746118849
1655458888
499400084
1051119312
961796562
805406565
878710914
249291179
96250156
621185701
1350068640
291418278
1604283186
1530319017
1807562247
1395014867
1935895370
68747893
99635565
1685179942
1804948558
416416784
67683115
1531264542
519131746
1968680908
1339471427
425202088
1693399447
363732038
1505903304
1622050433
1644212413
458455695
93540429
175960599
284805474
2132036002
216951772
2028683045
478073896
1251646645
1822840150
472692948
1008366783
1827063404
585962575
2060476530
107748188
595081295
699980986
665013436
1375919864
981243352
1230091751
326989388
299991443
1812062992
1877108437
2026726229
1949605736
718119026
568373842
651900638
32455872
24994366
1320998197
1330754293
2092702593
565309985
697263567
90508890
764492154
424972277
2125933264
727449262
615344063
1953906536
2134704275
2112943143
1445817609
1079088658
743676091
609235897
225691983
749037679
527132239
1141496998
1668626735
620588972
2058262572
1552461728
297951446
1885571765
388475576
758718952
31530378
1650085884
389635030
918309507
62913160
819525796
1957425161
1142692534
287163817
966517510
693484662
1002961965
1182600452
1004643779
1531560939
1205708831
692629525
1663059935
1548661840
857743240
32912369
1254888504
474189541
391801570
824125288
1951675913
1151845513
1649942933
134541220
2081487896
1058458442
1903986593
648844604
209299962
126247548
128696000
477639471
392716611
1170833846
811792261
828921236
952795363
1993593909
1292968069
527311690
2010046308
783047599
901207577
393584348
722504076
1253465194
174938488
286055073
1659209925
1266053180
1287821784
2080529222
2125893700
62497114
269491615
302561782
2062077625
1247548089
1657886162
492404909
1594813672
1289987097
1965722814
1014909450
120518029
469434282
2074542143
285304709
1932744059
791755091
1219137625
904587348
1362820723
2014796206
1157688346
1066189402
841728846
1461931933
1329592604
1895548393
561937906
2004790283
491864951
1109674154
1545515730
1668163645
1427369930
266592873
975528869
1823540085
1499082258
797363602
992101534
1187446630
849978839
533127229
967562519
1077081749
1373294880
1960293851
2112125130
582375000
1893645621
794303607
1102373097
1243218610
1906776607
295969668
790083624
1044079167
749680132
587421575
812085766
1466892477
949593379
1864939996
1522684807
200929950
1185376566
418151543
1306490217
160786544
805017082
775121074
824088016
1325245409
1846686026
1818372538
547465709
1436227415
957971625
944199816
1409639829
777012299
397651886
366138538
1149759511
950245671
2090593405
1623409268
859832141
781333124
3313663
2005642866
1936325550
856332212
2087568537
176576673
2049226604
8802842
1920477498
786094476
570461788
1384270708
1747441405
261337463
694682526
1808109390
2000912680
1892984387
418362004
548740950
1394366432
1775066560
700849796
234717577
2118340747
1969034863
845942171
1408324857
151114365
1453461801
706004782
975221399
950859089
1662891496
865191214
656959861
1310954600
31743980
945127404
1967225816
506060300
1320219980
1136163056
67893068
764977319
2136689491
1118730103
1277511636
596563546
1989853426
703696051
827085128
158099265
737075516
1342521516
148440383
1609002914
1397892574
909393038
527673967
1656384906
1030599081
1823141312
1239355388
1402113863
989636910
566700355
442892040
508195778
703976727
1249439366
1232323996
1337109104
1523828720
99322918
725489107
2030757330
980843539
952885601
1362740328
663597441
1199612016
1302674876
460859767
1844072887
849018305
1569301467
2003087062
1930600662
1274903711
1862324658
516371981
682467140
515063353
163192814
445007679
1706002099
1723106796
1438940577
1460928772
1649334853
651958895
1011581271
18388398
1963643665
430390559
849202017
361981757
6217948
1425836980
272105987
1292639046
1439873070
2100953094
1792526884
2098739272
1092042529
1563537641
1767227595
2095351155
2130018579
669861763
1257373167
1431731289
553509588
2083970359
1979024790
1242920794
1196350389
171601062
28511113
297422910
1592401801
1555860493
1586419979
1951109548
222883546
792277254
1405196578
1261220387
1667448419
143984783
1885661359
1894281934
751397963
1541719781
146674565
1995670846
1840309876
2028601838
1260711494
1704418356
874941959
1328973904
86992081
1787025407
1977212154
842718600
916858235
1441188420
585720427
138178741
940277580
2060612434
244403069
1693647619
239791548
1497225464
1802481549
1903069461
266992609
1251440880
512031442
745472165
731080557
1516977012
906783500
1766325388
1964343635
1457368114
1934897963
485197620
720991681
1604446193
2122494019
906117016
1302147035
179370668
1763260335
1989605392
829955907
1162641684
565078935
1108973511
507227064
1602669705
182347614
257184229
1758239039
1348545753
466060233
1201475422
408684813
1112948985
751025525
1724605256
853754033
1705787024
255824918
387135532
1858919561
1268965171
837530640
1769644042
1906386591
183421697
1129428034
689011605
986220611
1131021531
1701111920
1138246929
731808227
862024820
1126467078
316347994
1838708833
889675901
2001717693
390452349
1770088058
779028915
2078662293
813189055
682517877
1367800112
1951524896
761186441
700428708
1747426149
4929871
1251963311
702594671
1643544291
2114231123
1618060999
1165788232
1909503643
1032107133
1399167512
862439534
1654114335
1523817930
2065459035
96847490
2070643651
1335342722
1901017504
139489662
1498090357
1306352671
2144018216
1886043299
1871096573
1917059390
1320011789
1932064213
103001604
276138946
355104255
380158772
564631179
25989360
863993179
1996422086
1581498674
843114999
1136685287
255094897
1002574467
1112372507
1799578014
347996950
1186767869
179460947
1133095841
56818091
1458916169
35770937
2054200646
2003148150
809823031
2091810978
612322209
557730239
6007718
39985017
2013282855
1492601853
1402862764
691514135
96569381
1691432982
1673093135
525446127
720300025
717202036
188908441
1003337621
1053799903
917332912
829150171
505538614
1142177966
228754029
673237273
7511268
1687829750
1243115027
165857126
126942876
1077655461
278254229
1546927284
1769831606
763807445
1801969996
1895332778
1233063895
887689715
832144296
1435673608
240071964
1915209882
300101891
1520878881
2060986373
86744901
1927638441
880979245
1865908297
617050538
569860803
2020934048
1237183784
1411187434
1017805770
1554328035
1600202137
1659605178
1466619410
655123604
513754259
1783570073
1885472085
860637463
1431478096
593062131
1123629990
2025533859
1236795969
1335631670
314915599
1386766185
739250404
1388642133
56053735
1497286759
685182967
1062811155
2045589986
1165189879
442919360
967363018
2019035736
1544508705
1922963646
1768594619
1448603406
655338603
1979758805
694609017
572643627
1547216782
192973551
606164687
147473041
383271449
1339785990
1417095135
1524288715
1388007942
134623833
1322480940
481412130
1522770661
1643878128
1282578641
2005854348
1195736230
586848984
1925967064
707433417
1363969727
1998753611
2112733703
73243176
489929301
789459309
1288635197
719175984
1152797772
474690770
226022785
2013859599
448520026
608476012
339206670
1624903552
204459565
378073755
2028972459
1047287700
988403088
1304690471
2124710227
1646702873
1513427622
1381727886
1959904991
2019006051
1045592910
421354969
1459379824
1385969581
235628858
254371338
1726620236
359784541
1732314282
1570335195
49600735
415898109
2087730625
753306042
1398548829
1201652588
1238830128
1164003631
1980485694
26530558
1369973377
1970367752
1772971124
1990078943
198992976
842909253
1973679559
1599936551
1490868570
188862794
236148492
397925388
667919358
823627037
20022297
1507296747
1419326817
377462443
344586263
1845409929
1845846729
597209741
2113034556
834712253
1645653967
1064333656
1864460529
2054217526
139366663
1578329811
1271125733
642874175
796031168
72719766
282912019
373508875
468961944
578408318
1797614304
1703661332
1036541473
765192247
1454017093
1448862838
720644933
71619851
1123993437
1691536647
1267907143
235123220
346048060
644028344
866796728
1871029895
796402244
2014426804
1391599873
374666034
589980434
869156039
721780579
1978552997
1903430431
2038848105
1671029203
196679355
612586752
708937146
867339266
252047826
1330059698
1156062663
1660622632
1387099612
2048190699
1925700330
519402373
74657956
645816644
857983770
1928016432
