1051474719
492671070
1773214305
1782254716
1253103456
537658863
1968807512
1319821208
876452993
955118578
237679121
353403227
1855752234
1722791457
434005298
1472578274
2021503090
63654443
393367295
1369461599
1958849494
1459137148
1602281343
97598421
1806639086
911833469
741808491
1432737402
283381603
1823356222
556380464
942659410
1289839951
1640123639
457907781
1622168066
1473786597
854951281
353097690
1015559169
302927027
1758299399
215532626
1799416340
1925709326
670598145
748843559
1559524693
893603616
1442830641
269241363
391543712
785273176
1799258217
1415619712
349174471
1650010493
1270022140
1422139447
404694619
621751484
121765286
2104729858
844090022
344027672
1047105580
74995895
2030590123
318079137
869258176
290913491
1710262665
315995560
210317889
54677461
1988569758
603924445
1150431393
1505148210
1816087457
796814988
361480624
173610205
1583922809
783362651
1901319247
915916969
653716287
483297557
998887545
1423300216
586386379
593415770
624789722
1793307471
185679452
420810673
901331540
329546842
333447881
1473700944
1562864957
1198845842
1310490340
818860748
1517381660
1265251495
698803871
208594454
1153676474
210649755
1337382029
1815911901
2141212590
1976527351
70652814
2050871754
1889035128
615159048
991843078
1138543932
1428570354
1114766218
1228489498
1315210628
695846225
2039045660
696368794
84444608
1921319636
2055005960
505675019
1287253154
1113499400
1411915842
375257144
1934831616
1517587238
425433647
1290244266
1992994903
1962892462
689823620
1748854834
394518549
1391234754
680561942
706655272
1170588594
984809191
1031605708
1561652125
142131241
797952023
144275046
321660659
934356314
1326142534
1892280372
1470883781
1459446650
361630516
545361402
428878018
1197729194
1870340227
2090054050
1148404371
1796727808
1836708589
1631313345
559668166
364492102
1395397070
1917130250
363472162
1433134666
517746710
165217326
111242511
1342109487
1813403568
785849152
742268614
576090075
1489609849
508375417
1575685753
1929599514
1628478451
158244942
1037985208
1407726275
828164926
1126395075
1253677220
1590975823
1211768364
1603469247
735348126
227565197
19890672
1442559019
2146541350
1342683497
723371403
798244554
765876269
65472965
892495491
2145926589
1747813605
74451922
1477970500
306848651
1097040910
1819464875
1726504492
561958780
208135954
2037601562
47733825
1250996444
1632330178
469711221
286604975
163994604
1035790327
1025583307
1274889927
1630656970
265391776
116044413
443297815
885605262
158481077
711738859
711089423
533436806
1875655864
1235651935
1435205055
955036281
1001997089
2145798696
1745799601
584825046
121895803
3361783
666912059
1073821920
272440052
464818560
1807513781
580446805
1698726961
1856430309
234296100
1477027749
1641901770
278184440
373983561
2004558605
893020099
225595010
1266696115
1356212094
465234600
209963473
540458690
1780859667
1428835030
1268208456
1004323517
443884799
13627115
1397655223
1215202075
1331791555
198612204
885725190
26627326
848869506
1215920321
518450195
1251271486
1959993778
1363765513
714012560
270476484
1822869536
966583450
1801738242
147726947
355702297
1841516078
826402382
1568089125
954607891
244497300
1129904389
105175502
305620633
1932578854
162638303
1862759537
1382932393
729217670
272206261
830460517
1053687366
1173407200
1112479999
1458712411
906177525
171638151
651865936
1596703005
831752123
1286872938
1165660029
1902279469
2021982594
1680227230
169096560
885018939
1041568651
1505110660
1184984607
272947571
404755805
1650104586
703959544
960644685
773162649
121093746
1555575313
1088367013
2066165992
1241255554
1125949120
200962476
1732041048
1273058651
917172296
277160706
347955399
488420212
1196004250
796493830
1406229059
1434259378
93428471
441766140
912547301
2001764680
1180162858
838190714
2126089525
1206244242
1101347614
1187795005
262666523
1557357476
976409496
1591852545
914449489
1759583691
325791800
1646966397
1647508196
16105754
106467956
553058541
945674371
422681950
139629374
1698746294
33876393
277370696
1729773682
1820143935
254564030
670227386
959947987
1948661245
2023927965
16339275
1883771756
200495371
323858254
1362113480
865581340
771356602
1979116522
637176871
1678206955
574072987
1948150185
2024477133
656271263
475106249
766527397
271563026
757028107
1678269521
1625619749
1504164309
312048879
450443379
722015178
1626491096
1116507809
434638377
1375318792
1616444483
1914291231
2040203710
832362321
805052489
1370206523
1593885280
718888282
612357552
1151740040
2024741869
810721921
19586032
617441833
703904927
42696766
345008064
344684748
1353163677
770097609
146573994
305374049
2083208860
2065412979
1470267945
1846509233
994496234
632980237
2012339668
672843473
1978849256
440204503
435918006
1407206925
689384064
803688083
2060954998
1706908923
1931712235
629758299
1548318877
1536015040
903856693
1967604020
420083987
1572821820
1040117817
743263739
121286774
504829615
2110933655
2032091145
1923435774
1113715327
746033637
1577805873
1055234355
1403847559
63094524
1720226897
281118318
291547226
1624028575
531106655
1367513653
1431975777
367652110
818560351
763576575
69221553
1617988244
2090478594
1841264438
892056196
1205146465
1978362398
847516685
2101377891
342155475
1793345306
821572297
1993229116
1604343059
389120881
866941852
15161669
1419100537
869341777
1695995498
1045888255
1090251090
1519593426
1931180658
285478248
554446738
654781233
1201975803
228653692
1134356961
1925109108
1320152454
1253574
1741465395
754268802
399786973
1890807395
336879459
1166173921
1949327725
340555443
671411246
1529730184
500980604
1845115188
1187102036
1500838422
248440892
837862076
897637953
528455896
1913363727
1484029511
1208915119
893620766
1731070691
2144137728
1747197836
462640574
1709325078
1737840027
2099734589
640466172
1126914040
1385987387
534894300
601953758
241349689
1915097487
558562773
1113504774
1502236660
126306841
1125233451
1057615475
621142106
617367475
1601653668
285682931
1847070272
1833944119
266022642
2129074687
1985738095
256804638
1820904043
144797304
509316277
208850597
1163704581
1249319638
1367539147
1860453435
1278981725
1682029252
390909256
859389419
1930439058
706308930
1792069541
854626412
1335475348
1982579039
849641621
1307955244
1161175216
1687955023
1201094691
452189837
9963726
2104102063
1030157692
847167330
524735700
1665055318
725325569
1429657811
64303194
559507117
1952708853
1332598917
883043456
51880575
78463343
178446543
1263876989
1219801646
1327370060
1048473384
1588841253
1843272373
279681389
1910885287
631077724
101574735
2064555427
2089777010
787160385
1305325175
2054762120
702423433
913030872
1539207889
878978661
454347714
1917664113
746173015
1772848272
2072789026
885438348
1648124773
1788980805
481847988
258301479
1208506966
476244236
565322083
900594653
829588915
1437058081
2034073205
876179842
659237015
928376232
1750635769
261922036
1929666349
604290649
862771080
783957016
1153393567
1898282747
1421068997
1740994292
1426375269
729194622
2032322172
1511339269
642517367
1241610053
641562872
231798117
295616761
1301226616
1889757711
2022193294
926494836
194784255
973895757
145630465
1627351322
541940662
918559307
2113818113
1119052870
259805664
719540497
836716822
976706798
146156318
1875428105
1702673716
1617548537
1142773986
1656127581
1000705100
1906176043
939708755
1090305247
282326478
1269739523
967162822
801825211
816436352
1572747381
1936505191
1728074852
1185195536
1670547627
692766111
1811177190
2021819752
1090825383
434317642
279692941
2105039751
1757494379
1717947015
617847190
1074289085
1681631266
144409495
433861355
1200811920
2142108581
2003062559
1518778741
1123671745
579826497
2010628640
1980366935
178031692
733927173
2115411890
2135859145
48006763
1543298116
903947146
1340363944
393349778
1075053380
1642235449
1591360099
1227844155
1206349062
715573707
738870349
1443508689
927775864
250185381
92717641
1379748212
899778778
2079672
593308952
976983243
497400139
1797782049
227984253
620513923
796914029
2026062711
1535276945
1383595910
1143529654
1471737775
780138279
1396390218
1429099510
1418356522
1249583554
1508208065
1703462914
1996697441
1914422865
2105092701
499941382
1558780210
1265979717
53129143
1735792896
2053342224
460551478
957626958
1593832488
1979096785
305457112
1331765054
1900693544
1137144883
1537073928
1520718133
1506778384
1297134464
1832435751
684685430
1290641384
77422541
2013040152
1708459826
80451545
1381902852
605591259
1247286880
1562713793
805716141
1786787452
125386116
682993905
778468120
1243315316
1384630702
1355409622
2010473225
1515790677
295403978
2019950029
1878645627
2092474795
1031676293
600490573
1419403158
1660525630
1904270645
1127939274
1437226049
562144087
1175107056
1764672380
2099525590
1422787273
555287966
1908398347
1782750084
988818844
1849850622
1318646335
457715305
534707581
1758734819
1091185625
46453995
1215730104
1616440370
1845164040
2008157600
1251786948
2033429024
786848010
350205844
1804427328
246038762
1267452459
1183183820
71891520
1394967026
1131831683
284951055
283848575
1081820038
1552823164
2077639004
794640008
313813763
48077709
588203891
1075568896
1716578273
1235720513
440311854
92682616
791083037
661344282
1985474349
118992910
606563013
399687182
213620058
1867140669
2002173919
1615791790
1681898215
336054044
178325898
1383680121
411380284
1318573495
1380977072
78392328
1132381085
928815881
549881924
1243363627
49110032
758587376
2115099840
1186202089
1407814722
167210008
1389994180
1305071194
2081070747
489886140
64052382
639077127
1403554842
1585850846
975625805
1305259790
955836425
1565115415
367587802
1885219442
909433856
1213702093
1891397845
1670638021
64534422
150788819
276977473
1563325662
351980189
1561072685
1140901396
248278509
256174642
1969979506
1690171543
1946924332
748918585
673003028
365522847
1539259109
1739833201
1239271655
2142296979
874500451
350999889
117556114
80652758
468722449
848183147
417702843
207640258
148889831
572940862
100394486
1555463307
1353365818
2019997749
533192020
2056504856
2075299974
137268444
673301430
1085797967
1837882810
2039092869
1489810457
1732510426
571960109
796747991
1382945692
952733963
961644109
390612641
169148408
1756428275
979806263
699257045
1382638931
91969130
1684425717
2013590865
226874982
1304349049
681397967
1872825565
911456876
854860881
981228537
981096046
901803456
1818588113
2023151087
1991736258
136198770
2022643335
2047882982
1048868005
1778785459
927359526
1842727203
1854427434
931714327
2019423612
1621089696
529491183
2133563160
114092514
1997469674
2008441014
1720158752
1283288950
1059115829
67788020
1146919230
458283138
1488342224
678238512
311472908
1507517017
826437413
9371495
740410234
1554552120
1071431438
897798371
1077117575
1975422462
828136214
643832491
1870062651
1719801512
1721607211
2005219246
1258995151
775128966
956728860
1531884931
208591434
1102919334
1833889281
1491844023
1550915836
85948366
1425176578
2057631455
1682696544
868667665
1103613349
613297504
1917127775
321874837
239078666
253235925
1971086768
972571154
1505347961
878335220
377453062
186919796
1939919458
1129601852
1462887084
202946285
714180559
946552030
141111234
834563550
1293886293
927516929
193232130
657134646
2101082448
1819095915
1967844713
170443944
2055665357
850742163
477411815
861469513
383356917
628763019
2000517093
1686804619
1193607486
1316270575
1330506278
71798135
1972928978
1869823566
1996467211
192430902
75797532
471317653
1516103835
1263683190
110105500
1559718433
2002308149
1724311753
215816406
126455859
1482295330
2127306110
178551867
886573810
1404481784
2132579511
761772947
1967900462
1107417387
123254760
1368515612
1092031514
1378408536
2006164363
2111191041
2063010353
1891522056
1610768651
1009863275
1208800684
1117795368
599806020
651539122
398907401
2140226320
432672990
555314188
201627854
30147212
2025535039
1256628229
1796460205
1634072262
1831629598
20573841
39678520
1156955070
1626921552
1908730860
928845134
1041537095
974748968
1600645860
527323051
53506988
1643782870
1829061082
1948682016
225542515
384412650
1192598374
1535994367
556405582
1364817636
1217174645
125037193
1261095985
1724107652
1080458193
139130719
1907786297
85960322
1626121070
1339931768
1719702334
54722565
599149039
347077690
769150578
1409693153
1673228767
657529504
147526266
1277824024
1551901368
1617399161
779695201
392029213
355153895
1214458252
1715260276
558981404
1706985050
1063695077
1869281511
1476083414
802848954
842615777
1336195721
1204986168
1431734366
605224727
1529434497
1973820136
1815130543
1893830566
1755190575
1652618833
11235933
2011248642
1663322314
1663498399
327991700
2113463698
1604850906
334570822
1019617508
1939437543
1619991035
1391648579
1193267776
2049215546
1970434683
750396794
1894941574
1100549208
653887245
1209105016
1937735998
939411631
391509473
209818303
248070147
1049201802
946460697
753561150
1391181691
1936215748
1158373645
1846591460
229001776
542153808
205936835
1584230528
1660228590
1206886659
1161031898
1426693044
1775071753
788128547
397354733
1814339008
1475403703
116364412
1526553714
801140489
45731933
1964935952
675021698
2081054832
222402735
1301221365
1801504154
508377225
1606072809
1543741720
1917148633
672435243
1560178587
1146181839
949854483
1958347630
1614243488
1429390265
2010108513
1828527034
1562871868
1314999019
1434301056
793910617
939841108
1167278471
1186146752
477765763
367822608
1536636590
612829308
490608544
1468078175
1550266842
2063208090
919920521
1369421694
1288166159
1425988906
678042622
1314116972
1642122656
1843131795
64470590
1225448042
1737067164
1995128030
1307135952
276236454
1993921211
351481842
1775289244
148532490
1009561616
433785165
2067770237
286513858
780074832
330036489
2120494069
1652695718
1303442128
471162249
1051712454
193315921
2065409983
1419914173
1659220147
1437854334
384311847
1645886000
669144993
2095521659
700712013
66482343
677242361
749032227
435500475
832214349
465570732
1564366703
668887100
2056081302
1399078837
1519562456
1410667868
875394596
346509375
1954898608
1628589203
2019653806
1194992960
979611976
1728842730
1206019200
1614034014
56244394
406725278
391298945
966441501
1563485046
883263430
1601499946
1997044571
1306185834
1487472404
1091559301
2031859233
173174437
702420974
871702459
569788579
807065280
839446508
1757382813
1990340900
306736981
1367686867
48216181
768019148
1721101966
2103501119
1667510119
1180976683
1631245607
1568679247
135370110
980256597
1825569642
1250108405
1739444234
1144354227
297950657
1872311042
853803403
388064967
300064430
891271854
907612353
664472230
869805210
894979341
942320599
2037894415
674746902
1757525754
97782993
613773396
1325510031
1999220686
1372928640
99865465
1254141948
811724731
1841428173
1496466694
1934736041
2058741860
1017920556
1336052690
948547798
1471729305
637782989
1127813946
1478322000
1919541857
93161718
253415763
698656740
2030731031
538836246
282247123
2083503685
578085813
672240063
427271974
2122235097
849382256
1243774983
520319383
454459497
1648917347
77386494
1407198223
543129550
1572847100
1464998777
1334432184
1629990867
1955100537
727442612
503577513
394208164
469561353
2062740793
1655994430
910319890
1072890002
1789563402
1683621179
1376622581
2054389736
886216486
1841388257
825598482
941843707
465221512
2137477104
1471239912
1002489426
1830572067
1574003147
1567327883
1045315479
53539446
41820829
655520434
740825128
2085224637
1584838666
1143785721
1480488550
1825525708
511709667
1779850681
1650676504
1726250782
592822104
1384463495
692645220
1926845800
443963840
1342069202
1136333573
786288640
1686292489
1176173164
355396713
1000533084
1162586778
1789757440
649850551
2083865662
219382311
2076562725
2032971678
1690168376
1893696563
1650485801
668589108
1342697052
951190288
786902148
1260103210
70923756
162143007
2128254253
1081605739
98583518
1183295189
1943670303
1893028004
1151432923
1157993744
1904046294
1652239311
75060620
970939551
2000283751
2059992919
569632699
334673767
602330476
130398174
1168790478
828644637
598963264
1519724559
1987649342
166878262
109306452
1015020579
1988263132
1892912204
1352665970
995070648
1697221747
180618728
1264568285
2100995283
354113760
912778483
1592273260
1542955553
1588941746
1384774577
1626033100
2008903625
905327241
913300492
1775743935
1348073186
1113561252
303978759
107406300
1291420620
289140111
1969836063
1426808689
1571233621
117060988
349004664
943547891
1190154589
1265489165
398356267
1467251770
545779889
1019938086
884941048
1879938261
195454316
1498192749
879771368
892472381
1757516819
2095096095
2138192453
609208673
1915621862
781798810
1387647324
516168048
1549932503
738939811
463472876
665439263
2090343312
1715063511
1546919343
1636367219
1748266251
1239622303
1593186974
1867361222
1414040896
1731301370
1726192387
1758860986
1064190747
1610072613
48970844
566738307
1080751304
770480002
131002204
583304453
335093016
1206197478
315385066
687163466
2136803143
881395620
273988334
716990370
926405273
836982561
1148014877
1692953091
1451761334
43543324
1688206488
1132499652
774087803
637771495
934634288
1703084258
2075076990
684543650
1055228571
1306635871
461309675
815742055
641115937
1310096160
636328429
303344143
178833423
1323718208
1948822583
440568437
110105803
1564810954
1692962716
1613528709
153517847
1046594482
74906397
526397237
1673220266
514653197
1859635510
417018132
1584604363
1500822494
2128222643
550336469
292966854
1861396254
2092555129
234366184
507445890
985510993
2089373687
450961665
842913392
2043243732
386404547
310672901
946701250
501568127
982196014
61612809
439363009
1325313877
849944055
2095996188
86186328
1129636618
2047199246
294735288
1518695434
1871014643
540061880
1554124938
334234505
1809588630
1092695596
1802216475
1742938037
1882642779
553131755
28698422
1298041626
2046721956
862856846
77942531
15093847
279216183
534618986
269718654
1970922608
361017681
982861792
513925420
365305706
37253969
1209715706
1464184593
535343578
1710518163
315183152
1588562162
1447557230
252127747
525808298
364857081
1087148182
908626198
524295969
716947342
203233677
1249410609
749005097
2127010212
1647845122
1383853742
1181944784
722249938
1277135122
710943689
231569115
741747441
406670052
1610599210
309552035
1435659211
2145585232
305593800
1481596623
1121555796
1524293653
1471000908
1280516492
1707054457
82734879
1103191744
2117316857
1940384809
360821521
1980967966
1689625121
1353144366
445537632
2022987582
1391191370
2098890701
1489626085
781253869
818758525
1946803346
862990530
177285872
1083832315
1013424351
930262900
1247610140
553293672
602553794
1736220153
644316035
1407052071
234236533
475885180
973118832
2120237519
1635827162
1261462840
1447388696
1714544103
1407163675
2109964961
783636616
63398061
379322315
1538683909
662381389
88778875
1752901107
1828235803
963119745
1569306776
2092315425
500628350
219749504
1805524535
1506927635
1658112374
2146866346
362440328
1270969804
169659119
1750013464
540260136
591246236
668653783
282206130
1394534334
302028180
1683763399
1619430474
560234440
1291924632
170135207
1161689892
1748179967
1936930762
290712061
472312302
1053300402
1112154193
277858263
1334377663
713656420
727282445
2106618038
366476577
388730043
740578527
88085277
833017756
1083530299
232408733
1968305285
1468826607
1244261584
108687802
1354788264
157243907
1393459139
1558578638
25642760
1481137920
2002069063
2000960645
551648495
869351366
1857157821
1724172049
15294925
1511250482
1297757905
1573190403
792441357
2015792052
715002892
1882600879
1996402102
1245627586
1592246946
1100696155
976141827
1388106956
1798752131
1499766898
1566689847
1059262662
388126604
1335997489
20784591
1434270123
274019686
1243923434
867851693
274473827
286736633
229286963
1040324423
2068207134
1186990796
1778711389
1829948683
1834206494
380791973
469422151
1870656426
961959702
1399816898
1039251801
1220518356
488213148
2010846896
1353628233
2135439360
1582614856
275433050
1376012065
383381912
1048853984
1543134512
301738365
1107809988
279248826
1083249887
1961975190
305618645
1899166538
1242558805
1554852207
1820026353
425847003
1795067617
1851165863
1949065352
225819726
748530633
595144705
1765712856
259452899
1233070083
991691431
737296450
760791960
512837482
1407684563
127111342
1761579876
1663418390
1130764084
1669167485
1119039634
37348212
646174160
424304241
1635670447
775037482
1566640919
236929766
643895624
783655335
378008294
928769432
1916697228
1675605996
1956911661
1102232622
1029738932
251518951
1031192161
1053618637
18278897
123260358
1462601198
1840511224
1117690380
982756351
889262180
1490759787
508030560
74641448
368366688
2091054562
784140379
2087691861
101799494
1547112646
590243446
994631429
757718955
404449975
804987070
270709390
1442353384
837917552
1830023085
937197261
1829298529
1644486451
769245067
850286129
1402782965
1497815989
990016989
512237167
2055608593
2044193262
1312769728
473829218
778303850
629913073
2002121848
740634493
1028705839
68194076
1529051481
1978921165
1648779066
2048265021
1027346537
844725479
286735236
205807584
1559392618
821302738
1757718297
1186369547
2074797681
285164581
1725096410
518644723
225736288
1493671814
58344468
1342930644
582203738
1162728834
2029808985
74394653
515450417
226126521
1609866904
886586975
1625745939
1477555992
1930147283
97413799
851180779
1406779986
2103754879
1637487145
1243509710
356843366
1692109938
165790745
1158761056
1915357196
628524642
141598501
434125431
1344169958
2084001313
351785021
428367756
1211690348
292254335
623507656
1720460679
2062808745
650580047
1459603052
842795283
58185769
823160198
763793812
1572840165
1348442232
873666433
1366044892
368829767
1284088727
1616065986
1995343093
626732499
85822158
1451482369
1797429510
745312221
190385396
56716542
1899665773
1043266862
2129655526
1010480933
852360455
1906241695
2043121919
486577103
283642345
1910679722
1471114063
1034828930
2047253104
1199926694
149017081
564147965
494546250
1077109860
1845756457
1227491884
1728181306
826884267
1077195732
1141523514
2114281147
311330720
1265246948
622382442
2136341804
1717605635
1322724471
279470353
511486882
182986833
263119727
584422516
1946508681
205523169
1074197007
134076320
710364537
1235179686
2088050700
1837839273
1307366510
2003741113
38333937
33385059
609454746
1756403479
563059891
1534639355
1405039015
760542693
618374307
1343609916
1261310007
1026208112
1038569327
487596073
229601959
2039494901
1804311340
444112093
1686273726
860823423
261940522
92876904
1908997806
1120439262
2086059538
584634244
1210053883
705474491
652555150
295420821
155546683
785502782
1363278965
1126534912
1456434032
1268167318
312917151
11105354
1964091036
1506904015
1261131034
165692548
1655847724
592115795
250946367
2145191108
124002673
1053787521
709228638
1471478016
709336060
1129435923
821602028
345434386
1067427661
178311389
1139827358
1524274666
1151886399
189630288
250518268
1392582156
1851510886
1305415972
1433303652
1210410765
261139324
1659527647
163555893
104825491
865436697
487825348
1935543237
592899503
537824841
463432464
2133718426
576164529
593474580
1613209392
1229207969
505650843
880927122
989877036
307530743
1823542919
1546713296
320818937
1819920189
789032302
554379489
1672010937
1664297164
867933173
1643908187
1787780254
1779023801
638206226
1798707264
745687229
50693911
1609037965
1986994731
2049733067
2078475542
1969432292
1083080433
1261445459
1155266229
1159858276
1028980913
396395500
724895506
644039911
1061203297
792124344
982721855
309487908
357876722
1879855054
944477914
1788665621
1627001441
1103941636
1835849819
82867837
1190333203
2119971016
1451678535
799424178
1264464014
348512586
1263127533
1508596536
1790044070
1172273667
1388543691
549022688
1834569704
42811502
125892369
601653488
1637162740
86202169
1395876305
1381698307
1462770738
395002710
938594093
1683533836
2056132427
110853065
1239141506
2102366383
1923354990
1903462286
426751443
1963605168
1930855127
1256729672
1353929059
748971001
1553958740
1835912013
1128162395
892253402
224620413
2066513512
639573253
1152009936
118433000
1933573878
1853621142
265266565
159106783
490561366
675157529
68999155
27628705
499177183
1599789499
1166849253
414730767
1795566454
1645184734
1767869213
2141606646
9491955
617497807
1644659945
1537675078
886827948
1380811856
1596574310
816258905
737879299
1966800515
1947960981
992009152
1782266003
1442804065
1970062178
932156200
856048535
1614776492
1797653905
221751692
1096559899
177563939
1462337090
1696615362
726524268
101355434
526247167
1298477423
781227547
376364671
1221685082
770024207
1060390227
11758736
60580428
268004718
1082087667
1755896473
631744637
572963291
477358689
2116064478
219003779
9542695
1470284987
2132934127
279353118
688601884
542490705
1573197420
910376076
2017208104
892268739
482389372
767407779
35757771
1832919684
228212773
166282269
829870336
1871933534
951477388
1317224554
184162155
689403758
1134685141
998379427
1473295578
1192329536
1312601395
1939623781
455125807
2110171282
2103790016
80551057
906917389
1869114164
810966032
1974875962
233045302
1929702233
1207393037
1081792356
1087571790
1585754913
1510763521
1703338966
2060987052
98156854
454804282
1001267901
627754215
77933794
2015734735
1899159720
1127968679
1931435884
280094336
261350928
920988781
2143798338
338037400
1300335485
1944904523
1161727074
225614194
1589121603
112663882
1608771767
1807972239
1843299470
735100668
363505885
1999917127
193110645
762819898
236653096
288870228
1728879776
1828651322
1504296637
388601928
734833369
165978886
25879549
1165883349
1360651415
2062458649
1208967516
1774257145
2129397420
967460685
1513041358
1332239779
1289462031
1730873140
971381718
841849932
1349540688
8063602
233489053
797890702
1261136646
260013432
2064013626
1573662191
131847685
1908401738
1839742621
1084681641
255660904
1925519528
1775630453
1588264859
745753003
1156157529
1107551847
235640333
447231663
429795541
1586152726
1754355671
505289187
1245025671
65796129
2028945545
594944102
541661882
528071141
1889237383
1866975186
1368384785
1040705772
2035088836
766020883
348516816
1334221143
230508427
94633401
1365671827
541177253
972846126
1831835071
1326474905
1035988828
66822320
2096268506
368067660
1360258260
1897153505
1769251526
1751821120
856763470
745787155
1730150193
1705713371
1165422594
59193071
573015736
1358801804
1040817630
1767602595
1955525214
1422538010
660892019
826741049
817614453
2045738065
1506469985
408839765
1569743602
844115419
770875051
328139806
307713946
607668446
1798830437
668372193
1991973941
1983453304
511027947
1059600876
1777522008
1167375039
661681481
1210327001
1000801423
1377593057
1185310692
1458490872
1477738846
708407167
549916801
1829541366
1430880616
1288634006
699158847
1879708792
633736127
1831681016
884756167
920126941
543755340
1353081395
1534667682
1881130904
912852394
687011790
1735068258
611769593
2007331362
250106764
918885369
1151491206
2137556125
651862212
1534113737
1160911877
1556983744
1137546713
1848179797
1154377971
1263291599
2118570151
1529660597
1478915542
1157784016
526631445
1314586828
949057860
1454406751
1555393903
186892790
1486029616
464941502
1726316328
1694453726
903130015
491745109
1242973307
2078936380
1124801970
248165249
500097469
2034650772
1993413823
413746314
282250412
2138781908
1926244270
1071467365
1501623460
557672676
1186030024
663401914
60873374
896580846
2089011370
803950787
33770185
639816487
945076480
1111346148
1729431477
363671794
493382396
843568505
168826041
633373400
30295621
224877808
2097583983
1002453129
1220528388
656820972
1124130824
1853116309
370472922
983307401
1560824942
1272052089
1179753938
407923215
1197673281
930610436
646196751
803991178
712621722
516982335
203268583
1836075751
1732623314
321785078
877982800
896781063
1159091195
1021552428
99899631
1828369910
1069572447
1865991339
2012737432
915612080
1971897805
1718768131
1533441920
607101793
865028054
62213388
1943359674
967253695
181644075
1317706138
1835693502
1750615312
2065584884
64507986
1853962614
1709419175
1171844659
620657176
1057083553
271063640
953782193
1399376543
80656257
527530142
1386601778
123545602
1961729812
476517893
869707988
1408452834
154540157
1048689476
925732203
262113306
849373945
1104092006
68151115
807005954
1989838073
445658180
1901554171
569317343
1476936416
106868039
834802581
1016313016
87931674
398895782
1944945787
1855251122
1890536661
81620415
1699748119
1839163639
2091149402
230632612
34327049
1409095147
212476513
1974932677
1186254307
137959001
1542074694
1816730062
859658988
18634300
1801551285
1300507942
548422028
329211672
1142696632
356038903
1056402179
1704112704
32816089
1784194191
1637605076
1078092380
1179100921
170084731
313339760
671443876
2078142594
668542550
560196746
658401574
1919504874
1619072084
979224651
1661522396
1477047631
1976058544
781348153
255906066
1750989968
1919977335
969789523
1999115978
1760584931
2121246951
1421481610
85846395
1858833628
1972172887
2047104011
841604290
1516002888
1714550608
1516493210
1365457874
1240236476
1178174350
1777075110
98811294
716559127
120955113
1373054129
61475441
278102680
1147326888
867340203
267795985
1868879430
1160758988
1134861968
1822827169
254521281
2099228590
726075567
1149972315
231875205
1591234777
1269040948
2111114679
779594219
842308386
464842478
62019960
839898925
771220744
1843234763
1795053766
1618372106
2099596287
463508105
1257533066
1971670135
39802088
1086278799
1329291646
1132314581
1958566800
1002866384
1723654232
2049762841
431403513
694050719
1926747376
937235319
321455688
1784376011
398486522
1508963908
1522014333
1817175314
1900558411
1013448199
1331076236
1061147653
2004399283
362778892
518764011
83126057
1235269449
1449213794
176711484
20027787
1599567177
1725250693
964195457
321445537
1613768154
2030386315
1187645375
2042802407
1558989860
494599973
1980032321
996625135
2053680992
1859257960
513986223
1387221727
1953093857
1360910204
2116958078
205353450
369213421
1289710564
1612999977
2004537358
535921770
690772872
523064022
1486450583
1097682930
1872476780
1491878322
2127379129
1405782200
366351106
427422593
358721336
1042897023
208738747
1431325278
172133652
389816655
1823397235
1245685955
425771082
519063370
819485476
1279766921
1993916542
273009959
1453310921
317648269
70110641
1528504731
1379628503
1035313262
1597486440
1114042286
1946266256
426053488
970493718
949619461
155816523
1025736368
1699902507
138995461
1781988738
1077778504
198754283
1126163296
1653134861
94183941
254048548
596456000
182327804
2071721206
118456784
185827919
768611895
945982560
1307447179
1212061349
85217201
2021388305
281946595
1327496883
1032503898
1625145926
2130555736
1107924874
62654181
761833037
830349445
1334383909
818632942
1983613512
1056160156
1931399437
1815013254
2070037990
1893416530
1238938464
837323136
429607961
580979313
2058654329
1694270686
2121744029
1185936968
1246893369
1391425357
1736542916
1774026482
400128026
1180434225
1104088589
10721596
1956721271
49831539
53643
901577901
175168875
2010685735
792478953
500184377
1347829881
1319301411
730159402
1067510456
1569846954
433668836
112628734
1018039331
1184820468
1809230692
1519282571
1001607967
2048276183
1214946271
1327461021
429771264
1178129187
1018020569
869487534
1998249750
86792817
585479006
375583288
973882883
2076740794
730810067
1265818876
1644841750
298304419
1375538035
1006294290
1354411905
274229135
469165483
1851804644
1947639384
2029379314
1442848744
573498484
882412852
190737382
1677577950
739804187
2106138426
895572281
170444944
2072472357
2005633406
1777331330
110133540
2030986713
541116326
2096329684
1396286306
1830134173
656769630
261225830
965950342
1898510321
950937921
840337273
1696084639
396597395
1970661124
261223387
924890841
1153727701
1071621944
1952149066
514193396
574211044
2120990537
1406898806
1953278972
177170715
1295872263
2093460014
410382850
1734569433
817952406
1283263195
626251544
592346061
1973543382
1458693359
585970561
47213585
1097257352
1162238275
227434813
2123494078
534239453
333358464
2118353072
28697491
1282394309
1055270071
2004126371
70914202
1568929
599185939
967255990
220216140
1058341199
2080967139
896030131
1423078953
1162586432
1783942218
1697662159
1140172271
878776516
1351863993
401145091
1094376504
2135949820
1571981488
1949043422
2004725863
1556641658
1830558252
1341814442
1149549547
1716348017
1660775215
1804078446
824829929
909675318
976986633
554375869
1611169597
1306111756
242443458
970720247
461925070
421267585
2138200583
745849583
631893942
934848779
1013067201
1370093791
1846682203
1754119377
828863223
2125254519
57200282
1439949365
1235759512
1095768047
1901292904
473170168
439068735
674418053
525527905
2094742871
496523979
2104546458
2056653516
278861300
1012551346
1290053394
932492846
71606916
906594892
743874379
1794378666
1009384641
1754333634
134913328
1893056111
1623827272
1442774428
1471953119
104457593
1124625952
1584798017
460597978
1739152458
535442289
1222070293
801814543
637139276
1046347790
223721247
1986616079
2128179844
1978497323
967717513
1534582260
445443350
438390008
4471599
2139720395
519526103
6704419
1012020489
957874383
1457337169
1414805348
1694544252
277116850
1758351254
1087059611
1567497048
1740987987
1320407134
2134176687
1835706215
1964282703
433283990
86972953
1465541111
1859505134
373272347
788603142
1931421957
46023247
418599409
243839491
811526761
661630030
345590044
1536088020
2130431553
1168264840
584181359
40866629
1798150210
2120698886
800087743
1679582734
74470523
1790597507
1883954738
1128390198
425971129
1733769652
260935021
373290773
1098288924
1319999703
1728934811
606140920
1895504719
1975392635
326833825
1980411396
925287719
1381605306
2047186578
81824212
829997004
1853358963
153791406
1349333301
817477587
1892914850
1397137292
1100270346
262020905
1443873985
624854795
739505735
1385022956
1505571659
343060212
1966874536
1044548281
44144542
1055459179
887497233
1892066616
25770336
1477824105
2141355180
78070187
13124592
1541685750
1722199195
1217276099
1830174571
1335738816
2115718421
845274721
927910942
372957680
1942445814
640394204
2064831511
287469857
1815164496
316994990
1975352370
1797583617
1187904923
2110058349
205725085
172831925
1388272731
289965262
805763391
433434555
470035261
1437777961
1248194483
1784411885
1001420840
1050716341
631513906
990034668
809368120
888572742
640793556
186805987
27131595
734184001
2136952792
1249062716
1344418387
1964380222
2072285823
1018040115
1197997156
2079010267
219137132
103322919
1381512857
493396235
1076160578
923559412
251236968
586871174
151430747
328443134
1110780348
809965465
190731922
1585811730
318203193
806783721
402251689
365616267
961885402
151056798
485933232
199520683
1122146214
710030744
2067571676
1244266425
190050489
870385534
2058550221
2092011177
1829583155
2133228339
929206908
679421772
871170905
225895089
2015156574
771942381
1086885940
796092198
1098450976
1896124020
1646566307
1365646507
115624013
1967569603
1989121115
1280646956
1752279258
2114237895
1731878003
680244983
1821976300
986351527
1183843096
414925017
765358910
2107638487
337293744
1686610975
86516425
235125956
392032012
402196688
1588698107
1584901198
47277398
22278796
777569794
1177535763
1781761636
1555842484
1283742716
95626403
875187265
1156864552
105585526
754443060
1181057532
842591103
921499803
2142610504
1848947832
1177840334
458235492
687555902
142540407
1232354044
1842125840
337254081
1019994934
1840385384
1150181147
1594230982
86650855
347007319
1733908828
452582406
165419968
1369562958
1514906560
468435088
313474114
782047907
1279253309
1951574246
1590611891
1537614181
2010815716
829585973
1387611887
2068062036
895812357
2057918629
66779021
1368542213
1539114521
1457226332
1699451536
1149460452
218928352
889324753
394940551
2041371427
1130829117
614693469
1756791413
640615688
1492345805
1394431322
718189143
1746830261
727258490
1704006353
392858479
1407725675
818080726
1292453788
473725511
1182783948
1941177404
797063804
248363842
1690366373
926464848
1838259586
1929116160
2094682361
1627016056
1349575941
600560773
451770911
1559009032
816823777
1641748415
1995714249
422300450
170209815
268142901
1257045701
222977521
224231432
1971360786
1283024386
907555975
1864410831
1218943240
1932525947
1420914001
1283460167
1789276301
1153281966
22604740
1960743308
1076214341
1827154153
2111181018
1894553792
1025548075
682745703
901904400
1367670274
1916821277
1613013892
90923116
1283937595
1223474109
773429938
318452675
704860401
1068962755
208832483
859262583
1946190053
1292793314
1885171699
107017255
1195192246
34044484
954992486
265934524
648075461
167215443
1481340225
1107241904
1468879273
2129419046
1330928867
731800517
732442850
790715346
924012586
1425281445
1672647477
1625206709
1004651970
1669227076
2120585571
1043086185
1240500834
1326271962
1920093121
768321178
354869235
725144926
541074557
1394318101
962767443
2090618003
2036827854
2076408998
1596765636
1884391340
2023909071
1846271464
1293279945
1474044328
891668904
1138380762
833655811
1069902449
969884012
1439708954
1490139129
814049789
116488686
1467743185
215057206
251483341
432694891
923404295
1939152843
1130005429
1803354782
1547110963
561957265
182673349
1436845080
601649045
1562489239
1326604357
1064204945
1848698399
1280587197
747909745
897298324
1262762234
1811467184
453297969
1454469074
455372917
1968381758
606624671
1435973188
980145730
2109711620
820701723
246393780
791789044
1789785696
1124749143
1507785507
1043981549
1256498053
1756075820
1498546019
374729317
1653577815
1096460878
660801639
1455208036
2137689016
737877602
1938279036
1476316709
428870725
1075155743
1215166743
737966631
1287105792
784269913
2117286152
1424325874
644751209
131086901
2006806932
25946342
140989653
938635330
229120448
389190465
2036440140
2002550741
1506588203
248246044
1858019034
1166193411
129412508
1782571192
129664647
1725304071
1861319503
802601072
971430297
1658317185
1294157529
1191213087
1875795875
1441333165
870965995
1076940013
1138621575
586032608
1090037514
77505241
1255495405
2084440060
1283354909
20205095
284615439
1085601404
681732116
1046416867
1384698386
345490963
2018317300
207173088
887098229
1628457329
1950731135
305347196
1631890489
1669792786
891055306
1563057411
138452926
1253537581
1391546797
1630101349
1664487864
1925544426
46607492
1648070536
877419546
20105673
761113532
1622530792
1127671538
1232354391
1847957869
1719401369
1438854751
18451190
871505162
1548785194
783470271
1562604940
1123707417
1179365801
326955597
1879549753
108251301
460966898
1497139957
365365400
1040531027
1245633268
1687744320
1954776664
1726560042
1495587630
45209275
1770557534
79577459
1723524979
2024891317
1175010810
147065858
2129681356
1444605743
38609619
371805139
1899042050
1297772636
1820774320
112026490
1633542658
1520509758
152103406
896404712
1276210879
209577117
489424339
892497563
33267046
773493902
1393495623
24281579
78605323
417220756
695138637
884032379
1640323907
1676328410
1213621877
543207533
736023734
845090618
2128659115
1443670432
1498706818
929794463
1964524069
194955058
1697098131
250488263
888288121
152135703
1439220391
1868795376
1895547057
539483754
427495844
1589850893
1632422677
2024341914
531129177
1746040907
345487694
1963375217
213552317
728617682
925626180
627668392
782990280
2085330791
1221485297
1707205006
465528275
850791904
1313408802
477327701
1595249162
19332939
658675076
73802047
1292939610
49001277
1078225738
1272965180
1493688846
344601292
2098002332
1591193831
580861526
79008220
746259694
1082178578
1136354003
1129655650
219586423
1212105815
832557263
1933959036
1884520707
2050696593
1092587848
2138779486
1885537716
1963697680
1338220664
878464817
408106194
2125517687
185297564
444869998
1539481179
1177196397
373004568
583008783
1808218267
1683324772
689877426
505688629
1515996424
1605910160
957583624
865517950
1853444519
1591731098
1020773407
2039279213
326726771
181154818
1684698327
152896194
1335890746
374238637
1996653643
1178309879
1907427366
495857946
1647948062
966482675
108012817
747733604
84380184
838545468
1645989062
253824380
1123831718
1121009061
925253096
799696545
1547168889
1535519547
1166040430
1853228135
102448857
1723538352
102167681
1292780614
1671722799
1116529092
792341758
341831659
645937088
734802431
1793487567
1065069277
1343140794
1966711141
445852163
866859158
772807258
590488150
812404263
377420615
1789066714
1925720551
859256720
1847650612
850300264
1640349910
2113360831
2023448884
554359496
1335988586
2018635517
1260478913
2090396783
466266961
380985624
1576630861
634160494
374082597
1521573010
842310594
501952334
997112122
1648536913
125883197
447499684
639457194
1348889970
1956348058
219691589
832147130
1483304646
1911010946
595544890
2049171210
1225279531
1052386434
783479546
1718489865
1151592552
1693394700
283949209
625692029
1925995691
1188567406
359508248
1383625125
1634546159
1206481889
800513449
244488888
988523905
1187778143
2126750536
1578437884
940024997
2110417247
1942756477
1566739951
1901360590
1610768770
1011863308
463616963
939625825
1843984384
1509032031
519473947
1277602174
2118235712
203711618
692230408
1397551457
1618690560
1009401724
2041447615
263837186
1905337694
1881962641
2006954271
354789268
1528623204
1223320567
340333191
1230989176
377625834
943215153
2040277964
2080349299
1249411486
763744836
749700533
930301182
1891015714
1690613245
780675258
1831461683
1493393730
1827037621
152627694
1118178540
597326883
1934356503
2122297635
1900458422
1480416723
618329319
587496600
2073030941
656336459
1570855421
203104529
1226303820
1087742481
159591256
43164489
1763577584
879158394
1327636598
1233210256
1200095395
836891141
1759002584
1296544686
509971493
483647674
440853023
598175411
1163181070
1040604849
338875975
361879981
443152363
588477145
1373181580
56060751
1615204671
404123770
1764910576
1807918468
939570273
910321920
1107008212
1836185123
1423354871
1504972964
1018211582
1932359378
768872465
1030415256
881078184
1381292423
1083529291
215467277
701095697
72608390
558499234
45604801
1975712075
1400694611
758588663
2136730449
1807111209
256870142
774346124
684405248
876589804
1107017408
1990742295
610531805
531181269
474067504
488209358
1947148366
219290729
537344051
972729522
2019555290
1686718195
1888562965
1269450095
397713720
1405382576
92321479
1163904419
313029610
1901203767
1122528256
688559697
1980937443
1176625060
1507961844
1860193861
1211288801
2133388494
1473448346
1612417665
807554162
466151694
591176802
1649160192
2011398762
2038905507
488300970
1339387603
1163855767
1642819093
663246572
1745007674
159809839
1569405323
1601111207
1905959139
1589170521
934828708
675733904
1166199192
226573775
536930294
461166564
557959125
1705411073
379667402
896110177
620928428
1321048623
30780428
1930578116
895973089
464374059
779236415
1271147499
1008695337
906619541
1158150122
237324046
828108643
180446694
520676494
13973133
770728808
17717352
1422791778
631003501
1001592421
1786994561
1458783432
2099827472
54067106
320267861
1147920445
105834467
643427153
1499997826
1152929449
540302462
1302619318
1674580108
1894681221
1019763631
100359510
967621675
2071316641
1908867417
1076474986
1912847374
1395619228
1355972462
732706870
933132192
79676903
1247396640
1259966466
2067634642
155052340
1067014569
1825408733
693194489
420991648
1795494718
439517782
1779100041
1919571906
598195261
1496800020
1094495182
1983087319
802368993
1365845838
1318296483
1020203682
1053845726
1687480073
1808544629
726039965
551609501
213979208
1460923778
1565400695
867321468
2100400487
1094795623
590148265
1542408009
976304326
1971744002
1281284757
1734382430
1969960279
1367023354
1781455072
698388630
1819573555
1405605605
1693286235
608461601
97000993
355601278
143689745
1221924987
507140248
143553193
1074379170
1048206214
1393482357
1948803564
120916104
717429866
1870563604
1549383995
110100443
1474725434
1601599211
1517907779
1517798940
1836025514
888290055
184640441
138021972
452944644
1958586740
1337997964
1430513211
1556109112
1469992218
1507332838
2025908254
1086801793
1529317216
2678369
2065674843
1576448899
1870892454
633915004
543099461
1067141277
1807506442
457100232
934593905
1024367177
162745840
1522650249
1767597291
1866380886
2117402920
1239362003
1513292168
1252636155
1273665544
379804712
1056395700
1595220151
1679228709
566823289
361560131
1509884354
1959564726
595139490
1678064351
324811206
198508568
1291398585
2066281513
1035333354
1935172684
807466173
1134804218
852222919
1742157790
1653933332
629184156
488632064
461633520
1963637676
329733436
1322049592
1821680882
316228495
1977772787
1675342843
1829066484
2039473430
1443448243
2059343589
393761624
1554498161
164542525
1654763986
1705084052
1325876396
1714266300
1033095948
838312041
2017748767
1389257192
1803415760
424484562
371358200
829789218
508583308
774742496
903778511
653599146
661992417
2141261059
643662187
1155246970
836172263
414238273
2108154384
418040035
1579858908
1200855248
722838630
433863331
1234022552
1967452385
19038189
2147262767
582637134
2004364465
1925076413
770647589
800153266
633344148
1686140904
775967716
21214581
71177465
131262876
669451463
803912008
1529495179
846218863
1763720007
1125378108
1341382027
324401583
1903909395
1498861465
1381462945
1802008898
401675045
1411378794
2086509643
1707098038
815200746
133270162
46168913
719324224
1496783805
821969677
82060188
501078342
1340314107
1703222966
111375052
1422242427
2135479479
109411242
628742462
1655015594
1638892414
1239545676
305316985
1124134212
1910058425
1766393619
963618405
1360350808
1305124094
822677400
1239342414
1184059845
1910341813
86844794
1459056445
245906022
1183974926
483108180
2110995600
925717113
8495676
1052905830
923033530
2672782
1971774134
1787713281
653408590
1754285019
1465324670
369264894
7333628
849717917
442778469
746891628
965675081
1567165988
471829861
1534849103
635306357
305249215
2132607469
1231663053
966058338
1566115446
2142723290
1597058487
363887156
1965487883
1361391427
1614938451
224731524
1786472442
1273463987
1287203507
279082271
431443649
1368616471
639685080
884002678
1141139200
2097566690
711809678
1901344356
1337923932
186257387
1544229630
1527517415
1965677667
256123821
1115830959
1943722309
619609199
623603290
1180297670
956492351
1851845462
486183863
116908606
2082887684
962375241
1941329930
1213084639
103783055
525084021
1076835424
1528277899
1862230373
1079207633
595805269
2130393769
533229152
533098733
488630247
431095201
1954701876
469598126
533300957
1739925368
640838777
946835334
607634268
1224400791
1315788783
1822962722
385276905
685746630
1946360608
2011827552
655644449
677661586
1352495861
283532332
61691231
1757401563
157988503
1022982229
508244921
1529923128
1596306765
614597384
141890818
1052129956
767821094
539892035
847023670
257725727
121777690
165720239
2121250361
1478793480
1253771629
1030224239
1965622759
1480768712
91757501
275060761
1561401783
229600541
2015662575
686366600
1628778163
900537232
2011997815
1369771043
717223861
555721216
600096509
1238820451
1001362292
66700105
42201001
602620297
706452427
2056339973
1451595040
1543607360
1806443760
1923956681
1278664688
648555687
1795922884
1193252803
1797564335
863832349
1440835923
1103754289
834592437
1779390102
352176192
560327812
713744189
54932381
1978042904
1920231968
954439060
1701921977
1867973046
959548629
1679102280
589414733
2098837567
596602947
504582386
103239499
2126956564
746183186
1943792269
1795426919
1447503636
1498857036
1307024742
554613631
1312268237
635204569
741981946
53028293
40806946
795058029
897041769
1245809643
357111651
1906208639
1487549727
243643315
1809364023
1612693041
1140831300
1217658684
1817829725
14342206
531287778
116680620
398610629
1447346610
1007204701
1623304053
1238967283
1321684069
2120786762
129536028
1711088185
1305608318
371095580
710902172
1681276543
625030975
1553079348
2088356198
529893218
300630817
1820603575
1537282569
732380126
1883996725
1834065707
162068511
876199981
997713188
1013234940
2041799517
1883286806
639875309
1933697834
1789465987
46367274
1905693904
1426333170
21636729
723767960
1020727112
1261199148
1310484546
721480990
1238327968
1314135099
1946783145
523472323
1906314549
1120095450
602578548
4776984
829875149
1952825625
1147702274
734001764
1221579180
1137612940
813773339
1912644477
133012996
18947245
618766959
1500461139
349896452
899443278
805782113
748095209
1866908125
241290558
921282770
642420520
1761386171
555302102
2145982099
533286528
1497417165
729432962
1743135258
902368832
583444310
538185968
90443012
1804764255
1613803557
477920889
827541643
1388295929
679854048
1693982696
1576463393
2114493112
1726342828
2139839226
369235073
1653615728
1733664669
643969387
2023390076
1713457087
317554939
648996978
622766133
2142585500
1428705604
1240429321
124352971
498795066
1620000021
1542676281
1190184536
1768808394
746552537
1709023585
965614470
548476911
1251630253
1547339806
113154272
1260821909
1412679614
327071266
1676114989
1921622424
701512935
642676515
1768926842
589824426
394613230
835054674
958272773
1710626958
2143700717
844804900
1621563983
2058381851
1409700234
1792239134
1557492316
1095181729
636980866
531434567
436279696
1043679814
480205202
565284588
270416188
809474664
531774103
1847893954
645181964
928335245
1061767260
1680715897
1939671888
1263660156
1870456709
1900283377
685919055
549340289
730038770
1187532079
138636535
44486750
364498094
1496104614
144224775
1624239609
1930471446
1250654046
172614286
2025381352
821094467
404791247
98294633
622972288
1312465291
1799607500
843568152
162893170
1851341912
612953601
432117348
1954057329
374114932
2065027355
1431536318
1571599285
1967808542
1710001594
223142557
850507837
834062027
1454723820
441921645
1378636189
1537361040
2051242223
1673056670
2060062519
1739399899
399215882
882415546
236015440
309204071
2029879204
1254565386
1485996256
2051743629
1510252724
1708308375
1829981882
244698440
215497075
1201910683
1281665499
1691062283
1885205983
683228443
425380992
405271681
1730497930
1107678189
211586680
2051894975
1906441299
1102899053
1493026514
2097689250
624191951
336504862
1312773083
530216703
1442475918
749862843
1510761705
1672817454
187042854
1860671617
650999305
2063621317
1422575769
1295507532
258393391
605788303
264038094
987031156
1868949464
190336779
1387094270
1958407705
476440366
1714195346
1988055717
554371946
1545235736
1257271781
1875220434
359830866
363414910
470900302
944136519
345807150
890021268
1363849921
2132657816
2077845082
2110709307
408957956
1408696092
2095493716
231074012
1010485908
935975280
618816685
188722374
23593199
1393904545
454582692
1571972065
1790671061
972693169
1408570419
2130791252
771274992
607497252
1069056526
1784841680
1782534464
1659860798
1467857456
2135609903
153963763
2098653753
1802208343
1606263513
453936554
1449748934
580874876
303381670
809549712
1793105839
1091817722
2080173686
445367442
1310087899
497485802
1090036443
59504944
1519697953
1540482300
823167868
892703502
1347000172
259284130
544053147
2063356350
1264242694
923754640
1384950317
284727986
829695186
1075671131
1287358271
732717172
1106277906
299350416
1775740438
1289299107
1140093119
1695952499
323204062
1104526771
932795529
863832803
1448466301
498498515
930834658
119728611
86587838
1435364247
1483092578
494267717
690773023
525601879
1190540242
1304708195
275113848
306151345
114837203
1628555815
1458501690
1659556972
656421168
847075937
1136177196
305544048
645414759
545953516
1790603428
1983468985
774578514
295216684
1019583418
1366486913
1355425773
134439435
370787401
1973788660
1286113411
1285191622
825069428
639967717
1339315443
2098546294
2143628577
1779831567
1329427506
1268229954
1365640403
13034085
20534601
1527655487
2138770124
1728190582
982785999
1387556116
1130718839
908734770
201581926
1405718963
1451010494
309077326
2047159636
1776493665
1063883414
739694176
257183549
1746810279
391421016
870605151
1454685846
1951176274
1344347428
771772309
375969483
1022211307
436260749
725237585
2098394370
1737725556
175820492
77510772
1348454922
1086947263
1826747859
1725048701
1864283207
1221450319
1119329760
618528600
1789328720
2034288099
192936006
2122629519
1035981869
2097346054
1298547720
1962709226
1905143462
764989064
186604059
928294993
385251896
265420367
596573350
7145607
1984616264
729543844
1459245385
1273936955
646442095
632520492
727856394
1015560646
327750966
214931007
277940395
567286540
1704968747
1535428908
1790154404
879173558
1582497946
458010327
1198175041
773756168
1506432991
1934565254
1335808398
1137699448
120229648
2065065756
2076941925
1963735137
1967760463
901937841
1929713161
1391059933
2037312689
1635096255
1862010773
1683357727
1243752111
135909679
1458858192
1208835145
1696981395
435989958
469020542
1563264904
1478304130
1619200767
994516185
968296694
531459092
848471371
966916317
953782970
1412435582
520592736
753736074
36162065
37954354
96184519
1665508289
1895958225
1007533389
705112328
1008132550
37793020
1679611275
554159110
115584731
1307357029
1844393946
1950089624
260890054
1765014051
1399539146
666041231
1470201253
725616789
2029225057
997734992
1379694768
1545470
204910526
1514924341
767280355
41626250
1680198475
1833294922
92386898
115917905
464561506
1782174497
2052346370
903102476
28897136
342860530
758302809
1627349565
512410763
678269271
828439421
1444865246
105109246
1339539688
1572464715
1480705023
1168820125
1326921766
2103930714
297778696
1129646162
60121607
1146534759
438929982
489880029
2108828452
1009682676
320956938
1991819349
1532709207
1177296284
2051805377
400567713
2127802693
2082171407
1808809584
884171356
1828626699
1090457876
700078434
155338325
1578597170
1469661152
238073870
545498729
589449260
531649209
1896284143
42786274
1849369020
1814296109
754400210
460877582
2143489592
1591394319
1802979695
1685474695
316411288
755007444
2076724832
462536733
2111553038
1704642991
355415110
1309731463
949316891
1512973474
191313391
621142978
632023179
959451391
44823214
1724481248
917035224
120875249
30779881
1921384687
1000834470
1933013986
1033450886
361304066
1501167193
1479127795
430152893
1149716849
233225437
662263884
261355987
1006015394
961974127
1642257873
1968240267
376069081
548671246
222851304
250385960
1316365247
774174935
2102199019
1257951889
420893708
149417138
845455023
1810763009
1503130626
118807874
1791630255
2061481198
1960817735
179625283
1747607346
902824203
1794413766
1599310341
1703575335
1738673541
1076218858
1903071372
299110786
2043246322
429934677
1777127831
984893141
295069711
696891854
285579440
107697035
1882836471
1661029552
1783753111
666824457
1748978753
329741535
1458169485
371154831
1706733729
1134710324
1421630108
434168634
2070282779
1712617959
1246716172
560759025
1518690139
1782021578
1629720384
1704060050
1295343958
1804172467
257557229
1584799098
478766345
4735106
126031603
794275679
632987201
2129383616
735456857
2055007114
525070297
846176156
1045943458
2018047911
2122003106
1245276813
2139256076
1305651258
1092788160
1210455976
1021000601
1562761477
1607141129
171643137
735665638
1269022087
1794117852
920851037
1976218577
1323539137
1086659933
1292559843
108708249
1698440993
1345133427
1097155620
1599912198
1081567699
1606728885
1832992817
1457359104
1783466893
151325825
712502727
664517017
1622540319
1287791827
1577041923
1100428587
774093745
737638689
70351892
1288242994
569871104
46579308
1174382048
316881159
62194753
1630161229
523407377
814767127
1435370217
1583430368
1096841352
612977216
829014653
375371235
1704875406
2114130368
2072155361
972848928
1878928285
400656860
1478612675
362465641
1696405395
1492576193
971595144
133933420
456127884
1772210245
2086887472
1614819100
366282914
1428803296
734855118
531514329
1776839630
436066228
1750890432
247075783
1516795230
2146540720
1332095087
1005107234
730914536
874145712
831352457
1012137417
775599632
277277734
167361348
1786081913
1152294025
598149529
728182296
50544619
1247370968
828497162
267834586
370162790
65886171
1394797792
434999492
1002127656
45270971
659998559
842744358
1349772941
1764056126
332079200
2092599494
980008739
1954787530
1909184904
2117511701
920160623
1109848714
184378356
28126671
278557157
195787239
651178669
783224771
1731453734
2139490488
950446448
1170085150
1113360471
1224419786
1635037748
878683624
1938111796
812997676
1760978318
142967672
1970945958
753461131
1857646005
1339145949
1397344283
284200789
559029795
372808940
1590056281
789411499
485092527
1102177277
99555517
339813206
1081535869
1071762075
12363489
1634729511
2140595306
191769751
1848734557
1888294703
1055737955
1277918171
986746350
1377182316
724437646
1538721479
1293820379
1967183978
1950372681
723261759
1102941493
58831947
946055609
387698075
576161527
543019966
1878552459
526600219
789771446
92270815
312394571
1965521529
1926879749
1014544683
432330001
1233149006
170666645
1503633770
2132698141
608103710
524377897
2093911238
1551653677
1749423818
1367498049
1169719349
1407794005
1966503036
1243198722
1572518991
245438108
1909678916
1830436797
1448003904
1316926724
1620984286
905348960
1278331725
1494897487
1330877756
2020261587
672549992
1341281383
780361522
853468025
1193817862
557092713
28526471
555544816
1930309003
667958192
1476310075
317373087
1887577708
1890104872
1414477280
475672670
1696430556
1915457120
160463663
1820807056
662220442
1678709940
437807294
948215636
184049865
949629375
322441121
1166679266
1852726552
262277964
1469297304
565331475
1058445997
1694823478
675100938
1265357865
339080814
1657125407
591297506
1530348673
158506992
1147292264
285414635
1632786694
1699924692
511858756
2138105857
1301273348
527698788
2073551453
814647055
1564803760
1572053158
1006117465
529997777
2057953930
660082928
113250494
730541416
1045568813
16356690
28982014
1769405076
37568676
56545314
1169320424
1145512471
437204742
1558542407
1564191990
2027453003
1279594472
1243049846
1217843706
632527185
840345645
1836792843
899886676
1815521358
2019807330
1627787181
1424971934
765663394
782650134
663464263
1108773017
1432491700
448835383
1613713817
1117144356
395665571
1341880685
115412001
551767566
723094016
431168539
1039809995
2012150326
1785539773
630481633
820491533
1008697744
947073990
323758366
1830779511
765547161
976605750
595326229
521619430
829512956
160415168
1005751591
823204400
1506696826
2073872805
1920642825
1417261718
29081902
1300739045
137602855
1998779813
405627070
1261069912
1285898741
1972200226
359106937
1081242089
429168909
1791766937
63728278
1634312140
1568291850
66839672
240419923
1320905854
1926229139
817160648
861088371
419954264
1540051006
16860551
2054922900
1257169246
151914689
2019605387
381214827
1133878388
324183638
388391427
1491910356
518290920
721820208
497113953
1282821241
1788265254
1340484213
267227214
899479821
1419960314
287228287
2050064800
1211461132
734788317
1556273569
2086537370
25622080
1133569160
1569439583
29435380
799192850
1671501612
1694006477
1976150660
182058118
1834075898
333348648
1953375560
1800525231
1235487540
819701937
622859654
1566909300
452641939
1165991099
1024122018
337325821
78245467
811571905
1420365238
650335014
1636300715
630533523
1692606763
2073477579
1720530384
1086857033
310252249
319254027
1288281583
1218436427
2004454444
1289869819
2142115115
2112879497
376119287
1392483488
193197810
80318406
1291719326
1014524559
94105933
1090451739
596933875
1771521988
1256770308
2036898311
1113096150
1076944033
1206185715
117684325
88011388
1738648980
663422131
400660493
1539672506
97861992
1941509589
2085129805
2138480889
1161985231
269491599
302292870
1837440935
1054950685
931173163
1514014852
513884261
1821030040
114945236
1296782799
216969390
177305124
1407400679
1798323895
744855387
1102310946
198646753
1466390233
1098313059
1725636648
1008490201
1753866083
866718259
552201412
1572292797
738762844
1784155801
992384346
1645700620
1848430627
1075110487
454549151
1008248478
1986194916
1492144244
154279242
958458365
534904408
771838914
1495399718
1181939585
634870345
1567130119
2016463225
1257989268
1049122561
1762140857
354407822
1560111223
13995091
1139776914
676462358
524423688
716036928
2081774755
1584730361
1470987233
1050680767
33621688
291511055
1016102578
846067502
1367279327
1788625989
960906417
877125079
1513449745
1753549147
1982425848
422444131
437572735
1300949817
1532564212
887848966
1361192206
414114751
32120130
824629513
1836250900
381385263
1850912593
1987323756
1137205301
405035607
2057769506
1855436054
703721491
1254655208
848150963
2024270002
1469987840
1433751792
152365157
1000686475
1593145668
1173131280
770059853
1659492549
1721147454
720534288
359492983
1127066270
1797033350
529502042
168586726
906173489
103805099
895577529
258648080
591379032
753072508
1768510185
29521168
93548119
305206429
1413503167
1283624655
258858823
1985852986
40294028
764379791
683970983
20348890
553894357
2108332001
1255765307
178232033
1953574713
852722408
1547134825
963005899
1803380701
1982731596
1266183473
1330172588
905921246
159324292
1998751482
2076951600
2126342862
1169111907
1935934546
727178925
366757398
813521296
1971525070
1896661927
2097234668
1573966865
957536309
70294745
327773365
591391000
954218684
145546192
210975011
361508680
645147397
347367676
1347977986
1661018499
1597985340
909119998
233657981
1489579951
5879731
36391155
1740786337
78759231
856468865
89328214
248223445
1478197641
1976923791
291168953
1708845205
115065457
1169853499
1514969408
1524721424
70613517
1390407075
1802146518
567170738
1906168180
807555314
485513358
1732632953
483787751
647643515
1497433609
1005807270
1759001353
1275855269
675290788
161199521
1303470580
949355013
6206281
1229749711
1020774049
2050069307
1287210281
392932889
510850898
231421980
416333143
809412475
1634047227
1410866353
2063848344
943251264
499711894
1996742688
527405547
1440017260
229387130
576347545
1521940845
582062498
936391801
1176834191
727859267
1063847157
130322777
2049076746
1785106730
1942262520
1854739240
1877270475
455131601
60067393
235360061
31667453
1806421762
1554236295
58327957
1065430267
967848783
1593353503
371246831
1105494082
10522330
755141256
30735822
1180885074
91573144
1471539956
1750361640
2097086874
1237476754
2040166930
214200861
891278455
1018555360
1267785283
334505847
2075066330
505381030
641147325
1837634276
9465578
174179568
415788515
245784267
1285122288
1807256537
551914191
1039936744
1994937122
246028843
1100743826
1777348324
395751698
641933527
18945761
593825371
1066502788
1813840054
1679418413
1607694770
886752836
118404472
1454103782
758361214
461478753
1509952354
954957079
1818332722
2025761844
773572570
568185052
1773874402
2139086760
607440893
121830813
1058558500
1438177752
1525030879
976656408
1446735235
1469243311
1805354771
801187734
839778648
897208852
1906489977
1921030199
1485405595
714438790
991673153
430098104
228878126
611451905
962916440
299843288
1469505554
1917905578
509507976
1283252043
438819880
786879362
877138908
1745873748
1831013675
406174215
1867001339
1807938256
1272147189
630615991
931162792
1339709455
130771390
998980849
843976897
590219444
591229815
392666036
320819821
1834777577
1389049366
457967825
483843927
1591793547
2070353750
757943909
2037768206
701035886
1214848560
1832715891
1098031116
1281987941
667894036
398040183
449795276
566766292
1551095199
953018660
1451579294
1278964338
1389805943
288855582
1482724454
749658590
225365181
1698927406
930342130
431745103
2140186555
1911826282
1413995160
962616418
1699824475
974995284
1445511578
230592935
1514959357
1355794267
2032750799
125338670
2033052630
903244993
276696708
1139475601
2054745708
426586949
1346438157
1550916260
93074534
935597922
719011720
539496371
639549763
757213506
499303220
1570609711
368423853
904343070
1552207671
322982741
1679752018
772143064
164797827
1650657406
1405270696
359437966
202395551
47928809
233125238
1125702938
358348896
1225748884
350867717
43624957
912728672
755099783
1481182758
608177682
1767625301
189661309
771888215
176517978
1062739739
845301274
1374187213
1925349053
1057940775
1793491912
1138095692
337451615
44981578
91137702
595517203
1583835801
1468502842
97710523
1543253753
158338205
457972802
567492366
869319035
1313770704
117363674
1141280972
185361400
1517761650
1209292484
793543380
1210139790
1829793
688559893
1984231615
707199042
1719796396
1635622599
2118339793
1953000985
1947494147
1735864702
1112702019
895235257
948533517
1231708538
1730524733
1558156210
1515829952
955498903
187350455
588070683
984225687
1962072215
1936317820
726414102
397279119
543494510
1264278879
1531915935
729675662
1527226864
1377354304
1467556315
1369300410
1397229618
504509781
1030450911
1480331769
1337991088
1314948279
581513876
305636435
50679421
1365504535
2024467903
501142653
273705437
257307785
1687361084
1956180153
1692679548
1149291427
1673092471
514286279
2135295625
1314344358
1168831864
1524219139
218644110
407036753
1331291976
392122539
1923683977
990295854
904153928
520781724
1782573743
172539304
765158878
893184310
838005640
1163034454
723913384
1317384633
727126261
1629117197
156230729
1544845669
1143866653
693229027
1001471814
1907436359
647003297
1474707918
1307207799
1483768983
1125188317
299048337
993665979
1711269981
66086396
465012073
764919478
1164555804
523439070
1347431378
1064112431
293815601
1093901554
595916111
1845831616
343205550
114603008
1987407744
401307970
1684400210
1584894716
2085818071
821265669
1134699614
1241627138
928710467
925672473
1405714843
1381765654
447188120
1845451987
405231888
1061696979
499503130
635529787
1912953578
1033106209
1010768668
1393355306
1960941054
104764069
1980600790
1960949030
238816701
145357464
1333990809
654252183
900167041
85164972
1143575502
94821464
231479374
1380954101
1839802378
2089017540
907649977
1296818798
822004583
668725330
1484696559
1682572620
933360644
1771786020
1399388838
287298322
1079659398
1746168683
345535279
615652665
698129409
1757813502
638996335
45683698
1154250307
1265126398
743782239
245781686
1241743421
735595201
85187428
1520993494
1839803417
2106480013
194174049
1455581750
1976249273
1839446809
407936651
1423492133
1664451751
1318593235
1712747252
1272259976
378743453
399684863
174644625
1789550573
1468004176
306565649
635593590
837806952
2118652532
766754417
1939604519
131389373
648002895
1095082328
1113831906
557893243
598132299
438597686
1347432098
1076213471
1812532063
1170850146
1085746361
970540768
1740388811
1987474337
1520536521
601909147
1639056259
1845804944
2042412893
1454879003
902598679
151515545
1753643120
1414346412
423657841
1509043882
718653704
964772400
1428191950
1197381131
315412680
1151271964
600239478
1494216787
627771091
361568726
1654340519
1030325124
1513713307
1888268387
613444943
100167754
2039745877
1727497678
74566706
1259661541
1237727461
1958832185
1168224785
2058460621
586103977
142052650
1624556733
817923573
798666964
1422870198
1949008441
1416800196
862216236
48628496
1255346412
1727798356
833094558
226857866
1016680437
1968209127
2000182748
362435498
1189791994
1613805941
517988777
2086153748
20538067
1585908549
1945440126
1573672107
298505897
466811487
942899518
1030367813
83703683
206011396
689893608
777659503
537791279
2046839577
692229346
1379702423
130203055
36909092
1855818908
695897728
757172934
1964893263
2105031322
1615828176
145954070
623729616
1155975105
189035326
988410169
1423700838
877189392
446874689
872584464
361261085
778785526
135507017
1133768899
631485662
515337760
480183969
208421557
395280242
1308107123
1566321922
1317998128
300718491
1146656846
343362544
605717519
1221855053
1479243157
221558380
2142532409
536405167
225291663
463310380
81852638
1307752786
2053430904
1950996238
465966023
1765571599
32830147
2020466997
1977392215
1721520180
542489229
1548390288
588736070
1429966761
961858550
1847238881
372788288
1242958117
1823638050
998096366
1010856645
724501098
457675596
2014802065
1256160559
378781456
1038401284
1958264666
219867540
1641871940
1924315277
863136719
486800748
1894960213
1413814881
80150912
624131315
1464879257
1473143191
778644874
2066536147
1019999698
1920453932
390020714
958049554
106468872
568453753
1994964815
711465094
404888362
1730506438
1250672145
476804179
1386349496
178409322
638303642
1288494329
499091155
153916903
1311077733
2101240311
177332062
1860147645
434536489
1810370823
1354111465
1667184996
11601716
1716512582
131651876
764923522
1232523312
392045822
634301358
594100198
1390552883
2105257927
1129411117
404687586
503547853
2043196191
1734866607
1517588530
447148291
1176045984
365366100
1052295927
1409812044
1523946157
2073086577
1591410711
2078480039
2045013371
63956162
1169391234
188132494
846898274
297678802
1598211351
412719581
205818057
1735412329
2099603596
586350468
2137343240
1368871311
627813666
1077126751
2129643494
808259109
1576777688
954398236
1015793009
2085592260
1321027486
1823014516
1255778663
402706325
1564232578
562131872
969809551
188242927
555462058
539395297
1088282692
648982945
386913502
274744998
549340336
730828699
1578966900
1241262321
1239682089
450526629
2121197928
597552049
1423754171
1773557123
1101545901
225437320
763883932
940003358
1746730574
1199302728
399438754
333257956
429115116
887667986
466944993
1039251213
1210635840
1896491202
1375343240
2027342019
1561770031
2123777383
1000779294
1005670954
1615421988
1909086942
471064367
1554093327
1950432075
1721496717
148146588
966157643
1087650934
768444474
279621460
903658584
785469704
807337019
1111596587
1643592456
776256631
582041692
586705359
1659545336
460854916
1762542130
656152192
621363599
45033032
955925080
907656353
1403980230
145412374
109379532
95792492
1519161441
1113259704
1678312464
199879103
703660213
224755862
48037561
2060920102
1120411851
1625362861
1481614987
1430199544
579275137
1333855708
531093323
1143442729
10789300
947138752
1412213300
1079666456
1864792489
1191018305
749578448
1025902234
192645075
1527919496
133518446
2071594454
135619567
877913102
1872850424
1329262089
635550082
106567996
86947174
1032273458
2047108140
911000393
1772685688
1487723385
1014829674
927206444
1417361676
1709076008
1846687831
1848709173
1461665815
1151914672
664814599
181550052
1884945224
595619224
1151019101
645338331
1408911767
1425376147
1116820344
1392446828
1724536837
1851319547
237065046
770062937
1711325337
996454688
1336461910
1383857397
1243374369
229650826
713318923
1497421307
799047556
1377029001
295156088
1146446
2088448746
2085347454
1501540338
1308124869
1864578944
1896934784
240691326
1587408781
1390035586
2000981836
907805632
1765428736
1926699000
124179887
1884739572
1434193354
1131246750
1191400359
728309085
34003695
269451763
1780252865
1967732051
424417357
1389327412
836119653
1677505650
1672141734
1715118696
326929991
1449189711
1919432150
396799816
1077783577
284016194
1751508924
2052136239
1666398053
1817836244
123907039
1593950530
1815545032
270212601
1682755249
1855322600
944383760
206219343
2037375190
538066915
237002888
1872857078
1441095867
1177665803
1819860269
1929440509
1103565063
1949238349
985896658
2128794401
1569938587
1973744667
546723060
1839427554
84317866
1938650489
1276876339
656545102
782551028
1145273368
713567915
1387262557
491840020
690658837
753961424
1676135868
125052130
1512142144
1251535610
2104158552
1979568315
1788010881
1360204496
993541957
1774315874
968972076
1145186131
1394859303
1468814869
1046981018
128966008
720696633
940541751
58083490
1251640692
1722788079
377231252
753926420
1087823640
1523630569
1063966355
2133683563
2137705735
1018873835
177943667
1401974645
797283631
1795512584
739791644
1895328225
1156541624
1120585571
250107607
933053670
907441296
2084484525
2030678164
1797784224
264539478
823857456
1745190783
1089839155
1038652822
1890896538
1835105860
464050806
1788774185
1304152942
1680394912
839844287
2000403525
1925550890
155247940
59496475
1377359470
1554381277
347556784
231348848
1334687266
1622186747
1787758164
1407757171
1347433998
1108146771
1644593413
419471754
2020440024
1524057004
1788608459
666279707
1183300091
2026058217
1459746287
1102662281
1808566804
1098735190
230457777
1390842498
530366291
1809117787
1769171883
413261219
719193335
1444416029
1145053715
1316827238
2096406731
543731588
953881531
921466662
1585609717
1217937996
69775568
191900114
1892261851
1159601334
1005524013
1293268248
1277452849
1756014084
460949067
1197454340
1545836343
614255395
836532636
28576343
1393743520
2043202811
1846128947
1045480373
677429257
1742709652
191659731
2147112064
197255460
1705248899
1948976278
876236655
1614093106
1049403638
43751055
884574111
7795396
20718105
316839921
1516591334
867144295
1270137523
1213897881
887039467
640844395
1041257060
563168017
1204429390
663901108
2008375991
627317191
1322806014
1649963554
481118367
880463214
1782909868
1526824885
1063744192
547273669
356094782
1995560532
2133746125
1041701622
1592470610
564849709
1551339423
762724134
774631195
1180626251
36502277
1460930144
1672394057
1660944063
346939488
593873211
1870549668
1315161643
2020038977
1226111016
2142252947
134454627
626119345
517961115
1621238514
883191662
395295170
1559002019
698956286
622749712
1866597753
1467319295
1680672564
1211374157
1420483139
484413474
426751741
1968613654
209133449
1622630851
661879504
243532268
2090480741
1877349067
1776027345
1816377762
1381003829
528097227
180181138
352444096
768023046
1786615652
1532910810
270670611
790594731
1044319928
501182965
951229221
1441249079
1605216240
32288419
1505579089
467936222
518967840
1361396413
1698738153
2044534253
601354524
907442086
2097762055
1847825586
1643604635
980949084
579296769
1697424732
1444703976
1689611650
1126737269
562480837
392413365
369145618
150145543
202855976
1343840843
847532802
224772663
330411968
1988718681
959389659
1154777137
1529623620
857443103
1430960751
487979304
228114435
660999150
479808119
333961548
1516967625
749016191
165983423
102132908
708350803
1750090700
1838365588
1563208127
524053091
929864090
987261411
1443877955
691578585
1179780531
854871766
1164172732
527598907
394851486
544455972
243701537
640417530
309387946
825299035
