1051911701
1394576603
1012443263
1620986060
935164578
2025733700
300556362
569238390
149973345
1603691484
175518091
1437508106
1007708792
1505626902
1271529313
983392294
840137946
493479397
326380665
806602217
1646681255
1150093896
127803425
508516975
1807367412
267906669
1581661771
1436802631
2035692349
171845639
1991633105
549989946
911405734
2142800934
754537548
621633701
289670052
139136215
2000157569
2086735692
1211336287
784002049
1910263198
913046136
1795749937
434016221
1656161135
1564647178
1087863131
39872159
116478449
1295689926
1176405702
2116179232
190610
1056098623
897214306
1998155355
647779699
1638794450
1740548375
374299191
866901074
1477289470
1745679323
710796347
2050159415
654171790
1696485537
692039140
330393828
1683839701
754354541
1840802346
1715610540
3417511
1603532555
1799365682
1074300320
1870457911
1920485391
918752127
1059576559
1368826189
2016931859
544386318
1220510406
354597498
453028461
1219815412
1558735222
509866401
864850077
1365921243
438144671
176059934
1954328819
642080068
334376701
2051993155
1409068912
1919028515
55357312
529923633
811815722
1223230263
970077510
396862546
2132086687
1068814567
2013204061
168311095
568610566
335553612
357499862
1988419975
234005211
883023620
1865980570
1831742849
1923983398
1727697307
1282247662
738057589
668353251
1673615747
719051423
1206784692
1594756176
323651825
40144924
405872510
1091212698
501469906
1478879314
548900020
1920372275
1165095162
998494388
1257961458
581719891
1620646893
1677235750
1430899728
1609849390
592229177
9073994
35278221
215573775
343523936
1170749216
1536899498
736556770
1213892082
789575674
1096898105
1566824887
1181396295
93729903
1212966470
265200319
1193193908
807716070
1039855803
634561735
675289143
133552006
488153727
1012158149
1124042356
366234633
617344529
1216000246
1861749670
1589966900
1434668679
530099437
1619069903
942568584
1910811016
1530288674
1297587446
855769637
1222305100
453248498
623009977
1945904314
785345235
862870183
302097490
701172922
1370528965
570717033
1379206129
378924385
1293125340
1023081740
33242651
363487137
1684819491
41815895
572594696
724833465
1748800471
1628323255
1844833064
740411262
1571829716
1545695065
387279696
2134400262
1298363946
1021503255
1420932667
1597179629
252437103
1430187296
373423001
1173161273
1274152204
2116648391
1442894982
1350620550
977435060
1648637517
1816734625
936349329
463007287
1430219528
915146225
584723761
567082455
422395799
1772740458
260759128
1712024416
2008457206
1992297696
982352648
546676800
1061935734
217291121
1289670747
943795658
1059407264
670968771
535503800
108402023
846667905
720834313
1107045864
321518640
694926628
1615764410
1221722555
1399832918
1308499941
1725963107
52835673
1098409900
1205759688
1547383124
841199898
1161837485
2081291871
2058833561
411655616
1651111125
440991341
775402390
1257198734
647519505
1560681186
1003428644
436139817
840217108
1823955131
2032309439
1297335738
920280575
978398331
658464038
821853675
279898221
1260213417
1923172805
988962638
2119112733
2058901683
1556582070
829062736
1183502216
1128205798
1621727623
513712037
1073944919
192200598
500045498
1161174175
1670458936
1349620121
1343094033
1180799014
792646371
1166495056
904192729
1172910131
1348175904
692459031
945050924
681826456
484505600
1975113423
2076568682
2133090977
768047421
48802630
2034532903
12389540
2072568668
1476848736
780713926
333871112
2144493420
1282862339
331515693
1211671933
2130237077
47190355
706830742
1972229237
846694814
1173093876
141410825
1574822193
300648476
2117398388
1163192679
1235717312
386512647
2127509601
1451141457
362688820
1152407554
358747785
1487425366
300991635
1442420760
1970305984
734836348
216046939
1853540343
1054761419
2045146795
158929683
1809008960
2087600141
707745101
159991774
332219574
156898018
2022553657
540664836
950588195
1404943332
1299882159
768305382
89385863
1217130188
1525332041
1743318848
1840482315
631816817
1786092551
1331086891
1240226238
1006104284
308464710
340857112
1446594835
1257024158
2008387967
828597823
1959644013
1927716099
38693604
1783341034
183497259
251914921
1243809010
1092211172
102953248
1610903301
1125442178
270722870
1668911744
1115767941
884578783
86317700
1190122175
720707067
1115905989
1057267872
1221429426
768181109
148213199
2085688720
794747059
2113019920
588725001
1243930078
979517401
139320705
805913705
812278306
407944963
1563191917
251611621
441213204
209286537
2048097220
354598777
474524614
1728406187
311491940
1827387841
1743807940
1470716971
803354627
751527300
1568003093
1656151714
1406308431
620780935
989617419
239115118
865884689
1574775951
1670942829
892475184
1804626840
1451753299
2055982726
1889795652
512384034
229034968
1100011752
210798841
1695586784
619082998
369677671
502425726
363476878
1512396478
1231159854
1098727333
98405178
333418456
979154969
490377022
1871855215
1782653602
1514729517
1787840681
647136743
1570051193
1718830062
426832590
1179959150
1709437652
1482387598
1530570739
1743286607
1298607828
825460735
774213525
603297502
1350818627
11547905
812111105
1892765050
1026932339
325750634
955089435
1895356367
1629524218
554581735
776192165
1646045277
1198629885
1975868335
1879472784
962116965
1895452492
1097613446
704659192
1982210386
1096141591
1736995971
798587279
83604403
684896083
536119061
1859159062
999291184
1764809948
116663672
113765593
797875721
1009350979
1188576400
510670406
1492860230
1450437709
1419698066
174593445
929368313
1244671960
563426293
1250306828
779372301
1407499854
1317674473
1303499847
1441245482
1544761461
1876066444
1693819054
973615946
1885297929
81081218
1227398728
162508414
1827198761
713424027
1116420588
1116198677
1681507794
216699238
2079311401
985328976
1177697615
207040906
812999002
1783264400
1042993268
1826328462
1118694263
675148756
2069034991
68397866
659182717
15789746
1237772441
567327398
244185506
184549925
764203207
2011090989
1161131990
961455641
1517998259
891012653
846188440
1252400646
1610433075
1812288384
1370304487
1092882581
649906076
869590690
1584508995
2045456165
1063543979
1477261072
1268394137
1977580437
590000040
1198674081
571186860
685653930
388351708
824353123
1485931464
962784485
229559250
1321684738
2132030645
126916673
637261640
955435891
1275791418
1749630678
549226775
969692619
370450450
605620497
1738689946
1351937693
1639820991
1813753786
229512137
529856547
1831784967
484376977
1960830309
390956501
1653436134
862711958
1937777209
1632044908
2117629272
748692773
1172748038
771362500
2078244208
228885401
733722830
828502736
361516804
781687465
1663755556
355062105
1819227369
2029708444
532085713
642672283
1697799618
1302962037
992207400
819252845
1664904998
346380976
1944380262
940407035
2088878972
726221248
1450949235
1426980960
171625024
431240447
100884104
1194538445
1930512959
1948363037
1306913403
830822705
698530141
2050465285
1499961586
543843769
691823951
1008679599
642110975
853830650
846005296
321783085
844486449
564325320
1327868088
828895392
518435255
1000174906
1585140073
1914565876
213711284
1252892404
1285475193
1296079931
1288768796
817090730
1833460192
722596141
653318002
231772503
2012605910
852605473
1729291927
165738591
282208778
1439039270
972178376
1346379056
557605753
61255163
870857628
1403099491
375217530
1269039118
2080357869
1393447476
1362558597
1904211818
139233885
1494213612
574408866
1150817597
1553627897
570401006
362707634
1468614452
1973539793
1398373036
394583284
331752252
892551752
944021569
561326147
312891358
1725086050
344524203
802367509
1340904250
884338132
336663637
1833820861
341909083
1947202256
1125019959
1764422725
51057652
1279982011
1313966878
1266976445
1772751110
439787292
2013787317
1381160099
1007043470
1060978283
1305281340
1318027275
790592120
1000436851
1692682394
1197124149
291283500
1486552987
671303311
1863150286
1507799895
1285800665
323836894
1003115960
1623310770
1351859902
332387654
834334931
1746454054
846798382
766277605
368276176
569819378
1324704073
1338386462
1517548156
1916066120
1805992075
774937827
2039222981
1529119194
969489909
1258470774
551859315
117635812
1420137044
1110045750
1348478761
1487609336
1245491778
1457205537
1349949971
444432042
621205628
1684981729
621066314
1491014978
502058403
632330158
1823880150
772103772
1651900830
828661394
880598163
1903514064
1296984289
1455928173
1356129693
1227804640
542220457
1326106578
1287967880
240997400
289143558
2027769792
161416254
651134817
46204207
1312510482
411648990
1539747943
1365731651
1546639221
1223324059
399023235
1939564711
1609819964
97666395
801594457
1233121168
1850277026
2042767422
970996965
817757202
149953214
1265349767
202977728
1242643060
823442345
1210871147
1556328657
864917739
355632830
673984209
1823846385
204615417
849994672
799232460
189743235
1334850
959987480
464936449
1641390557
276162137
744875392
1438534981
1086527741
1218292546
1733730124
1744071572
1606612701
2027771976
198122742
1249271944
565946089
650845260
1622070649
1983982725
819072106
774708272
328575743
1192056164
1013005485
332832979
1876461265
1887124660
718178077
1560843999
1592343088
569071102
1633331223
114405360
813021455
13148324
1940549474
980862529
1272050531
1153568632
545632908
697112066
1839198877
535910821
506753029
78014401
1223012937
1612446722
1295915161
666963053
1930878078
1642467129
1190238565
529390150
435501529
849928927
1841739892
293076986
1564901131
1061083908
933037068
628411482
387202028
829034186
703662366
260941333
479376557
1670633602
2137747936
1728146042
234202219
2046653429
1858607204
314148366
1376783036
456189627
662441199
1094005545
196209201
1300643062
671900221
1157998421
1982652633
2086535979
2243543
1200005202
1468501037
67373888
629053647
442650948
751129828
1330142130
394013640
1495163779
1511480106
862081179
2073692791
1042631174
35581898
1024505820
345435094
1079327017
454808510
1072327897
932199255
1579673920
239245579
911059069
611369573
1726646163
795539630
401375188
666649489
955775224
536510208
1990715750
164389990
1238591888
1454871245
772209973
1289337390
1783515500
968263674
2123975599
37228312
778498507
1754029625
1467885006
451159106
2013820632
1941085304
1396622751
1042314347
1153121450
1619779622
2133397582
1626190362
357038765
681213637
922274902
137313868
1436742598
1026717718
1013582781
1445512263
242105730
1736976692
474565126
261807724
8424565
2005226900
1387635929
324652283
1822457001
475558646
1927512835
917402850
2004598137
1557434423
122174078
385362414
2122896393
1226365893
2131003392
41744678
1523134224
1311830528
1868563994
154193430
1663699728
1564244556
763446118
24114401
1563811971
2082924611
1583007330
429292627
1723611716
1335196429
1589754700
15706926
1993300348
654055636
1891768906
1464609307
1231060835
1581998647
656226622
1872308609
812911972
320551190
1614863654
1115101992
429392175
1249231305
2030410063
1586778011
1526102431
1806361696
544707033
168316470
658948191
369078558
1170551770
365908223
1573822600
680358101
1575666879
1612384196
245040679
1672540654
1977316195
443852040
1610530249
1298008155
1484174859
1504295308
366265425
1134865673
1885097104
1000782737
1063537455
1367612204
940838787
755400248
88647072
1685171733
1666979895
859436503
574296199
1404706975
1622397354
1032462719
933050473
853709317
954245212
591402288
1143936100
1860424756
796973772
882679665
380096179
1660114275
1433078101
1714542402
1378574968
508419693
172348838
1858964110
2017700214
573226921
613220805
628047682
715266369
2015891524
239345149
437048412
1078587744
914749081
352375494
1762512879
164530635
1454928756
1738797350
1009593074
962499771
1886821993
2073704749
1243609280
2030316356
11844462
1501377310
715596920
1129011240
126405788
640752033
1636412573
363047282
734627447
1000015126
1047201260
1683089655
1033233301
999320265
106090668
654430066
1742362975
807510333
1877001338
226713336
735048374
1632084274
631769987
999020741
1514441741
1246156743
1895854057
1404265460
644305690
1233183656
753029195
1040548594
1540881837
1095735286
1350678777
1956056249
1757708667
1024518137
552446913
1403460810
5455022
1488241580
1134198451
1408515185
1202473414
2067181
383372715
894280005
2073482329
1800363634
667010408
579289916
1582246361
524588526
1338985547
848951516
446778744
1407520496
1664604567
1739488100
1881610089
376580101
547449798
1168811238
1177557957
7292547
159269550
1078702688
699129242
1382137557
255310900
337969594
160720043
1834818422
2075531281
1877361546
1985761898
656861659
1807957233
1591093628
1044233352
1193583780
917843833
826264830
1403736308
340782614
194506949
608181109
1825222890
1864698482
1758526303
1881624507
618903427
1646595168
1850713334
785861390
947952680
59515667
1699919414
423151410
1587392653
1118972290
1052981251
43150630
1530649371
917370984
1469026275
305114366
2013683973
1791741138
1777608132
467377460
1865273141
679401881
536862868
1475421429
414285294
750952684
500366569
114963531
1604266864
1255995163
1893938178
1416341812
1748090936
440586745
417808359
1981047670
881726602
1541835514
2091799096
412621435
703761882
1933506745
725316811
1282462105
47233796
1436943629
110478441
1385286879
1646358226
15912787
1158238881
1729096559
1177155909
1840006399
1223031193
1919275314
2055824458
1377269023
34238548
2069142487
1875083138
199780641
1196293026
1354984768
1312402988
752480979
416616870
1283044870
1251830563
618982682
831150306
1909552854
1859196410
1626999020
1063251889
863071736
1542115114
348585355
338672469
1236521933
1024875912
123120397
1257760318
1496127205
523911712
701190884
1672416299
2034765357
1771760271
966625395
359224210
904765753
66306264
2012849902
658411723
2090079117
1569705440
202726685
1318330653
1594498872
294110791
1760192590
1969622705
2135868077
198126887
1318936959
1047265579
616615441
1847120112
524121352
2077126717
774566987
101482395
512597047
1661660812
1655921696
1835363199
494180085
1365425646
698580480
749029211
384810563
1437871224
668182077
944177976
1042574949
1238091970
1642684007
540339817
1930444803
802865145
1114737914
752784170
1217380713
1440938422
678971335
1890610834
1328246026
738448417
794548506
923423296
111019003
1880577825
207188229
1141573016
798777614
1135081101
1210828206
834619270
82888686
1540742346
898793696
625675674
1651117206
543194708
520473959
904934682
758012320
1040068236
2057439519
604311839
1218911410
1397559137
1747768320
1460830574
2146404714
1193725892
1158836570
1037037347
509411977
1817280497
1520885445
23823874
975891976
1483828493
2125372887
2046611258
1149839207
142212696
19482561
1025888383
2107334965
1678450431
371206825
433113240
1512144997
1299485981
552192677
1425483652
776173232
1327838346
329021598
95606561
541702771
1215292564
705156531
1751052371
821300909
1726978294
2082698053
2070214318
561993932
798935618
1643170682
129951954
111621879
1275696522
154713606
1816363172
1135789699
235332910
1722824243
985039600
609122477
466925690
714825692
1051884126
931123578
680639757
2014491977
339478837
1904247027
730991548
21002749
805884335
318656716
1986693841
1287642131
1208584898
1786047360
571561754
544046447
1950749450
613167401
1877970301
1479688948
1271516776
772682935
648475136
442102227
118710569
156225120
1450575206
1583126498
284665556
1927917823
1281585225
341897165
1746896430
1839360873
1111093946
1785639757
163429074
120862205
1959033020
248691336
752107090
575115388
140430969
138767930
105358868
1239969348
983521348
861664877
1519356018
88548049
20892172
1094900343
202693658
763245864
953412717
1632044352
2108284580
458760560
922439190
751018637
1608838640
784423103
396983188
2012233134
1029810182
1449017701
1175943727
794216348
1783294731
1552766385
1123354351
1687836480
1356226137
701255301
607589171
466455512
1402478634
677892166
932886627
247433242
1082157702
785491071
1166452188
183710253
1684221432
727656517
1951195201
1662453517
2094012749
1110265407
745286666
1908366158
1241749561
838790181
1463913159
268319634
2079913585
368817229
1073362561
1141927927
321315850
1581602392
438819778
785165048
2129434568
1591807121
151008321
1818663940
1150091829
93063356
747729276
11639488
203862939
1087998808
172711851
1517672660
1861121201
1764706652
528051447
1558240325
782067110
1601998130
1780088471
1352245740
374715979
1429406049
127906554
94322431
434166331
2031576258
1859664553
905143833
2125729530
1598259218
1217220250
891520428
790428277
394211197
520536984
1964195857
1121146915
1094681627
821701140
2011209770
1010000610
1369506382
564033728
722048638
41369669
1662808902
1624517503
158584963
310267214
570770782
135081925
431698596
1358543406
992889738
1549889376
14104322
828138684
685345781
1651742406
313512873
1433470420
1865796894
892183964
1205059594
518321501
1235795075
1693475388
1640072425
1744637730
384611972
247635934
193834852
49665065
1497092419
1713877881
947388756
1319063234
1022085857
475306246
1980393329
621635650
322426895
927582884
1301737815
1891544716
1991615271
250253908
1244450930
1143542377
1685573236
1972589875
465486739
152696352
124629899
858156668
538945824
2123924569
1327050749
2124264348
595265461
1647775301
210372195
967398403
466267784
394817785
2125526912
340342139
1381378212
377901367
1279130990
2043242460
365026043
1779408869
667593161
1783684999
1669549720
1100812338
781345861
217384422
710297007
100202976
484238384
1778981405
2073140301
346866332
1511823966
198885258
1179976474
2000602120
968369761
1759496161
1002158737
567649338
1360063792
776213476
2004219254
1631998783
1342406397
361118997
538196157
261689535
169505689
1318799101
877769820
1612193497
1334929880
1404832951
1592192339
182916306
1225256085
658329512
708358840
1885168559
54243275
1133656597
891509595
608358046
504035755
1653430517
768307039
117235062
1127182735
1606976958
1707388434
1400919024
235330660
1685008493
1070888862
368658127
546818894
1302625945
1785960097
1252416160
1871176873
1119177843
212743228
15160741
1403503641
725315639
1262764301
1846207253
214085668
1102713351
519416647
314561074
1870715451
1953992877
1438353815
189154426
842640222
1747042836
5039221
942325114
2113778020
445209819
808401785
1827249573
1567421311
468076228
724565035
1532264755
149842461
1551407743
1910978374
48107286
1085304530
2134621739
725760591
151137977
1850308685
427376588
1732998948
192614775
1018667396
1003290688
264996972
2070508173
1205847623
877823022
358875864
1492565472
791407297
1816214808
789719598
1368345126
374156959
623891497
1729225425
1195523124
1300143736
869662727
647751207
1159929406
76979176
1003855538
1168496334
179933723
489107485
2009583326
1591643713
1699577359
1116683966
1247825429
2024172248
1974520009
692994172
1349231123
1247655588
1317138208
880428580
1200816230
67063104
1848157900
786355092
655667606
1066861285
1396648192
1469901234
2125648397
234656887
1098323917
1908127054
1518095927
385035082
916394763
94065457
410171607
331691979
2027027088
563692008
1421211539
1989214039
694936977
1789700053
1832830889
883318855
385544274
884450119
71345499
807926667
284392288
1630069841
1134932908
867632102
878775184
1329477069
2101235295
93028150
156022034
184792451
545370395
580023369
1024489050
63581704
1318326569
1525859084
2011395961
1991829100
1696594264
371930182
1853156104
1039307487
8949311
87214687
1233397155
46339594
1440476144
1499399577
1835576741
1935696832
1026887021
1711574655
891775020
774388727
1400433869
671265163
1221996850
1714941689
1646940636
1214543069
993295948
1934609905
2086257755
1768583716
1265356685
319248554
1196296872
1419624490
1085485260
877183555
348772230
1331996947
1503151901
476376799
645824777
994675101
1491714259
1517455935
366107773
632692156
1465529595
1665955722
826030068
1753058668
181396236
1447243359
1419348791
746779461
1227967959
1139639243
510109508
655782132
844216120
315873111
299801193
762014889
1739252362
67045170
1546741162
789162799
600158921
140295288
5861010
1869230955
626388722
750413060
20840589
227944862
2105953033
2074639424
1920306476
59211369
880550222
1097769677
1182949962
436407408
1042651751
381419537
279472064
540243659
314317297
2068522706
48358459
1011801847
1578125583
2133633031
1288414411
1303392976
1792548232
310051461
1239577405
838586288
184567155
1053787817
714203510
1332289487
2124904387
614982699
175429082
2089017490
906809627
57958230
1293879519
813666311
113824881
1794329137
176950738
1893686118
1474936686
857144281
703626691
1808835255
1315623853
1198467859
1400181000
716263174
1589323983
1366580895
787497600
530446739
1013723676
1666050881
277883734
1762468760
1570506249
777021666
555083055
611942817
623739836
1327742645
868058538
1603434095
144548462
621996077
2085156190
434449937
355691359
1657681112
1341096853
1973933106
1566333686
1515715676
1182345818
1019977435
1546279691
1623154290
869384189
261330335
574882230
516711757
2098115078
1338632206
1352800270
1104767101
677054545
1887376009
647633426
1327867786
823819678
1110255937
586124376
484898643
2138536183
2091311489
807345174
1248657672
979294820
693369132
1208732902
2126066941
826674954
1854239435
2066982428
2078193524
1524523060
1031677063
613431963
2029496541
1265599286
101676267
1623520104
575169146
1043941675
586335735
1889725709
1484335680
2059730208
449216216
1571923107
967833955
1344139307
1568849956
856992626
302244753
1028738516
617396415
2088048248
1796628509
167790296
405476361
875587396
1439415328
850134241
997484996
1472979290
171444414
1690695471
15163993
1458160005
211824471
1753481018
837381745
1414649424
1221413231
495991744
1749207401
2025144824
1140735665
1757804886
494187223
1485394012
519763309
1845942014
51181089
1207104023
519301352
524281656
476388751
846702041
1294558065
1480570698
1058703497
1727658684
633110901
2060925869
1217337820
720035771
570852352
1506028915
1585710863
770415171
1188871234
1170978150
1089625942
1750149225
674511616
2098041246
97737782
2001395766
1422276201
555635450
1306110994
229636524
472945209
953150116
1513476639
58072958
1074629368
958316706
301525242
1820819021
863316197
1355803847
46278212
408828870
1386631337
620343715
83711820
342769955
1383492431
1551841748
615365821
172109595
2132974303
954591150
2110614960
970751574
988437959
1890767368
1811629317
1030783653
630275622
1653031950
512042411
929828148
383184217
2021161413
763540045
1602745490
1456066109
1526936398
790459536
919581210
2109072658
819085624
1001905298
603067359
1777772520
1082762929
220123025
1640841041
1777864960
488918362
978476712
1975813505
957944974
496276459
91961465
1555600062
1504323456
839348861
116229684
1409663865
1180985351
1776928683
1932779999
1395798671
76903669
1882293036
1117452095
1272867650
2001985783
601273685
1696264660
1274726695
1034700393
2034415392
184865810
1778315108
1612104857
1992641047
310601964
1901946738
724739971
177446813
1641284055
633666670
664317217
411985366
750768434
1698644113
464003973
1001651954
640082045
1113342492
922246733
1811361132
818365652
1786237776
1624399819
328153622
539919458
1307922031
602964325
46080082
1373825254
136871434
443205301
1478206111
2119279081
559745225
1659622715
1761363769
178791688
622278063
382043951
36579927
618510047
1477508449
1131092082
739378930
1401294968
111370527
1346190752
1687747719
2011903657
1934741184
2145180261
2089180791
1503925887
599857619
1518763515
867768363
1021430164
192492230
1106537228
362807976
1007578799
1468318198
1289366109
118712086
181721339
468798539
2127027777
1943060077
226894210
1627514045
1129342476
1398521946
749830007
958887053
1297412683
66011543
1354441349
769094443
466232208
1944375600
862052801
1596743745
1516469303
963652925
1940528448
627478547
1887232659
385833623
1452571468
774563580
44220946
192097560
915769479
322335504
1539057994
507177043
761966758
930314645
2117288355
1461351695
167467126
1416409112
731718389
1499601201
929304015
164015474
1386552417
1441418922
164800247
1691330346
2095573530
1572507910
59199741
685118426
2125554215
799223660
41841635
1005206876
258113983
204745341
886143693
617956306
760718050
1418115759
1498047107
579449921
2123966749
2035970009
543509965
1524031064
1352634879
472524211
319887671
1200518056
1498103627
1529381561
1084124784
1633983540
340478944
1533176200
436113047
390293718
1251460488
841583098
1159828944
535997989
1971785605
1980506378
374166546
785020206
1842558721
1170234107
1469397123
95505761
995040818
1195868937
669771886
1894294075
955451750
1542333631
1873716927
860192481
395116563
704637817
1622960761
1911709580
1600068293
1557572717
298997689
142425043
1440914943
284359782
1083741499
1634563486
1497696778
1133921359
1046397235
1054743362
1741662796
1924503762
1883520467
272048442
325480231
705393508
1438957516
1745622545
1904012148
1078347489
1171750590
1187123140
1855533350
191491716
1470767606
1654377072
1644671395
1730115228
1118056616
695633862
617344366
1213260705
915440670
1238493582
1950125950
871421136
136560212
1654948088
504319072
2120172042
535355223
1906235678
1941994200
1640052294
1406296013
412071609
52770888
9568405
1902392957
1781891763
1595403326
462883640
1499568046
372067930
2020803093
1183706746
270774214
384366705
420400759
454357883
2088574496
2051344057
1237097061
2101117620
262748072
780467872
493408828
1287811129
1901450637
976705052
116811296
447398514
1086576651
2040322916
688373916
1005999823
700272330
1266664750
829060539
1146577237
1152857728
1482371262
1256011587
22492699
77670221
1880830618
160912886
780963429
232300739
153250127
841991736
1585356869
1263288954
2074115636
1706936148
241799163
879472417
162970218
998804001
19176208
171980806
2115901227
1770211516
706503874
773526055
1933891094
742619513
31198627
369314121
834691817
1302186115
836188228
682562028
2109845969
931221719
182611897
404021316
42966198
578384394
1395523636
1896841365
818081840
1311176786
1618540435
633734496
1804268799
1876609153
77710982
418417098
1474705808
1271745029
313963812
422467605
832100253
695442907
1702930975
1646333256
1743725644
87568099
730741698
116741093
1414980340
340667502
407303212
1514701095
1310152127
1576965798
1968479359
99521031
1907690651
625921647
1490218123
2141701947
1611215862
2083687611
1521846448
1143015766
1424756747
1443982779
305871906
1860756871
2083863283
179398458
82843218
776561670
1413864871
920332842
1856849800
842230396
1301548195
852085023
1572023365
505386514
733316913
448706658
1597716389
683827835
1909427748
1904023515
1269392658
1579853708
1113458848
730358378
116732794
1275499047
1130718575
904297722
790043835
375345444
1271406069
1059514033
317951707
875025813
590824435
21895317
774889182
1221646466
121005095
65617956
1181875581
1706638764
1686117216
377843500
306560321
546045894
1195716827
260742763
1436977861
685815665
959148206
1391643860
1113955543
488376655
463941751
2103370447
1618789462
524163991
646276743
933075
649805996
1335029777
936318183
2087020112
1696615933
736121065
333449088
1493986993
1060590627
1232397889
431545108
926354237
2126704156
798929224
1535706724
16956975
1528037421
2115483921
1199000515
1762595804
1558251110
963330605
818263502
69402726
367995561
148490367
301600355
935759565
1288261974
888867964
1307622416
2009785961
702362864
2042531336
1298066857
323295726
497639972
1533687986
447765761
816446039
1735556790
232592329
759035963
1064566961
1490650370
816542688
1212452886
223328619
1830168224
1229064787
246674616
1216832402
815410033
1503273124
366288113
1516182889
444860121
1373478440
750419477
128691108
395419627
1503267171
266236042
1420721193
190419758
634238676
1688087471
1279664580
273871355
898407964
585128891
933651424
216474539
450278955
106024657
1692466836
1869208137
242886596
1976089672
1304516449
1347406120
639601225
1622135340
923760715
1487052842
482431708
1478948931
1718952939
344542682
1112944062
668284664
520874038
1186611494
1846233616
657168609
524414942
569042906
1159441051
459131279
710662482
1947774007
2144504428
1467873795
262735829
574699771
1745090638
1554185787
1356923648
1686904443
723865807
517757994
354867514
696220079
1879958897
542283568
239329508
174170125
257080014
6697534
896304294
1735969200
721516258
1831077244
1474578398
1277848806
1968412442
1122330659
1662514212
966629967
436065814
1743932334
1413923282
1902046519
254275591
117400407
1758652503
1855184260
766787027
340197142
1091897280
1269821345
194861529
125156228
1114233583
866427641
2110235627
1037752784
1796343401
1818431081
1531397910
613164075
1822070219
417364513
963778889
1910121749
683196440
2034990218
1256031804
362279818
720761881
2037164887
1298471688
684839402
1730965141
370158878
137187
158218262
589574448
488200278
1794540806
1586987974
759983278
1953704637
888871429
1365858671
1533980714
1072677963
373307576
1380696945
1812748780
518245471
2105442512
2084247565
195575091
1380574527
1902753101
1392381030
618669851
2015850630
1699523338
208753019
1671194782
832081961
388009263
1511330949
502683127
394648191
1422644201
298160509
1104326312
1858648410
1006697608
1690526590
1471748320
957368094
1538072534
1124419999
270829593
1315121558
1346330382
1887025482
1198777078
154773792
680425627
563092714
2086295516
255749196
1261959525
1205238903
1384484217
1040919874
1338533856
1847315467
1659969190
1142118153
1370960585
1382503432
2109604731
1171701947
369580239
1012369749
385436262
1216576082
802407087
2006091696
889876772
1082789296
663273194
44959981
1875640570
978605677
1995844613
465844551
1871475342
1840579032
109855789
1657792950
1073274472
1808899751
252124478
470866215
371236310
928667635
205795049
1348716873
1194590426
656673979
801103120
1565154797
1029481076
212700453
1443724963
267725688
687397751
1779463844
1591557986
258763670
386616515
1725735430
521235628
821403683
1306817265
1362514986
1171241741
1224832585
2130499600
164447122
51325765
1491189908
1294623266
428920258
1907656874
58231608
1593576271
1967824960
1985938920
1484586766
1984765316
1087177161
1395676251
166874376
43994450
680346582
1382067046
1217716170
636513280
1262651253
2093693164
33967606
1810387587
1635864013
1880817597
2089552586
1310233511
797303039
2121702840
493673445
1440261754
43630494
1005789031
1452458480
1023057911
1780232295
1622012061
999294209
1815651123
2053284038
1630103023
1692622782
195225265
1943499886
1176313132
560355242
1174760199
230014075
375993925
1433008001
536371702
1810329055
652116689
1516141382
1894735619
1934030817
943460327
1865950088
1319431875
775384203
951529825
51049566
1144080609
2141703872
1643569337
387695598
534530588
931497115
516225175
362582345
1510365876
1462570392
1322754782
788907330
601458732
511382295
572676771
2104267990
1671409134
139728731
1221155746
463408643
1733358879
1947007798
4248000
529175649
1125350516
877643283
1632969785
482167835
1339002714
1137477285
681303401
283454803
906144975
1772053948
1607487440
1697124820
699050286
55124065
904708598
1253185826
1922051453
1469752397
1771628585
900862440
1035317730
1672580116
493070382
2042000148
960324729
1838113098
1614575991
575317245
1385557921
1906793826
585369401
680935700
545955037
1816166875
2131593314
1366629144
1598418543
1747511878
1445777174
399497613
1322501169
821400933
1260598015
1944660450
1354559457
606651952
1894484955
2016088263
1398453875
1753244357
1154787612
1705676945
553210812
1357409421
1261356666
1810405925
1944070779
33893548
565694781
722078998
551630189
561682424
2005871603
1485741015
2056875436
1861187093
724669849
1146390006
153549958
1586284059
1814185755
1047164179
1059869288
1993755198
1856268645
1812176546
1638126868
1257915936
1964115284
1914440151
248134856
2136765965
256544974
1751698489
943187900
1582236793
363779150
150231041
1639820862
1811585683
297427015
1661394536
1475588258
1070696650
1433118337
243305207
421750161
1658920827
702150388
618930851
2107510336
330943534
185330208
993517706
1366729317
1134542507
748613436
1986814726
1171872679
1091589316
388837691
402334816
1762731756
1695712727
588323352
935866276
934270104
2024694711
18137415
2040339678
970092850
654681926
1680406701
1037982010
1353977489
1562934011
211952773
1762369085
2042752171
714673408
639930585
715237919
1537732374
1849801820
498431121
1945627347
425328160
1664807904
862005765
806209693
1491981328
1711117324
1795347491
112557240
1963923320
835584850
1279006217
2093666296
1729880777
1472605953
339220396
1855596434
1251744504
1320072716
808580655
538550369
1919963325
734323453
185755262
1694949343
643030346
1273313518
905754671
1654665561
50855077
22787633
739658665
1807833819
1664358177
1893378664
602524602
1245590209
964051707
52922934
417521880
1461162411
1281138232
1419220402
736429185
1217054634
255495963
1300839788
1830790456
949499776
291754375
810614524
362048300
1124606149
1251968996
798142466
1197566900
1290148616
385405353
697088519
1443444448
1995561024
2142015169
433087075
1072389842
1973308870
1812217469
178436082
1088058962
1183720129
495702295
1179405352
991689254
700707611
2139981576
614227876
374020803
483001252
313856704
769787096
1370232944
2037943027
1491768786
286407577
1141293712
399482580
1069841538
2093636482
1228796879
38912154
1161543590
1436765900
1418354432
1214456924
1692940580
1241488957
753786047
876058276
763560900
1953255475
1929740283
1846899387
1109363571
620514543
807334369
1067058037
408491762
15824475
1821462744
944950423
1140189796
1173319191
1780796383
365220842
758428368
1590136031
2129769749
782743247
80930807
846924698
741786970
1071033955
659752531
1002719056
1394996183
1621873382
815999903
679799979
785245013
1325922676
344610613
107176732
1728038538
574866138
246253513
581805222
907321363
68770594
481171272
1769637549
1797258740
22664478
817276227
656140977
432873094
1770978469
711781063
1420412051
1437121105
945833926
956839188
1238683980
855177842
2013424770
1730283611
1800586050
110188826
812694868
966651556
798912137
1248525515
905615768
1467606487
65057567
353352246
998914567
1877458970
1475683419
522583930
2007478927
582748072
1721415784
935389304
1507736288
216757816
916348200
1458964763
852490295
1940978928
1756244966
46415547
569534568
832869697
742586333
1621026014
1606671456
867783614
1277753721
370318847
541252523
90425369
1508238354
65046490
167181107
904255073
73242092
471710513
1676450914
1125062958
339623271
36781971
1866779908
233831086
103988392
1828699333
163733867
948550862
1523225953
706036184
1502994813
2131166077
628507826
2006455636
564165411
787761172
665334049
322011614
390406058
992075221
745204039
519654169
11626034
2125225208
1712053952
357385111
59799918
34875030
2029077226
660623022
600675764
236941001
832722269
412247584
862899066
787534071
1143414836
1689475296
982519238
1199071283
804509933
841402419
270640638
286838520
1941701772
1020182192
692663296
83165485
1897935845
2033138024
190978304
1431786710
1484970335
1988958558
696035104
918567719
107714950
36450229
586159408
1073681467
59330128
729049088
1733815881
1037905824
73519387
837240284
1184598044
218434171
1173559274
1520904070
336854249
742469451
1804073887
748206816
1595203327
1396467741
584544924
1856336290
801602414
1366854467
1090454910
650228872
1999855768
1309333579
704531444
1982633397
1763236527
1589464336
1578010119
193029583
1547894511
846146619
549515099
1520586793
1446830651
925416376
1396459858
452055343
2044490362
2011162134
209382358
1511077120
531546418
168675806
255857402
933094120
1587284446
1447820888
388460459
504647533
1198165128
607148377
1647965342
1256907635
49985906
447016165
1102887949
1306401586
818648974
105579689
656340601
1640470015
1984481919
619091076
505444617
1709854034
2038068931
1460353667
573479706
566811006
155119750
52490792
1744445874
1455055474
1721063129
1450767660
522733582
227712797
353120225
1394304914
741133534
826153338
1677373911
1605488008
304925901
993636365
1213547483
1440351222
1547319170
1913808667
372201503
2118280857
962463633
1279450627
972930578
1103736188
530368930
1853471460
2044528485
504411748
1530293927
1385874617
787052557
1640543626
1074178349
1967974961
212038433
1054573058
1026847115
1040874513
576151529
374983580
1632008762
1510123450
1683083904
936576244
2129284045
1209450707
1305313694
1861800953
304396634
688180484
2049955493
1521822030
732622440
1661600829
647787415
1768477262
1623667954
912600449
747539469
1116520533
648490645
702761990
160707430
1622831731
1890586017
911146707
2084301439
1101035409
235532864
788483827
2073578399
1267528477
313334699
586383649
547532660
413989225
69888295
2086502803
1592138158
1419779886
1549742185
1835232479
444652692
34702884
1283303051
1296111336
1816592631
697339818
1372059447
523724243
1845366695
1119212891
801794964
308075023
233838644
231015698
30402510
2021361231
1974397524
781872424
477394175
564994033
1829509244
891006162
737094203
1656593925
248614120
1601821425
957691183
525778416
2010113954
1919973921
912410425
1848773395
393561322
335506094
1706348483
1102331743
548181932
588885494
1793852282
752383341
923098651
1097161429
1697544061
1302782832
127792612
326782884
1124246009
1641546957
757293290
1840232908
735000662
830188690
780058271
51695762
1267278546
407711676
1937304602
131390000
658540884
2113404397
608178999
1789760120
694893311
1055805591
267192776
320680355
1638256162
1283476547
2064574961
270601301
1773185208
1293221437
490700372
863947724
1232459901
1473780792
757386646
1261783553
395161146
1453944298
225397273
90814003
1597559051
186931716
2140258898
980211436
1066548715
438251496
1971467709
932595600
1798593394
979357786
1751638694
2085696982
933606493
1608802869
183219906
2032893991
384482967
226932546
124343550
340456319
1152917825
344937894
1312821205
1339003157
1144922786
1263787182
1857899044
1297005128
1806169246
1605167177
1355170225
134411493
2048649854
1052783827
1020012756
2139919738
1722400257
301557839
221193153
299129514
210524171
1374175388
1726606278
125192435
1722764632
2130641170
396330465
1779335908
1588821281
1507602969
123549030
2019344208
286546668
1331512502
1951019374
854812775
172710995
1503285868
580476521
50680126
1377353470
1453539277
2008143914
1021766346
1547735810
326342559
166154675
832881625
943060229
1583953943
1306631789
392703501
950494076
1970568946
859471388
1160608394
751312257
101259039
1053620049
42010381
1693837251
1279452925
1011553064
1691796996
1348625492
1806233606
539382050
865640363
1763356163
1452702941
836746644
1477925152
1692168462
1149403613
1411118926
2013875461
715112660
1579988008
1223155301
1857674823
1823490075
658564188
357591078
1374003640
987521289
1516680207
213349159
1609108470
1024488619
56337887
1978062129
95862896
554957822
654635433
898998850
1926215305
584652610
1518731245
325406473
1613226449
1515884968
1880152815
1653979747
1409281061
1189649464
1365787878
344162763
1170096370
1301935011
910850594
1402497542
995678922
1183064630
216148837
1418656382
1994363280
1338884584
1299550022
1628529764
1020662533
175819895
67476993
214455735
879978479
78419664
1591817237
321027933
1037548667
513232629
1606469251
1764291473
2140072582
2143765718
1937276707
1810042382
128970872
802445881
510618807
625635837
981576747
391010575
414774205
378145273
1083491838
1733478353
1807523669
746634421
937764326
622541749
518847259
1482275193
1788863551
658643657
1693226561
1753004330
1415621117
372788306
1243260643
465741591
141026622
1559973313
1991109015
331543904
1685814210
1727672599
866980306
661458047
1750039057
970401687
1550338091
1113206386
782196838
1634852979
2068238335
1711386003
2016068150
1060414684
422807535
102852822
2070527166
1525062974
1516077073
813894256
1797412849
465290794
1154416031
1902966019
675926562
109234904
1959996990
1417749597
1786413314
279699691
71003354
1499946593
291856418
378167578
1458371973
1626887000
1328015396
1157217301
1739270675
374831761
1227870476
1648726109
1158216722
1356670246
1722944323
855740513
732818032
653948279
87419807
385881701
113134767
933001374
28502424
151386887
1738771761
579518751
1133308912
1490418741
1218521379
1284759061
2144951289
388332034
493692205
1755561074
1437144585
1340462286
2046183772
407532946
1080873139
670677200
2077520944
957889235
1706954733
554157258
84458167
1722102
1026080903
1048051311
937511283
664615342
1127604947
113159454
1347915783
615572678
1501271547
1085521826
1491748317
2089868741
181399655
1504706492
834583972
1637118847
1495976165
132866079
1844680520
324087901
926823315
1420563514
1835276099
1177774032
1491381425
218482191
1980631414
328162951
696711961
1557085083
693267639
1650423698
1772307634
1576220748
183842244
1755110522
307168062
22930646
995794509
978251692
341386012
1745882547
1978898468
1267310587
946224763
1083185706
883285123
1966094197
814292590
2049761446
407957748
1778069412
1777659479
1330366489
2017331706
822163906
1198983344
1474002807
193825457
2039246947
1931915756
1902852099
908756769
571319119
761047296
509302340
2122095085
643684219
1525538794
923249225
1480375000
2064574505
262937309
1813490484
99162717
180474547
988801865
1564484569
502377315
1697316848
1778981235
2070283111
1718197883
539218372
262187864
2102470251
1521580819
973556457
885466306
2118014879
787138681
940546047
130286362
1437049841
1895583525
1152401430
255821717
333336325
1746262899
1929023591
538875178
936577247
2146141466
1064284050
1030732487
1917812307
1089385926
2011167607
301367069
1309889057
1450515602
581362070
2049200287
1713976670
460251832
216443930
2083317139
1737774485
998170195
104217001
1375963502
1714667218
1328873833
552582431
1533628189
1590241229
1750348888
1882764010
443177525
1011374879
844525348
1218100813
658757240
1454732395
586041670
1242342548
67704455
1889925922
554348277
1147430853
467196311
968185545
810861496
217939410
1448045735
2019980341
240615764
317438247
835238181
1894991275
1935873915
1855637355
1939503751
585265244
1077852648
1444892491
563015961
796307845
427862811
1315014321
1691481770
345589404
1525331540
1734898541
2054303268
1580432457
103075056
1510646710
1887580136
1930912268
69614812
1785041316
842849422
968099942
1519615522
155064483
1271101970
243489434
1370569703
1255400599
491035618
55976305
195920749
747597592
2093393794
1444906957
806146023
421879638
1687557119
955973104
1714795721
1341140107
553419437
568802502
1413938317
7256117
1694474187
1247018042
1339320821
41450693
877095623
1018382753
514263081
1745406839
426125053
25803026
2027244935
2077562890
1662875657
598985141
1887411298
1240735649
977840373
2018282167
1764176404
206107899
164335882
329198732
925214052
143484037
2059557925
1848623129
15524307
1071506462
11243092
2131569955
974034431
328840736
1350826221
139180263
592988658
2036252926
1003528690
2117612939
474184042
299379877
123407818
1793477771
900427905
174538926
13067480
581804366
892934571
935609561
914628393
471455925
1692557692
1248741282
237044443
423788316
1554453560
1562417165
115256639
88082079
779268970
1818299384
1465450078
329513503
1920602955
747166628
1292632787
1334678057
1467411084
1075886640
614450740
1972212404
563782583
796021917
2064721856
591981919
148376082
528296007
1373592951
527522207
1253238233
655372255
397864322
1789066743
1926207954
461104353
1659862495
1496378935
459770528
717102190
658280366
2029845665
690875413
98986962
1521527556
78365216
676709701
386550195
611095190
1410058376
1369080787
2000993151
1097976837
369720788
1227093145
1469025874
298374759
410258768
1796606906
1952192322
1241196988
141630358
969546030
54212774
621026290
818331610
1214093882
2033744627
1796220337
1897578080
315148963
1013947639
1135229728
1561318548
978153543
839279416
1096551216
31628758
1156074897
1866239470
1888107855
62867266
48185338
249640847
1678152938
1813692915
1353936887
880536197
862051502
1574911452
1800824489
1970149452
251486671
488662201
968146079
147556434
1784857600
2050101904
1835068060
1976229853
1513054869
1559319156
1734110551
1695457220
588984497
1310312056
2117408854
1339094741
536691427
741496189
478844982
1326387165
1708826295
1944728734
354724998
448437314
1365819075
868490742
277552135
484251661
2002127944
843089965
715938849
433361002
1381313637
1440072989
1166024433
1584366556
1798967539
825161860
45988694
1985350785
189736409
2034093915
1224252812
976189377
39796159
986630096
1570784985
1166770324
1235654711
1481861287
1274796350
57908331
455227026
1663875368
221258742
1401483837
1138208163
80268065
445638139
1564725084
249745626
1291689944
520701285
430635470
670453900
472001491
124467219
271477555
1468000657
247421816
890120920
891217438
2140526288
1179267872
828546541
1097747439
809195896
141487621
718048918
1537552333
971336380
79854166
2079172234
793832854
1780362014
1654715647
892650479
455842611
1272594228
1701549523
2050589609
1441991407
1196621054
425700423
1478981204
113881603
600172144
362534249
702016404
514545410
48059401
280501335
659332180
380330740
1307413708
649514252
726655663
162227552
1401718421
785894157
1498667649
271481080
1527245332
1687745980
1982676284
336554689
2731825
816626188
468353739
1093725118
1925523553
1843278628
384809174
1414526301
1299568617
1941055929
902917126
1208686980
1354255887
1947001903
2052654382
1784892866
495333919
1430560861
209479015
988107672
634601053
1336106769
1857453551
252055218
1454297042
1858998387
446310106
2121056218
363315726
951398461
2138182112
435407486
1416831873
1394611575
1600217667
1920617888
998145559
1837643396
162745418
1515557695
674642798
7849826
935523115
1609214118
652630908
1568685527
240918070
1103327895
110639420
1943377285
1263241772
1281127762
1243251112
305554074
813921741
111869597
1144125654
751291540
1900552067
906824591
309458178
2005688259
551762054
630453832
353240126
1261997374
1841367046
469105205
838712298
154933578
1218465282
341936782
265255702
2124015989
716063042
373189106
1537055302
1207670951
1457725660
1501722644
77174517
2139468078
573801578
1681546416
865819192
473967872
961177981
1146333933
1358614694
43543507
1691282169
1285862691
1366307876
493834561
2000654719
1852401154
1235764719
1183282096
1723616252
1411432981
849746905
929979785
784263629
2011670964
171353580
164048433
1940494330
54057321
155811366
939062669
968956080
876341359
1226369587
45604803
1975745689
1965645109
1856405162
1959134118
1947845422
1197292686
976401212
1452623357
1646662003
826525532
1490387528
693924488
1952666606
622553588
717825332
2074709725
954371736
570407509
472003555
159156867
1332323154
543262009
1651601866
98940740
744674402
207979698
1558890617
974106519
1540423752
1986635279
303390597
959585801
156368437
1711820378
726674187
473560420
555583158
427239350
1573923529
229188157
1527175628
516230852
457995684
952070140
542189183
800484460
1904754412
668676655
666615834
390135639
742110382
64168498
443155092
634343448
1301506828
156829854
876921309
236171002
776250958
486695581
127418444
480592249
627932576
928163474
322295710
870240236
1764010382
1710743439
1953913237
99844335
899010038
2114252021
1969293685
900996231
1136459420
753915522
904660954
452433118
1951303846
1340966385
1928641077
552413321
838880066
827126707
856917518
1187388244
2016168984
607648075
1456455040
1621248774
1055631482
1635910107
508035808
162844584
1034757010
838493664
775319234
2007079489
311844547
1311202749
2054900576
881969778
1333927252
1733533331
584055268
69138839
227814046
2054812168
1543580169
1349444623
540982794
1999541007
314112746
778117696
1796190089
1389199944
841248624
1980775367
600097375
1253375313
811792168
827358185
452400970
1410992410
2035004696
1499363550
1230070952
2124904242
612545684
18707270
880474428
1971383566
1665887846
1832721783
1197057960
1326328624
724927708
1185258925
588442903
797676286
1952414228
675803836
194062669
1731101737
518444203
1150563942
1585415606
102998066
216675780
1685052795
1815472576
1199928256
175269615
1556339268
1043256816
1960812404
90027166
1258091474
619415156
1657289883
1208161991
1120700352
31748227
1016506733
1196249646
625897108
1077791150
411295605
2042857189
332227287
286530409
1058247489
505983169
23879263
1906814899
939543312
457188393
268832185
2104423654
2140170335
1639216742
248075431
1138009990
1044541748
2081828058
333110235
93851916
1116155314
952705853
489199339
1405889857
28258658
349379019
792881435
822248410
471758425
334224251
1637249652
1546932153
1851664889
1746260746
1892838120
107536182
1326863747
1128805381
961500869
130661608
1301358422
1957537506
883391302
1603161003
1997142159
798863703
434495277
1117720739
1493000064
1653144100
249463814
850242954
677140740
1188571727
432131295
40980911
1571404137
835439753
987844585
507865138
1589361188
1991885330
494168227
1166128240
1181567158
817940697
1086470032
248377383
1917949960
1255436250
1090221975
1030257621
379190386
1468836853
1416466106
1689616547
1209041148
864306522
820326946
389967682
66740730
724985376
7001354
1707639740
1329651672
740820622
2009492295
61685696
1664374818
25580304
431439928
1306077624
1816270581
1727096409
1920373211
1180826514
1254838871
1787491357
1218499216
912265520
1560838707
1503400444
358671706
208765613
1882862140
2092448435
588643773
2026214729
1942759824
1622992980
305730666
1634419838
1230888489
832863072
631239958
680757926
1853074713
1818852597
25882734
1219413644
1248671387
1209802825
780909979
1481450236
808713134
617641275
1908442974
385312426
1282748077
558597906
1703985105
35743343
1590428288
599282207
437748619
2109548558
227602336
644085845
1833216035
914016736
928754961
1673483131
637657958
1173901576
831522843
1728331272
1199879182
1497966544
1372911227
1954688821
250182741
48347161
821916361
1333461823
353519069
1655225081
864773129
72656207
1362159553
1639930251
1502602959
1987726840
1469387148
2075339583
802976907
845638201
594468361
1135817483
702298598
962412674
422982714
899602628
1336493916
1921782239
1240039993
23368216
1907582558
956686243
815621012
754229883
1893158987
1205380557
1617779348
727047169
299817953
1043700209
822983967
2096846689
1495654753
1173345536
76093151
1144818892
1665124371
1885899340
1599061307
1813028191
919338854
183279013
878821693
2111153832
1437638690
1054950433
926937799
1197212455
1775442442
575847629
1709787221
915142840
527832066
18587505
1015067720
633078272
1512530266
1332251123
1480120639
2084496472
83987746
685290943
730080140
1882837669
1681164338
886685187
1128911376
595475187
877672889
2130557827
1143068311
160396915
698973420
910720850
1369373781
482892368
631326963
2143050961
661774043
618532888
1861397136
2107378903
269432750
1460701374
2122423961
1876135857
712959698
1902377673
1525013575
685828080
1167807111
1481064644
770519331
792004707
1119466443
768276134
1745298374
750637445
1644595637
456850522
1032685229
377808749
1869983911
396418332
1108632930
1225533138
1019791989
576972416
1286729507
902498859
621324452
1534573050
290650880
1591526882
1883482389
1779555143
978536632
835405298
408759400
219049047
770361971
294738834
1578293056
653384448
1348530425
208442537
747891102
583965423
706597571
200807887
1281347372
639269088
334876075
1855037385
445742549
1172060307
2097569465
758449103
1938629176
918668748
1805709353
318196467
693739839
996754510
2080602970
1217892689
1455784466
1088329791
1440575838
1027472988
822503789
468945984
310168598
1060815317
713795425
916055833
840119888
189978591
1809479495
1405947298
993669545
1771203743
202993887
1514227373
1938241061
838070884
112106715
834400586
702433992
1090495985
1340576397
1816563702
211130115
820857961
724802199
1223312809
209944485
221327374
407498214
497132415
1593112075
608533729
1309256289
1553002061
789393589
184079157
1441940019
332942938
1577058531
1379559243
2018744089
937764870
631684757
1714043778
1588135988
727301753
283643947
1937604536
877413444
2065033006
1526512675
111398016
1808198375
1348999928
1656928517
1577134570
510063069
2022765506
1953727332
1270306294
1902948431
380325046
1211714650
700698049
1979273042
1120324864
163372352
1315019198
1773449509
1440361050
1712498366
1384200268
563556325
1288271005
1040651981
1131023499
1734188096
851272388
798968802
53410523
22495615
126679433
944936254
902051413
1691034118
1411836828
1194752493
1233050401
660896057
894607715
1138853358
186642195
1569246745
1083374408
1907315990
771445161
1320043988
325749159
930299110
1856191610
517449301
1609115204
1137666957
1721637058
359374128
1276953932
1960650653
1666445403
466164047
798793673
1404984714
1995389433
1405568879
1076032353
915965484
1469107892
1676851285
1411647414
158755042
1021301320
174494769
1418404428
2054739696
325543265
1764805946
49402058
1371701064
942832103
2044807555
899773944
2068318281
907554778
1844292852
251002766
945605454
1411877578
1879637743
1587099231
482396030
879308785
1707774488
1446877661
1715513446
519042300
465361986
203456328
696538672
792100507
582093396
1455694487
1723536385
69108312
1862230404
1079728650
762603400
892938504
1001711492
1640737211
32794150
1415465418
2050922507
594557152
480644173
1500619244
859683540
431279764
761684923
488481094
71764377
1405558272
897760504
440686906
2101214286
1887413534
1278316101
1232304919
1016481965
779973870
780651802
1437236691
741004181
799601114
2090743719
2002253019
797741843
906747080
1154214448
662444185
1144191247
1853713091
1810653408
1808550266
820781024
1579205687
959588136
195612782
2014047164
1453441334
362015913
580277840
1006415853
1250037599
549407792
1864561691
1606963613
1483099019
602521604
1195202823
211812123
1545948182
346449821
953974530
337017208
1333837717
228718586
77546772
1953506922
1860842718
1379210165
446757437
1049413747
213653018
273615742
897287567
1081969335
1914574196
353545524
2099854266
504393864
1229717539
480059245
259668936
569036648
1054262845
108064518
1616672311
1448429133
2021299586
938330009
1540041342
2001921350
1665831901
892454168
1451410928
596720623
334879271
1908752557
1293506613
988686110
1766473931
165938542
1495301588
1680152322
1057601451
385440738
1291804214
293753528
50640643
713762689
365861881
794952606
1272681055
1013367265
2118302145
1320251049
1658339739
1673222607
553998384
1709230143
142267482
940270863
1947719815
1233699484
832615803
770357169
214031620
194328615
1905888865
408075403
1608013350
1946159602
781003357
903370635
240878155
432476490
1547705982
1972507010
1220258331
412940267
1767404012
765424380
1060509130
2010161457
570873195
1856337216
817165696
945930107
425869608
27506205
587803330
785791110
1914240367
1185332462
1824379262
570744568
1841986874
149136166
418125913
875726807
1635012358
451953894
339437019
1201411901
1488571013
228527941
1168343551
1907077136
1051993277
618140788
1713823377
31340028
598357081
2069025113
2049861967
2097414195
296309860
65239627
1265751019
504369151
814366148
1138567105
1818038965
1383555239
459972157
1958397146
298975253
1912826838
1050470676
797589545
494558241
1278642597
277272250
75191760
1027525884
1711526861
88501262
1382026710
539789018
1263100598
1055899991
1853773576
679741156
1944090499
365327588
405024743
1875178258
1798462481
926586642
1737767697
884084279
365123560
1270893441
1033709825
418324545
2066651184
805942910
1303126741
1612903881
389451886
2135175593
1444450181
1719046379
1914988762
878705345
155692996
1097101726
694115740
872071676
332767757
780275111
1548641995
524208325
1391398281
1281476584
663451525
894685451
297878663
662307884
1000863987
281622558
176374318
795729766
1449507293
814581883
469457956
324947414
340272777
215611078
970475457
642706834
131014628
792114621
819307394
434226394
893571452
902250293
738642984
1917152428
736217808
1959408689
120109278
42007166
1639802746
1507110071
429346932
488832204
1677902853
1905481614
5858787
1831868994
1896618766
1371827741
924408795
1641915167
503347819
828708400
1670628005
2043679157
1262141581
2117570448
1907521452
2077161348
1356610204
713818429
1302684061
615232062
71505729
1353428630
928195386
858640694
84036218
1499959847
514616396
1241121103
1013714810
1517040019
1965742149
1339872795
728543123
1819996714
2075187977
402418512
1021926781
2096683208
895513233
1325508855
1979455654
2042001101
976341800
454085873
1811869720
776269580
799675535
1194053819
227854718
590902825
1339396047
1305774075
1009489832
1374795124
1405090995
1634170553
1336122788
2126684884
475024720
1543753141
2109101380
1301816278
1062788710
1668356871
379952018
1384683995
103621426
2103552712
387150023
2102469798
1513967248
1861287480
264390511
467652734
49352318
535720884
1609449164
308081736
346664035
259301934
843284975
1845988272
828639295
509180270
70464595
1034958668
2080276023
17861754
1702272545
1317518481
829225950
1779156267
717078641
262492323
777061723
1228321054
631655967
1230170248
1646288467
990956921
1277288762
1145687522
1231803252
1174899284
420132023
232679225
72013388
1295718855
1662615405
519897071
1946596301
1678152509
1806482712
431139298
548356508
1375500679
378451998
1943651619
1579006016
1898684933
1738158158
1004111365
1173213429
3254449
1010433168
49574100
2115727311
994688951
1724491209
1084449751
653252968
1286229712
1092378882
774171571
2045660271
198986227
729478810
366218947
353709927
568008193
948888836
761104030
1462830678
1402414290
1743946205
1647053179
958569623
257333967
2127401958
1789469203
100418586
1960512007
1483705728
62061532
1538599529
1391690376
1895749955
1802106793
2046996310
1178957230
2050037388
750747648
1349293811
153769157
975394358
1710297355
899030390
308824438
2091838314
1071758361
2097425938
493674461
1457337666
1423158427
350822303
1427835506
1649077764
626031366
1186781709
412069827
22820814
1297331732
852951733
1106432806
755271069
65019266
1857110986
937016204
933757177
1993865210
1557756682
1243413797
892317222
1297243153
1511688127
63322832
1262432159
558863953
1880469740
538087281
579294250
1655087899
706638902
895458004
397275052
475140441
1341192341
1431316275
20820231
2033271603
288556910
757911444
1492128951
2044733438
1801573172
1668362751
478777178
186805337
16207045
1808865793
1828876019
985811822
702955749
1269731296
828891633
455257742
32635533
897073146
1773162882
917988355
1107762437
1627542816
1612896673
268307030
1868078157
578665559
1826096497
1515025802
325051735
2093595824
545457873
2050266115
299995043
1872568192
880756159
263985542
103789692
636632080
1111839206
1426322695
1993067051
1028000251
1094278442
487821786
1875676703
1585893008
1684242539
1082401866
594188125
720858325
1510615548
1363840402
1972671983
1845475895
807053644
643880256
525365359
1510315896
622556532
767305140
458187745
2032555720
1141613211
1474334979
1481672967
257185757
1783920135
1326513178
1679243139
809348299
555441195
188750856
502290173
232721254
778394791
10874813
236872096
1822119581
1246991647
895700056
170475722
442274556
867560425
1821583492
826878412
978790747
811348809
1965758060
1607288972
508956791
609420336
1178074609
100728123
720449425
1080684189
1789961844
1937784932
1761845369
1830591947
1908126307
1505541098
1976905132
2125050787
928043852
459292403
1271189903
1721379365
323295171
488312087
1526231022
1820106986
1781045834
262776505
1258341303
523323865
1558664590
1470238024
1343626986
1548205497
1777921027
1431236431
826365770
952751241
1252035455
1915118879
918098117
805048724
1306928168
1078978060
1032339152
1003743551
1433814472
1205827917
546624280
179232094
1581730764
448884335
288966434
1198330371
1236903831
1000984657
162239601
1604225964
568588863
2118274938
862983000
50729162
54017875
1640326091
1713034898
1811759004
1062949415
74358512
2055512277
425410250
897010887
726775869
35046147
610073351
1415879479
420111146
2029283133
1973818324
1784676259
1149787364
1418371042
1493621194
1355057775
391947990
1137522581
1442593273
574764681
688549361
1807220291
2090211316
1644090386
555031553
1893832350
1785174263
929806004
11010009
361627621
496705137
854301670
172503848
169249886
1314485374
1391404129
1379763920
1163783134
422076262
697249393
1999770119
2017314483
532696945
178230272
1923977586
1630015023
213606782
1644010937
1367215857
721885699
1597821190
297734595
388440655
171801705
1253234367
590396393
1417728011
1423617412
1622532257
1152293793
594250305
1765917585
1552849555
373708894
1683197630
700485479
554092699
1146898701
113252235
759802403
1061222159
1109137978
1123940286
798227790
484123721
1999324011
962028268
404722013
1082162442
865156251
69336720
1406116366
1687711774
1407776042
1664598895
1644158796
1704798423
820277087
1699471116
1478541512
1313912747
357196728
1188614131
1144815323
1605140188
901566102
2124346729
1979842928
2108464278
1331461199
1088769853
246763284
559591831
1229013404
1530564182
1633083108
239303849
1890402959
2129458195
1988906110
1962025215
1146388820
133616856
1578087677
1496546889
1135089759
1356343212
521451179
149202046
1525371073
251846025
85873938
174265182
1854703013
1268403286
2131347680
1533225800
1269740247
979331090
1302959022
941534295
1707384969
1342682769
711135907
1314693394
592628975
286028039
1204849487
1282020446
1214205571
1763418003
344564174
1474160106
690066103
1529299321
1849400751
200115379
379783651
702423473
913703152
2100799614
1360472171
1197388388
437381079
227271072
1518982738
257282030
1254496799
333254547
371820053
2218001
770720808
2030744999
773596422
969065616
569829264
1490858075
12473329
1333326744
230729963
1670505306
2128960711
70143463
2080144085
2095347082
2061563668
1199407378
10807657
1255664851
637351688
321388980
663214655
1208578655
1681121259
162656434
20003607
1193173917
471727333
1959144654
2124923974
944181408
1100256573
30538094
5154225
727713695
764702200
1807731752
2096401755
460099956
1958831292
1153216134
1063649963
1111050513
1055661326
2137498215
1826052489
775383346
937126226
635413284
2102371304
2006062237
394759359
1143561130
2000754907
1388777223
179027718
294266979
90277012
1162285902
1027901802
1587129746
995261635
612172962
196819557
821478119
410379470
1677761773
1681833701
1399250893
116340354
1122210908
1797342802
1435494512
1524972786
287357
534641805
653237587
1027721245
699991894
848344192
976902511
1288021062
1134827274
1239725111
1173597383
13918386
1998079626
1522486043
1155270696
1234935145
125533760
1016962966
274223089
367550361
1255948555
1110597522
2032176177
1205084951
944496600
2102721223
1444699929
1621593721
410704770
702627932
55078271
135048840
2023122648
1513761985
558915886
605824024
864400941
259743432
1821090920
1138155396
1340896743
758167983
1508812630
1126968634
156065098
908569099
1712116723
1412377308
1688665265
253230103
1873236414
1374145078
1217186108
317695834
869535596
658544137
20593921
377163080
1755643263
671011461
1252994630
856103928
398282996
235786073
749200196
1111071811
1413616812
1046172523
1572976072
1485147534
672174857
1478838379
2008389122
848009908
1801042264
1335326583
1629769331
379228632
2111637375
974611303
1434393852
206049342
1327652030
1492575880
966334553
1913493657
1520279374
575006812
463077784
467578960
956916347
388011646
1551382030
1478819983
1699207550
1343755044
1552992656
631323754
2089117298
436799036
1182292606
125643351
711375256
1042464743
1533343375
1098339625
24647763
1938092517
488975523
1939181639
1613979801
1292570150
281937998
1183007104
1396793002
1756239257
2097948031
678556924
1368056098
1958914304
400915171
1525078358
1774635961
2053706991
148739506
193912234
1350224339
760767724
105503030
1515416435
447969625
2095304640
1348240974
1786090521
1296968681
1193604517
1266370592
180114327
1377035266
400451943
182056303
1803571193
889363346
1043573102
834180265
1294466239
2084734763
1941460936
1267418834
618048445
161814576
903281730
894135467
1791715810
1351920436
1349782592
1926260483
1343959256
690216446
1908630475
1389158086
137741218
29279460
326129057
872793855
1733011975
411559564
36765161
1584254238
2058722560
693545456
2024726723
556163099
1584373149
1909776090
1316156568
1561874276
1728339451
1337343635
1170623943
1578919834
450224059
1330871232
1910612719
344994642
119101194
279008554
1339965677
142127250
730875286
214470962
1135898668
2066774893
737636426
32317651
1996881313
709792275
207106840
1921151740
1380661535
1217612910
1048506107
2138816714
363745065
1724848093
640148198
77692316
104697636
864061359
994839699
2110629198
1210049640
634162390
405948669
223733364
42782851
1791838659
1269159932
1963395120
548062038
721310683
523461866
1730563750
66431282
1966543781
1927999937
514191576
543622304
1264628990
973780571
357183010
958055705
209848729
759439929
1411572582
1048537265
515005573
1339568001
2048321306
1973328532
2142676703
814070778
469250809
1138395079
1074281630
1556335081
972885907
352950691
692430623
467597668
1271341703
2125198318
1260113722
247598940
1719560341
1963213508
1790676448
1063232478
536831059
940807566
230668901
644236272
66475330
559374870
1877517171
306383979
1877233194
1976033481
360114312
832324538
170033608
1601599146
1516815324
336776931
1590469472
1291461695
979487636
1786543997
328605225
1687560138
1006713437
1956564593
1711511687
1980955491
1479957796
1495077818
66733579
604798519
808607582
991112458
1743915474
1130557262
340593778
1315707591
458368778
780210057
455279417
396927258
1072217624
1226324591
1436840678
527664631
1499474754
951592933
1111705722
1330340754
1584803561
553775986
118870604
698449718
698795924
75029225
443283786
649819859
1568025218
2028006589
1993779786
122035514
204000913
1259444179
1879491621
1278710424
1417240639
1822290796
1977118505
1416243504
95828380
2122331057
314698329
2030076589
277047787
597609413
240387272
772140497
121654258
238682262
33324838
1744804046
1032401337
2048886846
740941077
1886495833
886900923
459819034
1532342532
1457040500
723656759
1299255552
974339768
1165672401
2110215673
702385906
282314583
1069820258
1735983522
962226112
1582402474
1000896070
820841539
448797645
979451251
1175021302
323404902
185077357
1038818243
376159991
2076595616
438287068
421842666
1066168715
494042437
1199459357
884418710
1690938083
1945260230
697643682
36650754
1808899436
246830273
1685475954
337571301
2056544180
588734795
1408537836
1583168771
995147867
847557833
645468680
1452203763
1036996586
1971825497
503487575
1030103845
2089644448
706674498
1493719976
867803202
1606969237
1577621587
105423200
173713625
1174619102
6080443
1262274092
49715531
197790834
2113345129
1759545370
1829214400
230530348
463059648
162767208
1881782225
1122186206
1382176288
906262817
1605140795
911767951
1788131112
1233443266
821327171
20880081
891686906
1440940376
711812213
1943950101
153142049
1173008437
852921199
593247868
2097828102
810393868
948450202
1978916980
1578441771
1005353806
580082846
2024118989
1079395996
1614138563
1813399437
716419435
2068118963
1852584446
21386069
805892634
458138009
1196642768
790647621
1933242158
573370396
877121483
1453011773
1732318774
1645832239
1913067513
800528107
490845894
1162252331
463674005
1898330719
79850754
2021826750
1208440769
1511154904
1838862106
1318251565
265266856
163997620
1086480239
419926432
1072278582
103362050
2039187574
934033745
199692645
1864827901
1786187789
784268310
2090344531
1735551244
139380707
1814367319
1951226680
44037423
1402593793
465885832
417801462
1865129791
417602078
661566550
1426165331
1495733950
356925868
931237405
446246499
1052013369
955827032
1407247264
1367361637
1024526512
693205538
606692191
423298181
1906689203
974454287
942909587
1199597496
1058637236
614010057
1008104164
1708193165
2041131059
1385931435
1741992683
1026463630
1038093059
1072894385
1863228483
674573227
986053676
472828633
1141340931
1193092313
1247692552
1938392156
1230040902
1619853892
1234169825
147702402
2090658129
563741889
112077859
349417794
1444572860
1633428685
1752449194
675384953
1743830676
1852840923
37027714
1702015215
1287540465
1647368083
1956193857
1923002676
277088182
1276528178
1247454116
78481951
491191199
523342525
1872283210
386030979
474566466
284329104
568136353
955390309
509694744
127294525
545369263
560997845
1237570585
1469700900
906118506
1327189465
160696866
1445282583
676841264
450245889
1697768042
772264205
53330967
832881570
942135844
1080200777
107707301
2055377133
301528689
1878752750
1745407409
435705043
2122905078
1372334688
854732436
969937069
183954306
1491052909
1139564720
1405085094
1534992446
896988511
350702437
1560731291
1845543379
1941257232
2138733000
1104247514
534290424
1190028061
1286416716
2087871463
972886661
365623169
1077887316
2027557567
889517973
1494905444
1464611055
1260439471
1427495089
222656539
1271937899
1408046255
1911101492
2117351512
375347747
1310112590
912467439
659524046
1457538955
511255356
586696645
1513089138
2135278239
1022137856
1349253439
1622720600
22807300
1070201934
1708361113
568865801
330320963
459197646
1826092651
1450386080
551969463
1968893248
613302513
2001314038
48673705
2015174075
1066081688
1178863295
471271843
746175165
1808983322
1656702275
2069652570
1858113531
606920843
2118768698
571672732
261770046
1522654066
1831749610
2037615525
282409966
525438692
595339980
752732487
348744532
866476661
786631120
999902908
1308636981
1881710740
2068221458
1427734264
2094987117
306599207
1199602896
1149395036
1266965287
1585218604
1086952746
1918900640
53645834
1829883945
746154928
1468860063
1806556576
1672571546
349034392
1443186387
1953297091
481696748
2011378093
1691521624
1015415582
37143965
1508362125
2145265687
1377451926
960805622
1330547161
758918716
1241480279
607934901
1982172328
456500785
1597106411
1169345824
1572410271
565664715
216759736
948617640
498080152
341858658
1099709281
1569619685
908926047
1268890818
1735363416
1277522805
784280929
154948417
1467864355
104077749
1183038785
1929255569
142762130
663885211
1741195112
506589715
1628163297
1303902605
1767948247
1322447437
2065810856
1714935743
1547006214
948924469
1359987861
1647524806
295270024
1916068798
1851001221
1329410905
989216947
2098316802
434040180
2058840048
520682625
117016850
1754660945
1341062011
1388343612
1481262229
1943846779
564092842
1715577636
1597883630
1347163675
859795404
163894365
1498557101
560984491
1013129907
276509886
147041894
1726918408
1076194051
1486140123
174749004
1396364779
1001546237
1010780073
1585039141
218201752
1562260435
1776062823
265172861
731707302
1313261992
157375678
1460650689
1270561166
1891614841
1022722499
437930105
864816466
801021166
187753919
926639190
473458286
986500667
1542955429
1586857678
717582053
133403219
134974265
769740623
589161233
2133230361
963190662
613725148
514605895
1064630796
416041568
203878744
1353633443
75520183
104880304
1786678788
446553915
1923786787
570739877
1763145237
55153306
1396162085
1889835473
1181655581
156582411
1013114102
10875251
244233562
992227117
1150636464
656809213
926497311
236381580
20468110
410141250
1968965527
1828095666
755320833
901402814
1527448960
815154482
1503194761
1196724819
22195131
1518895786
943363413
237116490
1634682245
1346195644
1769967563
901353097
691855341
1536251329
580198622
1822482574
905364057
1532067004
1121208698
2133068508
390410938
1074093381
539917785
1279803920
468275088
1919321408
683042669
1598044668
1906245694
2110333112
528699532
1713186685
67875819
475073376
214030886
181992277
727486211
1236345906
213873770
1836310959
1390796876
1911080984
1772673556
1283820861
1409009418
919112857
679914728
566347809
960102359
248224155
1490130611
670887763
1321485991
939173463
683587191
12407687
230081650
1511726950
715820993
600038857
269863287
106802145
1874805770
1980507606
394805542
1919758811
1592023949
1647752870
1980858025
1989330381
502813324
435385523
1047699732
1470973971
827786333
1205833465
639869516
1836334883
1792887544
1717900951
1991133189
737836322
1244486076
1734241199
1743774509
908842154
2006384814
1521343704
1283331946
1781749601
1353570239
1160734202
718283666
1187994675
1471036566
1879820498
363695222
887136792
129102023
859217091
1181606009
1470909454
1890932761
296422174
1952901025
267466427
624965418
451262849
1609945586
61511702
887541307
485334687
877193103
509245466
1166213767
471535800
887533170
348576128
183594280
1882546868
1088639225
198782135
1594271860
773687401
350666022
948704386
1956020174
1151396142
539815477
1707797011
1825421722
911500612
1589931833
845297610
1312606365
2023154571
2050291846
732455960
1011055116
1912719548
1394731293
1464834446
720004714
48877353
1142918717
1941137851
132296533
862255486
708303246
950800201
673160880
871057764
471817949
1334644119
897015118
797886286
1186916934
537312755
446737650
716853638
775834196
2072111235
231223246
1371178099
743293936
628807753
604877784
2140814437
1727220821
1863882048
921621947
2048001065
886005339
440124275
1235009657
1377856944
1325492207
1699652718
235759032
294722109
1297195981
718868323
276906639
372818624
1752815269
385556537
1090554360
174201375
782298764
1200439614
179728933
1342169249
670339855
702730823
1784367308
252215201
1995647676
1450891686
459754917
454728113
1868579165
409172427
718342895
35972831
1152465810
1337856377
1198344149
1468470677
1704597015
1730180125
61296848
1571457423
1731017555
1251080976
905575855
796788696
2067074627
1480298470
778334795
1150005688
792775216
1184509324
874800778
1103628484
867671449
1540080213
507742600
1677348669
1181245714
1857882330
1016092930
683913566
1202825018
1616508315
839632008
580114019
400559953
1997380373
507559107
740865465
615684949
1240726597
825703409
557868149
176377441
848218027
1003931003
289352942
1251919386
2111830843
2078744332
44534881
1173435811
1593345076
229614242
98451635
1114221255
659230945
826357742
817824645
1283467715
1916135537
825199947
686116903
1727087978
1778673394
1191366718
162904798
2046773708
1732652710
815843650
201139455
411559807
40849262
1506263041
1225699251
1664169533
870322603
1000868904
364262577
1832737689
1464390102
1841849694
2138519200
1805878208
1008658805
292626217
431277489
723448998
2102383719
67237495
484180143
800124918
156899312
2044301915
991417052
420775891
316750466
13121149
1483819249
1970008979
38040607
1545838690
653701424
233495116
899791543
216621027
764819124
1625389773
1933924971
1311990252
258077968
1746924883
170086797
348063022
149756326
103736798
1895126269
2057234426
1452281082
189013372
619429291
1894856828
1823706833
6648600
73870556
296886726
1170691901
573606293
546875068
99258716
1793929740
2054219947
180056410
403624247
1959362103
1484622023
429846068
287876368
57460285
1514852492
1707197859
345408646
634815481
645030871
536398841
118970581
231279510
169323500
404232225
1440230114
1659340661
1315849485
695697589
1688404055
158040927
1904072397
2090952432
1215125116
38341642
162882994
1680313880
1625423110
346736283
1473574070
1577977286
1788688999
2019915487
1298098233
850632158
776041427
1260075358
1750298839
1041590467
1871772172
386949901
886502991
214226851
1328092385
303687777
1659322767
1015105027
1260097021
2114388880
2121999251
1180485828
1971380210
1609483554
886074466
1601941764
832745109
796119464
1556710638
842421465
217877584
408936153
1042253071
123255718
1384616718
1120380534
1099018042
689384047
803402364
1553843059
2039145093
220055578
507259312
2144661841
1966030439
1890195531
790699446
656781286
457128222
1405021835
471798433
1006638707
700577483
2100403927
1152611703
1642396381
1176929
453292880
1368938251
1752874246
1376782976
455181207
893795435
371765280
1229131837
1373583966
376511312
1538796722
410945833
459206479
1974548882
1178262683
1114204194
372486718
469438421
2144106316
1219256352
752548390
1549593547
1484557260
1488857974
756514174
1630532178
315496279
408836710
1518398217
1170655818
2114642959
2097337710
1158310112
778792329
249845038
815023781
1453986701
938064494
1372498031
1452554590
490895034
1988148311
2110599304
707621182
224768788
265284843
466305129
1022475200
576543106
513767278
2002380406
791251505
1345302311
1788105361
800646209
328302561
895653584
1536904465
820037139
1961632374
986361074
1344299525
2114150235
258576383
1533851200
1043419812
405318882
376321490
495942015
913412098
1504022330
73291473
1301656980
532950871
150997260
1632761713
1280069025
628927529
470469369
143896529
402376381
313831064
338855616
19706268
490764638
1944066386
2107544044
897473890
2066016349
873689300
1750370561
99538474
53371505
1514203736
1540974002
497268794
1737750281
591373567
661222253
2082016593
1354334333
1117960178
1222284043
99343499
1071393974
268140923
1223801455
1980166866
1110439303
1520473091
1683324784
690079110
1747907970
1660444477
540332174
1801988902
65602273
918291400
1906072458
1346239307
356327957
1619565463
681510916
1623675761
1043812698
566102943
1139606791
2112172391
1376690627
1050555211
70885643
1669061463
1484611527
253439796
1102579371
415098434
1532494782
1868422603
2072802187
1106635275
2010683905
761722143
1114037634
1868080092
611187104
807373327
1721825143
1373035076
1888735317
2018686512
2117551878
1595415462
666853392
87805651
428310868
255573732
460419724
890721127
241478252
1928372181
328045543
870919352
293011112
457756813
1232332537
1480657691
373311201
1441622320
1435826786
667050963
1260897801
540712811
1756904020
385717890
1654930584
210129344
1180768940
287192653
1451164162
744291755
219282510
399207318
738480398
1332053173
300658636
140673861
2073570127
1128500973
140282907
1945257190
646550402
305352594
1722614675
1757797518
370353247
1119413323
2022971941
1128313083
1277382971
581574538
1325182669
792214846
356305322
1239139018
2060550567
1352088047
2019337022
165771566
836419603
276314359
1155786899
1320824378
556862007
446018023
1506984531
466879799
2091019302
191525559
2039566907
867032535
1539270850
1937164188
2066419196
1201887888
898549934
823735034
1835127876
834073718
1651214457
30208618
910102034
1706351504
1153105690
1354901302
2057073573
896308358
1804272848
1944660696
1358693979
1376086502
1634444571
1646576020
1528892898
1461100331
237759672
1707223884
782810821
1216647025
1994746088
1330287699
693108176
1117812704
891172172
1379740626
772280876
333520464
546119778
290001568
1415958333
1745410324
484697448
904535465
490823142
779859467
1005364228
755245400
1781084030
904736677
1725109579
739976106
700613765
562711854
2127632437
1368162462
1599090405
154594630
1964217187
1479640225
452629315
953819531
2026916309
849313002
79823005
1555449307
1118067818
883905876
1661671633
1837790243
483319300
1364322146
1479408803
858087055
1516443780
534687864
1427351200
2099281410
1613821307
776245139
388895648
1376418115
765413321
874640517
557605504
57070220
1401480978
1090156950
2084866093
2001240599
961868079
2007392784
1282426318
1593245334
700734095
437614517
2003179891
1343294018
246979615
2047983301
587445791
1219084078
4622919
387988341
1159694895
430520093
878796308
1684508137
1251340158
966680435
1284281490
560866433
1176412748
87117707
1750937942
1045576353
143081470
1736065297
189134890
514298670
196067515
1066810107
536499546
1811519516
1332841893
671773794
1180623479
2137396920
123587424
517148519
848839424
710332147
690800956
995071810
1716751481
1999343722
1293311045
1996742028
516312927
1837430209
874678803
1201078306
176807142
1627751793
830205818
1067928567
7103943
1284369416
2038638715
299295120
846380566
186495034
1243395465
584211298
544051402
2034028135
118688352
1930307648
645184707
974436846
649778700
876265905
2105697856
2080846879
1022303958
1993446106
956326695
1215148717
435003649
1071994355
1768809802
770216793
2215835
734316846
74711413
1544268443
32363859
626015522
920491601
230145019
429286086
1613677129
500529140
699810681
2097664595
209815366
198707988
348083231
489408989
634510113
1955161836
1757694905
793220203
73471245
28117690
127613490
1611246724
454901598
489374266
50920652
1124906658
2007656465
1419145591
1626564355
200288175
1136482376
1139737014
5863058
1903651691
1462597631
1780560655
698307640
458374625
878480586
673135777
449151643
486644696
1419677896
1983079902
677711474
43479830
621062830
1432459390
2053284860
1643918377
1959043584
426240484
1965851843
1036016206
526964366
467539134
287560765
1195571605
2114963903
1048992577
1724983416
767038212
266896143
1777620465
674658191
266559977
422645797
1679489550
655810682
1324055970
1183137576
1442152259
1752576971
675449345
678583373
1812584441
2051167192
412010653
1175767043
2119655654
446356695
756593894
822902571
728824117
100211931
634745069
1609100034
882704767
801985493
1362812279
1872877898
1791017607
354640850
1181645525
2135054866
1562875139
1369974716
1992872325
2050207663
1465075926
483591780
1648926212
226380549
1584348206
1490559089
1429866568
1425398446
1491599637
1738487628
99062714
647207773
616368756
1996052611
1814183290
1005734924
543082131
775875967
626672785
1229692607
61027121
1333123028
1101842445
914485034
209504859
1422467780
1628020056
1043934765
470199365
2048390242
984452237
1474730771
1691298170
1554791498
799690190
1440360404
1701641044
1441299409
303628903
669827449
680657769
169736014
894904082
1824926233
1173751577
457973297
575811831
1108130235
1366672861
185686515
539518514
1011707164
2134272049
1290971702
1334109873
507877184
1791818310
927154289
540792591
950282833
567691492
2068546070
441037207
1546272252
1498127017
1922497291
373017075
793213932
2115558195
299839986
1414008840
1192536178
490666195
289534885
14868093
779935999
144153905
433127519
1752132150
1789277386
1171517561
1565572031
1599481973
293227065
1939795237
1189303152
1987773035
98302866
761344319
1206400607
1581890522
986453394
748438118
1187728747
1296551964
632292839
1196659717
1075509464
717704649
46390544
149309147
1177933933
2031353885
269725189
2080756353
1648317123
726839961
1112240391
1726588049
1966301279
2147236117
134730584
969161350
31346955
714779170
269988872
70025593
99102995
1324210540
1633511919
1003879385
1569292863
1858479634
317563023
784864766
1377562288
668176109
843873800
1004951812
266220629
1161674902
1496243037
323216489
1313387360
116952007
664844644
686516367
1998428485
943308315
1458568051
627402652
611665394
256058769
22501995
233908093
1398245041
390854966
2094421036
1529894075
1108012994
1543687021
997822540
703630357
1870449717
1782768833
1303933287
136136974
984037963
954478594
218886268
182018965
1176031427
120706601
1491280239
665332736
299944023
1015075052
756307196
299336579
1543181979
1099516234
472562403
961780615
537385336
1666606517
1026523398
2042613835
537143903
1903809380
1965393007
1914294142
2089128887
631575359
2022875239
1650526216
1347844013
1556817935
498278497
1527959426
804621956
576689333
823920820
662665884
575319046
1415827328
1691092936
252907307
742971336
1649320494
410627182
1546090063
583560141
337473938
420164239
774133537
1406422833
396051702
1389133461
1871352490
1923289115
796301161
315524823
888575718
690811188
1167041034
1490510387
611332054
1096064330
438470344
1354678751
464142563
1183450437
257956145
1846929369
1613271045
117926293
2007283917
1600182296
1326137491
1807522671
729861035
347823581
420438733
1092586901
2122863257
669449141
764886154
604479336
1886549842
1794630186
941713987
432501119
1961645585
1208398351
798235578
615016637
745825048
219534197
334343433
1492857879
1410924452
892834590
1402712541
314199821
94103574
1050804026
2105235701
755858735
1351987140
323393073
2133751001
1123652554
257283360
1276850109
215697492
275351908
12258471
2017175632
346511835
1996243828
733000115
1566733613
1794837824
136518559
954886117
625674388
1629503404
204760837
1146584965
1282742224
460226535
1938760898
985036755
561306562
2131209910
1365209057
1353336451
1526426580
811882998
206454348
1692136931
619462096
298726816
2032313473
1365135176
111618484
1218636757
1076433460
1214919892
884109168
783432983
935905524
1593911240
1155198002
13167087
108415568
1074318720
32223064
407157604
1214951086
1408386726
1190946648
1692722896
1877841263
1458430929
470276845
1203112955
13414533
2119756843
2147040218
1137223385
708973395
1476576209
495319931
1195464545
315606483
113551691
1497792101
588531373
137107929
123009472
1540927490
1863025257
1553921139
1203952006
1230442808
1932237093
861112117
819053286
458400532
1313899535
135142644
1452202829
1021298848
132947865
1071774175
215728189
791276387
1763494085
1623274348
739715348
613021353
1570825212
1842865513
2031519957
913413646
1530039566
1405796584
608102994
512344085
1705095772
1522854436
904400906
376773676
1653381176
2086516499
1822326830
435258296
1056879190
1131301993
2119869460
1892310490
1977077007
718786618
1051174351
1886837035
179031996
366167325
1633582620
44667445
1253955312
1969900773
366906012
1163793147
590364753
885954531
1733677866
865771366
1817639937
1119542584
2047977921
497024131
1920666534
1815738881
1380749097
541783797
429612899
663972279
1057063341
2078844203
1723066778
766358051
1720332098
2049231525
91510089
411774571
1502904163
607611527
842192804
669739451
1349159030
35988537
1416436552
1192902469
204468091
521370237
936293499
1672156124
1956971426
2106702977
1794046350
1866600570
1514664614
697015960
223945335
1457895801
66315137
14494766
947880051
986323711
716339584
726063206
942220988
