2    2    5    3    4    5   12   11    6    4    4    2    5   12    9   12   16   12    8 
   5    6    4   13    9   20   18   12    6   11    9   10   14   14   14   13   25   29   11 
   7    4   11   16   15   15   23   14   15   15    6   11   14   15    6   14   20   20   11 
   8   15   10   15   16   14   13   15   26   17   10   10   21   17   15   10   14   15   12 
   9   20   10   16   18   10   14   19   17   18    7   18   18   22   20   20   13   15   15 
  13    9   17   16   14    9   11   17   18   16   24   16   21   28   24   12   20   15   11 
   7   11   18   15   10   16   23    8   30   20   18   23   18   28   20   13   19   28   14 
   8   14   16   13   14   26   21   14   10   24   14   19   22   18   14    9   14   24   16 
  12   16   10   15   13   29   24   17   18   22   20   15   14   30   18   12   13   23   27 
  10   21   25   17   16   16   18   24   26   26   15   14   17   21   19    6   17   29   15 
  14   31   27   21   19   13   24   26   29   29   30   12   10   19   10    9   13   24   11 
  14   29   24   22   18   15   18   35   26   21   26   16   17   18   15   17   22   17   11 
  17   19   26   17   10   16   13   37   26   21   21   18   22   23   25   21   20   11    7 
  10   32   27   20   22   12   21   24   25   22   19   19   16   19   14   25   17   13    6 
  20   23   31   20   14   16   20   23   23   24   22   19   12   12   25   12   12   15    5 
  19   34   23   26   13   15   26   20   18   25   20   25   19    9   13   14   12   15    7 
  25   30   29   20   12   17   23   26   15   31   25   28   14   16    8   19   24   10    8 
  16   24   27   19    8   17   11   14   19   18   28   24   20   19   13   14   15   13    7 
  17   24   19   14   13   11   15   17   16   14   21   24   24   22   18   12   16    8    8 
  18   20   14   11   11   17   14   16   22   18   19   26   14   17   16   21   17   23   12 
  14   18   16   11   25   19   21   31   27   29   22   24   18   15   19   22   30   13   12 
   8   21   15   17   21   25   29   35   33   33   29   24   17   26   21   30   28   17    8 
  15   22   18   26   18   33   31   28   37   39   43   23   24   21   30   28   20   12    4 
  19   24   18   24   25   24   24   22   28   40   29   20   43   22   25   11   12   13   10 
  18   26   19   22   21   27   26   23   16   25   25   29   30   29   19   12   17   19   12 
  11   31   19   19   26   30   30   23   23   11   17   31   11   22   25   18   20   12    5 
  10   24   32   29   26   19   27   24   20   16   18   20   18   13   17   14   11    9    6 
  15   29   25   31   31   28   22   20   25   22   15   13   12    8   10    5    8   11    4 
  18   28   21   22   33   39   41   32   22   22   17   12    9   15   10    9    7    8    1 
  15   15   18   26   37   44   53   37   24   17   19   16   10   12    9   10   13    1    1 
  14   24   21   26   36   43   36   29   23   10    9    9   12    8   13    8    8   10    1 
  18   23   23   31   23   26   26   26   19   10   10    9   17   23   13   12    9    2    2 
  25   32   22   19   25   18   24   25   14   18    9   11   10   12   14   10    9    6    3 
  26   28   12   14   28   25   23   14   18   10   12    5    8    7   13    9   11   10    7 
  22   22   25   29   23   21   17   21   13   13   13   11    9   17   21   13    9    9   10 
  14   21   22   17   22   13   19   23   23   17   13   15   13   18   19   21   10   16    5 
   9   23   14   23   19   16   23   18   20   17   19   19   26   18   23   19   22   17    6 
   9   22   16   19   17   17   28   23   24   19   14   24   25   16   24   23   17   14   12 
   6   10   11   10   11   17   22   17   18   15    7   12   17    9   16   12   10    9    6