5
   2    1 
   1    1 
23
   5    4    2 
   5    1    1 
48
   1    6 
   4    7 
   4    3 
5717
   1    3    7   16   18   17   26   18   21   24   31   16   11   14    5 
   3    5   13   14   21   19   27   27   20   38   34   33   32   27   18 
   5   10   19   18   21   20   21   19   29   27   37   30   43   34   19 
   7   16   14   20   14   22   22   34   30   29   47   49   29   33   20 
   7    8   24   16   21   19   30   26   25   32   44   40   37   35   25 
   1   18   17   18   15   24   30   23   35   39   45   30   27   33   18 
   8   13   13   10   10   16   34   40   41   47   33   31   24   22   10 
  10   12   18   16   23   25   17   34   41   36   32   26   30   19    3 
  10   23   20   19   28   38   27   29   32   33   28   36   38   27   11 
  19   31   29   21   28   45   37   28   37   27   36   25   22   28    9 
  21   36   35   25   25   40   33   30   33   36   26   25   15   18   15 
  15   42   34   29   23   24   38   34   31   30   35   33   22   20   16 
  15   29   35   37   27   34   40   38   50   43   34   36   31   25    9 
  17   24   25   37   34   26   32   52   44   50   39   33   23   25   13 
  13   24   23   19   25   20   22   20   32   30   19   21   17    7    7 
21538
   2    2    6    3    5    4    5    7    6    7    2    3    4    3    5    6    2    4    1 
   7    9    9    7   10   10    4    6    7    8    7    6    4   11   13    9    9    6    4 
  11   17    8    5    8   14    8   11    8   11   11   13   11   15   12   15    9    4    3 
  19   16   13    9   13   13    6    7    7   14   13   10   10   17   13   16   10    9    1 
   9   14   11    7    7   12    9    5   11   13   15   11   18   20   14   11   15    6    1 
   4   11    7   11   11    5    8    7    5   12   10    9   11   13   12   10   11    7    2 
   4    8    9   16   10   13   13   10   10   11   10   11   12    9   10    9    9    9    5 
   7    9   10   12   21   16   18   19   11   11   10    9    6    5   12    7   10   14    9 
  13    9    9   11   20   14   20   12   13   15    8   12    6   13    6    7   12   15   10 
  13   10    9   13   12   17   18   10   11   13   17   16   12    8   10   10   13   19   10 
  11   15    8   12   11   13   22    8   15   18   21   19   11   13   12   21   20   15   16 
  15   20   11    7   16   19   18   19   13   13   13   16   26   18   12   22   20   20   13 
  17   23   16   13   14   20   21   14   15   13   21   21   34   21   15   17   15   16   15 
  12   20   19   12   19   23   24   13   16   22   22   28   37   23   20   21   20   18   17 
  14   16   21   23   27   28   22   23   19   19   29   39   20   16   19   16   17   26   20 
  14   27   29   27   34   26   22   16   18   14   28   43   24   16   21   27   30   30   22 
  22   35   25   31   24   24   13   21   22   17   23   34   42   39   21   32   32   28   16 
  11   29   23   23    9   14   14   16   18   25   14   33   29   31   31   30   31   33   20 
  13   23   20   12   17   15   14   22   16   25   28   39   29   33   36   26   40   38   23 
  14   13   14   20   20   23   14   25   30   33   50   46   38   34   33   42   44   34   15 
   8   12   16   23   25   17   26   34   39   48   54   49   32   24   36   28   43   29   13 
  12   14   16   21   19   17   24   42   49   45   52   48   35   31   30   34   26   25   13 
  19   16   12   18   19   15   30   33   47   47   42   43   37   35   35   24   24   37   19 
  13   28   17   13   17   19   19   41   45   38   28   37   38   34   30   27   31   27   26 
  16   13   22   19   19   27   32   39   43   38   39   35   29   28   22   29   23   25   16 
  16   27   28   28   33   30   40   36   46   37   41   34   39   28   30   27   19   14   11 
  21   32   33   38   33   41   38   44   51   34   43   37   28   31   24   18   17   12    9 
  21   33   31   33   38   42   52   39   34   42   31   24   26   30   14   18   15   11    8 
  26   36   30   36   31   36   38   34   32   35   36   22   29   28   21   24   23   14   14 
  35   31   38   40   38   40   40   23   30   41   44   37   35   23   20   36   30   18   17 
  20   38   37   49   42   44   33   36   35   42   38   36   31   27   32   28   19   28   10 
  27   40   35   31   37   44   38   30   34   29   38   35   25   25   23   25   23   19   10 
  17   33   30   30   38   38   36   26   32   26   30   37   27   24   22   16   16   14    9 
  13   19   35   42   27   34   28   32   37   22   25   33   37   29   25   13   15   18    7 
   9   25   24   24   18   16   25   25   29   24   32   31   46   39   37   20   19   15    6 
  10   28   26   15   17   15   24   28   25   28   34   48   43   41   29   27   19   17    7 
  15   21   15   22   19   18   21   22   20   20   39   33   44   37   31   32   20   14   13 
  16   25   23   14   13   20   23   17   21   29   28   34   37   20   35   22   23   18   13 
  11   11   10    9    5    8   13   16   11    8    8   16   11   15   14   17   16   18    8 
