1050096545
952020769
1859894433
473769699
1925451664
635040205
126999845
2035133444
1515747539
1717867259
1424871745
1229270518
1556911886
2077312954
1757168599
537529849
1947952861
855536312
1595779119
336385650
1456660646
781901522
966444261
1609872366
978386809
464813784
1727243549
98387897
42976689
754706631
1315928035
2015887439
170688554
1871858333
1835057828
1804260629
1739295963
799847177
1931357266
1106245257
1898102320
536116055
1808637220
134733255
1014052847
755976937
1191124507
387031815
115747942
1902960659
585841042
17871399
1864376060
634547043
428360699
1093083349
1876730205
2112231946
230147865
477118808
231868158
1472795848
1383302014
498986876
548783397
2107773161
453276015
1085488196
926528907
767415552
166398582
637259280
915771371
354134348
1258800999
1806983596
259562098
920894029
551301474
1479420360
1052325554
1907753033
1674375921
610393959
361887194
564381254
120467179
1762281979
578761629
1293261340
1161350093
332145468
1058882123
434858572
781168863
1537546330
870443959
893015549
149123160
199534071
1347158330
769961989
14692301
2120367149
1667034925
1784325713
1700611683
1320698258
584646814
1421317873
1628885930
564293554
793976926
2054296471
1466195278
2116671668
1834111521
932064409
1460800845
1646749411
148108141
319978914
586555510
1288516840
877433532
255168375
90035566
1399270274
442076821
1839195574
480397300
1646392027
584006194
1391835768
44386005
818760526
1980434153
1307764618
104807681
566104027
1157825579
1225180786
1540262866
1430107924
1186901444
276972325
1476803226
15827356
1869883711
859840579
923150590
1970100202
1571225568
2129197864
1908490287
1180502017
95985086
461121505
1948136159
1788742151
765757504
216873257
709081440
1145004877
496006972
2005144397
1008008
1909204927
306554615
450145152
4681283
1368912089
1313169512
750547965
140705277
454095192
1968494153
348163789
1843347295
1538895443
2070149680
1623106713
69757550
2036555235
1789468759
92956278
1095552977
434095061
833741368
360375301
923799367
2136677006
908894708
742176245
1171127939
1459646018
1564924845
1459645106
1549596861
1540255658
1308963068
919804008
1558671350
1583853344
1763348043
1316230101
650259760
371506737
1178766930
999148935
1521514652
2008971335
2043329211
1823050100
1853838951
1778498781
404129674
1864139104
946994845
1141051998
631962676
2090061117
1267179440
889520781
1542099500
86160857
701545521
1190349417
244996067
922746770
1625548403
305052087
966960820
1701744891
1039172291
2031677433
1412629131
1626087132
769535802
1441701980
627188759
1311733037
230032757
689982299
120805493
1005874436
740376668
990408358
647525009
1653186914
969038712
117653736
1721385712
429969200
209872245
1154673341
1932607895
650730390
1838934206
382552618
2143295255
472656007
387499396
1531930868
980654593
2072237473
205421665
1515702926
968056568
790628704
1615304139
2075882446
1336940760
841954759
963884430
1536465689
2035463495
620463755
2101224100
2052357432
1089021510
181395189
1429646430
2020506374
491717807
784108593
1553464559
2120146534
106642267
1335219871
1983744394
1108410283
1778472303
2106597575
22554936
1123687480
844284642
1467522365
798702760
2024493570
932527922
661129248
518881558
2058738486
961213738
1747301832
63017699
429029122
1589850475
1625397351
2061288417
868231115
208968440
996808235
836075398
933711865
1232306426
1041810114
1268412007
130437880
1836129220
483793150
738384508
1867913590
2107755284
152817276
9515920
1020277562
148063239
1712794647
2068827741
880114410
215528334
1727280696
722717526
545952050
1765964366
191614175
1381452372
1624308487
940620345
1379012848
1425417912
1818764699
696064695
1415903656
826453985
287897099
405886202
1321334142
534530967
937866968
200162196
1166636970
1141857680
1288158168
1291684169
423640860
1223644215
1484917833
1106557444
702578288
1368195210
2002394
1441981253
1025962776
1210174469
584679746
1974805997
1204627194
1840909289
1365517894
101508969
959226265
556097826
487329838
49957608
2118895326
552425881
1049975986
1073269303
1722024368
426442357
1063764060
881195145
1199572303
635218485
975868158
1083519367
48674609
2030367603
873152791
1323198386
1802108817
2081013678
1678211104
643805230
1411887024
2038396665
526128064
1444196949
1757943449
675531917
2066370977
391471155
1713291324
1826543492
437736179
1900469478
1666234915
1223459525
528316650
1720539852
1245985709
1168769266
472134553
213356606
1734270199
83693862
40949849
1049345103
1207436957
1819955796
1387479151
1984651731
1325637713
1997688413
1389820093
526674632
2040430737
353037816
9256851
961072173
1515502524
1894867448
2002197173
2006621768
1208862288
5690149
1145053775
1317835658
1865052495
1265971853
2068442542
848525758
1880998626
837139695
1641482368
1819229614
2067440159
1181343853
1359820856
988155418
1437068075
54558716
2140306190
1775048080
390256436
624861914
859154768
134143348
1836904133
622854059
1472874135
551587976
1999692180
707393710
696614178
2061129849
350662386
887594134
1373198076
333309023
1287398185
1403551770
1534219742
795054265
833780221
1013377672
145728947
1135054649
766249442
2042424282
1646293926
1082706334
1416414507
822392154
740180186
1983102678
1060507706
1986228289
2053044255
1895037436
564218195
1674901860
859916144
45687898
1224839707
102715407
1908476908
955641164
430847435
2085466008
1346593769
2018803497
1936235126
1484059691
1716150379
486556996
2093187643
127610747
1565145123
866890158
1293824258
2032378331
307719935
708325569
1325982862
1356156715
1681963394
1431517497
1255274738
523173438
1177921648
1824879890
394864776
767821002
538345791
629104526
1297774301
1848757975
134397382
1811486277
774194020
275476967
2114125084
1983347173
874767877
550661377
1458728316
1173492860
404683972
442807355
1232378630
107859095
311611597
1690979393
492073753
324042074
156608926
1458751707
1566625397
2123535159
1224687820
1844917892
18631811
1759718662
446765750
1189130338
1230771784
1018885784
378770510
854431862
213157145
529412819
816499412
485113154
1448855266
593382329
62746835
171585168
1908864302
1024121181
323258362
2017146871
2010609355
1656243940
808867166
1058973452
1969825075
1242133373
847067524
994779905
1105671440
843894589
1354352535
1423881192
1760915423
1233375054
1822371734
1189959824
139557457
490037275
456694680
560932382
137333944
1774159930
495504915
9523339
1144968695
2035379745
1360361152
1478975702
21409489
1199512574
1778836829
1790735116
2049265554
663435492
625218820
415222969
1478070880
1993935311
588460542
1094134959
223786652
938394267
472541901
617203501
993226297
763985548
500379823
337723509
319736742
811338000
1784091197
2054068565
1930746430
1577342840
1862973312
680881524
1782902652
1405545573
684328411
1732673992
1173530224
1032660720
2113369633
23900451
115437968
988194935
2101230294
8976343
541541511
652479391
1169622955
1935183694
992511243
1630974852
1313067256
1179415020
1154179330
72215959
405362358
1107022622
2078373993
262698249
2090576358
1336900339
162599012
1202395700
843411630
1827195210
653742370
921674538
784414355
249955552
524948932
953878248
866289281
1932302754
1964676544
610118736
31181527
81914421
198656020
1622140702
1013879849
2143366845
1675869137
2084555154
1070256120
471581568
1656755946
824217420
1352654790
807168388
424899017
894652444
1890613661
1375759415
432060656
1001234885
72854303
396591731
1875466276
196730066
1464886529
1595363695
1944289070
1555226738
1672317929
381460767
972424674
1190942248
1618772096
232293629
33752357
340181291
825489523
1258053441
2127678172
2136830607
1342983068
1463293906
597952698
1715010973
663913177
63736027
1764549583
35676411
465502164
411944327
61025961
1313626908
1995551596
1983558773
136161783
1401002826
1643790874
1963584310
1580294721
2083113398
460983145
1770203286
568182264
1727016486
577107350
1407081598
730496822
296077455
454176086
1180595964
1674952315
1707913329
1632894701
1367714694
515904570
1416625051
66037868
1796885624
194154807
1132181456
1868618572
1071485876
1812737837
334326470
1207760738
819292122
177549890
1226215547
1751621817
1802045243
1012525460
854987392
960015267
931952558
1728404735
287088176
1842702870
1445462703
1556634457
1709531045
904560102
904897201
128069153
679640177
246936446
1322441918
1973053023
1807164234
1148061317
325986524
624725371
711760214
1070002908
510814778
1771836787
105146160
1959953286
683216469
224133974
333384180
403078237
1372506621
1596926720
296762834
1235922704
1691052344
1718161210
2070338908
508494415
1428201492
1357753525
602261653
1121173660
1544184842
774765499
1290389932
146236071
1068353129
700266536
1169284992
550006847
1195460841
253353355
1797249131
2008649662
931938394
1490350387
69695701
997059092
757261703
1309350199
983863784
174535788
2107810761
1085219215
700732534
411378790
1293463837
269749878
348220729
652854228
1027057473
281394125
632068181
1715800005
1040272119
1189133806
1289058460
1390506284
1322068534
2140039076
1580630376
1282016042
1140187543
1135453020
1019219898
1699257214
30974245
893093141
1453211904
800953197
1192882583
2017727736
1035789175
1006221643
133433776
648545764
1629147023
657516311
2073275162
465991512
46481575
1679267164
1213136474
974973900
1086110690
651367330
1806566551
1840221371
541098303
1793417123
2028600616
1240173340
117047598
123958934
318666148
2145217465
566984772
928121265
1760372694
701663339
1023032896
1359805190
724856956
2143613708
1529928284
1682963657
1063068562
2076862141
622805449
655885865
440173004
2053997960
744088195
1093016884
759652950
696849235
1716765554
88384986
1575259625
1210117159
1768954223
1050016893
1760793252
1327530704
1600933445
1065796852
686591937
1121049828
1610424065
1660857314
1036432692
1084393627
1857460547
369636990
1966183806
172867406
1984601898
488094482
16427434
1217976422
715601350
1203466250
1656276304
1352808914
1250046809
704200262
711424817
1875436470
1843264271
143511075
366501944
815073212
137289871
1033425019
2074041044
453268404
957570119
638539415
956163846
625629221
870381635
1993019728
232642590
1603772590
1538666633
372023657
1276706782
2101767897
454535376
776732053
2130008305
497186645
357072038
1240432948
185311960
686823570
719138365
520535239
1934867642
2123076220
2101234635
81935530
553434983
830084124
1170101156
1382373313
2070178345
2104879368
1209420945
805103760
84434573
1752661391
2094296285
1580687665
97388618
427963712
863373781
176134488
1059874250
2077151532
1191632692
338162522
1255777292
379663928
837722659
701940081
1379268396
1425445854
140902246
1617069528
1682004311
2119209516
1538049917
744296080
291972785
186464100
