1050768825
1513612494
193904296
1216810373
445168630
116138262
2020617958
219626448
1884805990
402997033
7710993
749640531
2069331215
752067340
2054520785
941273382
1617187472
1516805472
171194367
1783122836
811210767
1793169813
19545093
2076863707
649125211
630494517
1037032921
435024195
1417310977
856977915
54996976
916207422
1240392564
1654061719
639500818
2082078538
247960301
1350503727
1161474546
276343392
1643744530
1184680702
1607667177
422997285
1144497425
557195796
1761042452
1220867810
2066519232
735709293
2002731672
252528226
814207910
626544686
1224216361
363557420
718582225
1910908494
1021117773
1384587634
631565746
1861309548
635287387
2133904072
1548833204
1590374341
1840078625
289449928
734479441
659961931
227137562
1422563815
1094596654
1541043576
1666599012
900386863
1632229679
928108175
1540369064
1067494063
1294329803
1939138558
889917434
1766195530
1929303876
954657879
1084645616
1797672376
532193789
311621968
1865284790
875186624
1146091265
1575060912
17831415
1192364972
1908174247
163785031
1808464210
1521921479
256578136
161568576
1063727024
258731093
1986578523
1496976152
1907262059
2012510491
1396381987
1290761093
2089371704
417633384
1187726492
1258652179
1453249503
1432879590
525651672
2027411193
576893802
2112947656
1521667600
284601077
844219270
368815161
1038605685
1098664979
1197905147
532615004
948531532
1198346643
1510387335
1823231805
612787592
1936971379
973361980
1911858661
1958189013
1095851216
1151630640
186056069
308161651
1689795440
2068212152
1271328322
1900303851
1030025573
774126944
1295614282
2052540641
2020731526
2128363824
775681889
1659771133
2108341448
1414541036
1547219762
243058411
568817083
1659001184
2052710487
580365954
339864204
1938659255
1424206501
785932845
1413218
129634809
1223816805
90670669
1336028160
536272088
136116557
640889444
1798395603
1950051743
1771707734
83636036
1216551914
396215511
1994787677
2029274022
1820689747
838091726
462398209
1930863817
1402782502
1490034348
1200479169
844529818
1293228103
602735834
500799139
942716580
103212494
1673083529
363998085
1682387939
2124394371
633078375
1514261387
362430712
1109353692
454478190
1963090598
1872411725
398498937
1717622813
1611435117
1473739102
56702816
1668972891
2143465570
1187656565
83389090
1361097786
974681458
466005290
278048421
235395875
633593351
1579528431
2088979250
264109947
47180880
547584417
1283869124
72682012
1795864188
206749131
204103871
842375638
1595146842
447124346
773602369
1069016845
1117923113
599332588
1284502086
2120939758
553456153
1185888314
429165591
1736001311
1261205835
1422872955
1995345340
664497828
1300030796
1118963794
910188979
1020152472
193159256
1579824975
630543317
1857214521
529645302
428873899
1128501161
143442623
1363512827
762086252
791166656
2066728815
2110687127
36178696
317471571
1395314649
531880503
1488675107
1978035799
1800818233
1865004860
465370408
345004882
291204874
165085805
48252711
1381978858
1883024101
519559668
570831374
1153451669
727319414
580472374
2128465144
331083482
389952597
1960690782
193409859
1496742302
124428756
1772513561
742268543
574896778
761219993
1264337172
364162739
154760423
455732844
1575223906
609787926
913708798
48208289
635378304
1514462444
1594112064
235479676
2042036758
1575628999
975735036
993621560
964719848
544950486
2112547394
1236915107
1190500389
634898824
2045776672
7854187
1008818442
828161629
1070982396
1940684065
1095449819
847802202
457611169
931977476
2147201561
1701431539
67632521
680931184
470054625
1763228709
1458067210
799702553
1648145345
2134734409
471921634
929794267
1961229897
664381076
1485263579
475059525
2128720776
332523212
965174590
1745348339
1590399200
110400191
70139129
2007302547
1913296706
357607564
1651083842
2129929607
1321993006
870639980
2040056849
511553141
1296601846
1470659613
1986822368
1300311773
1546376939
1110117779
411586517
489764232
162628273
1694185327
687115316
1327546093
1859576368
1570502185
708718018
1479422264
1084326082
722231732
971146880
1189894960
1196871856
345962343
1350866372
813998120
1395571450
552967616
1564981543
265084745
1398225337
59689838
332244117
569392219
587893701
157172860
199372210
774244150
1118011877
2091189136
898441950
1156331593
1885561848
221800557
1917833954
1453207055
719456054
1564966968
20122720
1047622461
172280274
706608962
392256424
2026405525
854500902
1373512425
1321605372
798126283
925579219
1985878512
469309510
2124982786
1932634692
1101107569
1448325984
287674343
956993404
1683108645
1352398231
790148569
2135609782
151930116
131403329
882561387
539681480
1603193079
388759844
1241443934
2144568133
391080083
1582995161
224768244
256141835
1418592257
916614405
1638104904
888766988
1758002431
1666842391
695890422
634380992
1932508836
1133329424
1835163925
1439949261
1234011584
1783113209
649409778
1118244792
1710824247
1164569646
756081564
802106849
1254958924
1657738481
157813989
237409078
109757820
11227967
1877364080
2028350836
1337088174
1172058210
2062325186
1113338522
855522943
1371086336
1348516842
2127636703
1439861124
1900176672
1040011767
1108365036
1018005974
624189369
293109188
2106120145
588323514
938589010
1598103855
753517956
665220133
554909049
1982391269
1988758525
1629047767
1136804366
108972003
1836387177
524309155
938564444
1185223093
2133698126
234982429
127257370
2068388825
2093187786
130014148
1156916437
977616721
406846650
283714502
975938774
122878832
1492744657
1655485945
954147083
1089631832
1849142455
153901801
1057258419
1062552855
1999309180
712763651
754899391
260678061
349531347
1205574484
582143143
144308669
886762420
279482760
720011331
160089272
1970868460
1598435892
2039096521
1551189621
392485567
1582644632
775878282
665580990
177381707
547047513
850058184
1866678644
679370685
12551696
502957266
707135070
644618992
56399429
864914876
307514389
1548681241
1183815847
2104434721
178689757
1056607393
858177108
882480904
1334487346
409614954
1713443243
84878831
629371009
1481586788
956258951
76575309
658513810
1658371679
62554540
1234650397
1782225065
754759099
50274064
995120377
385533403
701741222
184528830
409659542
315350112
99691588
479274856
2108828542
1011195306
2121409231
2001437923
2130808900
1067884928
1421146917
903112085
190395599
228198363
2071577046
1990526958
1286330140
632788631
939501273
1898122567
876407384
188568115
1725929480
1635150331
623382458
1763741540
1487283239
59746793
1289486802
2147199337
1664052771
1055387316
1827179439
388679173
2033090084
1532734371
1600227632
2088099643
512940627
993758931
1126030598
1570363222
520650524
1724978990
692650430
2014410270
1113712935
705831293
206875423
179209868
1208178382
1396183889
108811654
1288885181
625689778
1888163134
991941419
643877472
478574671
1078237482
1470346588
1020778487
2124658773
781915495
1201288472
1561583457
1135511812
2007337042
345570524
1208015380
804092922
275149483
905068790
864481829
1619228048
1453027952
2004239227
1967684994
1781014005
1875310149
1867670871
175860698
753253014
507307233
802586441
725527080
521485894
732657051
95824259
2053069410
170333874
205718867
68325999
1598797695
1677468601
1049459191
977430326
1569073179
313734293
859909066
2074211599
1172302642
1875526516
1209183746
1113467461
875117069
2124564027
1337003120
1890039279
312055729
565571329
794704881
1404134274
586946235
1412980974
1097061492
17902902
246363334
280083122
72877230
781925820
1374820747
1835736756
330101643
1068053700
2110214274
678872913
236432280
872583010
336823707
229150057
886828928
1397282716
1396927867
1875431665
1762506636
59604534
1046023436
1214754510
252017541
821059703
1967996346
571456128
916273912
210406347
1541391067
1064429308
1324600046
1737488320
483562334
1154027290
1811846973
393960751
606258356
1721767924
411355343
899390108
2059637570
1039732997
718044940
1470694087
418743239
513706654
983472838
46357307
1738178535
1346587604
1915188342
2085562758
825187372
474768878
1538783941
196135566
63059617
1133544948
1162508499
474122287
1408947239
2021554051
920155970
1031645743
87036723
389839854
65819181
268896862
1043966346
1000981232
104675626
494139289
679767274
235572078
1447553525
189857812
1927030489
1400548216
445611545
1117759726
770926
72051400
1934586539
1693545393
669162813
247538752
707980625
1970959995
989380990
560420209
119176921
1551752243
1258538933
1697407628
1157237048
2071158504
1398542505
1095365120
1571749756
201807345
899368802
1701547628
2018740344
874822655
1471315223
120757756
203558677
269234668
279020847
1546574128
129306008
2140109339
614056970
1796570955
1347963865
1423686852
642126690
1117952655
1095844982
1046855802
171944343
1503067586
1206778241
1486334219
1289436829
1307303126
938446225
1345800007
1562947445
437738011
1931259902
1617332156
1801025813
1058834626
1784060140
1532093566
1567636232
1932769828
1224854674
354265776
1320227748
1266719832
1754823713
1929220140
1694790574
122083410
1008988985
1546994183
746719452
219396696
170847773
252884772
364225591
1211113987
1342773243
84248778
777488473
1958257363
97126019
309429613
1525596304
1889819795
918155435
1768392350
196551970
619110704
835332413
1331264852
2083733118
139198950
907061067
2136426663
996347201
1677411548
90569420
1781819864
386996833
1675289115
926059988
1476228507
1093943358
1298515939
1428565959
1040899453
995318109
1561331480
1195501667
939515937
2144580415
597503657
610429827
964720670
558765840
231484549
1467930326
1212852346
494601898
2012385796
1448116769
1066365132
1647739309
1752938298
305821293
1010104180
962723725
1355849577
814862322
887828935
1024531189
771811877
1040988859
350481104
2135754854
442671573
1097774203
1259018444
1166614417
762809409
60364473
933416327
560166554
150964630
1084349303
1112507079
1913845971
999169831
1872713724
1179228836
172468489
1722454820
1218598180
428069821
499264097
913069450
40104688
1877109705
2048037505
1498452419
949077764
1788933279
1830562153
1407378549
1426384985
892491434
2077740590
354512263
1167967463
2028617061
1516564455
415388942
2120095444
1395456284
764856301
102739965
173739567
1610626296
764786437
1076019364
697659361
300167707
479564746
538558831
2062184159
890581380
40234070
1904149332
1236515330
913899291
1102340493
695243182
493636547
820117068
1157515430
307473837
867123777
925291497
1445102152
1939304741
1535471468
357976677
1412315092
643000953
779305367
282540116
565386095
1976444337
822920163
1024492861
127633181
1942193361
692383927
1830261643
651674273
522906611
988327553
35173726
606809957
255107696
1217687260
150622910
1783512204
912867802
945974046
1164352381
1399476003
1752280477
2134725628
324339367
858245083
2024936729
1938250294
993249915
1160933274
1916603123
93983261
1176187082
589316539
448491009
120787293
699987036
766695786
954193302
1866434565
872102226
846221607
1809838415
995864797
12098461
1475371209
1717721401
1120919986
1575653218
1382783769
378777749
976097735
647052712
157742176
1177931634
1992714592
1546672779
1787333365
710611319
1087877466
280800504
1392498269
441622077
638764107
437594996
1675090444
1881963785
2026181479
1383927074
266952061
569950644
1383408088
134288947
2136502879
129825866
139944510
552786105
661809813
1219719278
2090494731
2112478997
87366728
1641266595
340216450
1416406836
693465657
683544930
1449610707
405177334
144807901
687420056
6860332
1484966633
1926739044
797199395
379758132
273525640
1530426900
1473268181
731868157
1869268330
1254550347
1233235783
1629127684
332485738
335349072
1214763376
401028403
1280684935
243108664
1413419254
2020782511
837785072
1750915372
666242363
555659483
1710033625
761487574
1466603745
391841949
1502775141
586622420
265589563
1292766875
1440811426
692033210
230728318
1642857791
1313643858
132946599
1050496513
1231832004
1658134148
365338317
585347046
305215215
1561169469
620066437
1865951415
1341734764
1957885048
282078755
1401226356
1105692290
1194320539
415650464
73044757
1450068462
1656214678
317060732
932794517
846824119
1198839364
1201614594
600264970
1922660831
974150208
127221128
1459269531
1679758777
885741577
302043635
1943515584
1440149418
303082989
84585439
2140782606
1192237204
1908261118
1623825928
1420185820
1929823982
1106144833
210276152
1500687349
2004324275
1249603083
1836431968
1277111492
313794279
1868093768
841039636
615797698
988215393
297584253
9126308
914519619
790774954
1925844242
790647710
1934737981
2091347440
1411573631
1066167808
478798488
544962507
167100694
1700237429
1473062221
1565265731
746465167
240595995
2132664311
39522900
688933377
1818926262
1263970389
642091799
531539618
54388206
1422028267
683576006
1971905039
1840349969
554961242
712115373
596709280
144237470
1837604474
1656067011
2130188757
1382559762
908859394
148653847
901725068
501120997
2057216692
1154225744
852296057
823904509
388526907
1621439069
2106435900
1600250505
325042507
1938500828
909007559
491379355
1538196770
1064970804
1835588730
2137195955
1040935963
1608941679
368715929
1518297108
1618800502
709713271
1026770259
1896639368
1718085555
798805323
1600786264
739609432
980374788
1664522132
354003055
1199643195
1826700329
926211991
1883459281
1391178987
1890769620
1849478681
1509884889
1968556471
1395542415
64976371
1136174721
263946723
1598842406
281442731
1448989223
697313981
937816988
1507631983
611187328
811138095
571771509
1921915085
1325299068
601049192
70694456
603265201
807935720
436546059
1225475461
50414650
1210465632
1183288993
1839534131
1875557505
1730015869
1595613550
1848634761
211023331
1173622920
443118745
23459419
1292947732
185507731
1829663120
1329716447
1829494047
635590183
780545503
1798153045
20863084
606018327
1982567815
660999853
491623440
1345566071
1926152387
1674673431
1315677235
2095659133
863753884
122074668
862062191
1754561475
1816753368
1251362930
1349409439
2097128953
1944698507
1994183456
464066263
2048559984
1689822384
373576313
1602392410
1964301490
749037099
517384179
514609750
1129421781
583917434
2047530095
1560347137
1831518042
293135796
405837154
496984406
1253008459
1088527931
475747524
807018087
46273757
333953685
1384814184
144224302
1616289898
1463664783
388831496
298215451
2027736506
1749462099
2010886816
2024563673
2110749043
1076800908
948167487
1522293269
62801725
1094121398
2143350572
1402368826
979832757
1144541703
1301376142
107873899
560422425
156421233
451679103
15991976
341684757
324438821
382284814
1937280721
1877505680
113254742
801937552
557067892
1758843571
771496842
41162908
335260422
1872306473
777012220
396324133
1672913984
1809422564
449107981
1900301109
983940779
1468590753
1575230700
723974684
200170086
1299244200
783546704
699730724
753827296
1569330219
338838279
1875806956
1627571532
2095526485
781822595
1787401819
1861117697
1705814924
724740218
181598142
545710207
1996276359
1279748632
1686533319
928835680
882643717
1923401790
542546239
359073711
522812707
1557566672
197399374
1976527850
79039507
1272100303
1990086636
328289227
671549046
1698251137
301707282
585398007
1161716742
51964270
1485125208
296941775
2095900444
624500567
1228446680
595568502
298534447
946651337
1810163983
25235232
1074265765
1289692026
1301431811
1043502782
1799795672
1858691309
1727701101
1346013420
854812442
167114264
1928308419
1403881256
629440003
493685299
1639491932
578226467
888728194
1105991673
1931083326
797102971
906643611
1562694612
483341074
1730277764
1702315521
2039816113
760470483
1552224484
605558832
702286291
755568925
776117764
395587670
32598578
275970461
1818344154
70415821
215214050
740076802
245527790
1269480643
911133956
1869995382
589211429
829390886
256268325
1397026040
1377941629
601309355
148286703
1173586801
1983550359
2142231332
1918654969
219620631
1787039671
69463555
1390348564
818752141
1839507458
1427264394
640332968
1035638059
613898678
1283640958
532863344
827414618
1400870401
1565607546
48898931
1505580163
485986940
1102191039
330853451
818788874
309395342
949603607
2036841992
166542717
912252578
1343322513
725895080
264010953
530872369
1724836145
439338162
907710348
163990548
967621135
2062240861
1843571894
1018763542
471732863
2052087364
844955928
2012407932
1820156521
466096932
1818275515
1064283795
1026446702
753584163
1777961182
2106121516
611365911
1665098929
1458295646
344059111
1575500853
969468861
904717038
1395036906
158821196
2133151598
1786904568
2093754728
1068673754
1794043617
1820667039
456438370
548097506
1317421359
1344380143
1321613314
931607477
223595662
2023392631
1756398972
487310742
1876494783
302978039
468174436
227663244
1667766601
1196702363
1792260786
1921397480
1215846421
1423896542
2018902873
1458963911
838170731
1790235244
90367791
540524908
746301946
1792307942
566464725
777625924
2120912673
98238558
1828003410
1352257888
578887415
1259862995
328597545
1558482378
555284587
1851607494
781622981
579972968
177399443
845136465
751725997
612536278
2008104275
355553673
1491076157
1530293856
1384681320
58662701
249021734
2010138982
193135870
1186776473
324068375
598649833
546857036
1943678539
2031450456
1892793986
1513259691
706795216
1375143755
822081271
1957620546
131560935
1383961782
850289417
1458044381
416015550
1914077865
601644995
1494420889
1910629758
631369115
704015978
1909130923
1210253034
1905121701
399251937
1488391931
1513664061
1060590865
1236397955
1088661313
570015151
320093590
366431395
1776839816
439192330
604195571
1412278781
32721976
202437000
744562152
468877595
1308238322
1623899868
515411753
1723784320
2088668210
1478911608
1091665278
1665531025
130598530
241206476
1655600243
727669922
29009389
82013054
1856380851
1550539141
197286442
78479726
453795624
1228622071
1395881392
1467195516
1747802558
2036268640
1267633888
2084977376
1724090333
789377760
2065524801
1202176652
1456839188
1635173269
1008901424
75356456
1648087909
1169407557
462473155
1042997592
1899001930
623475796
1184989659
357856535
1540572145
185709136
919709661
2120464968
1163595211
1558621695
749301759
670557505
65807079
65498548
1322468972
280265954
998251007
1462424285
1014618080
1665913380
114388074
522495653
523807388
1095301063
495143757
381991774
1307124735
87712335
1007432503
1157004973
318157626
40939152
869560624
1079189733
294959969
999941707
1960731774
882362403
1490324686
1785222641
1742895050
1160160270
1809626777
1733832225
1312599432
1906631640
6992946
1566326484
1394671662
462616229
1300158663
1120540816
1645393969
989514564
657914780
180409057
2035595082
684562817
1377368340
1703459367
1937083012
702094164
1821457730
860680125
1014683
2021391652
338199624
1879350606
1056154966
1844171107
352318198
799539007
1046911370
1105875719
2129728095
82664469
2067294521
881089634
1573732573
1314757959
1677772930
1869349400
469610190
736060605
1464781515
1977877044
1280106595
1260366519
201390825
341368103
1444885984
453652812
975864434
1020930099
377834363
152994762
845039475
1269098714
934504194
1664078047
1480201048
1288446888
1849233915
1691070021
2015258549
338352559
154761857
479834082
770321689
1765202907
278674644
22907601
608477194
359072544
503198938
473949080
645340837
1451030109
638746631
143875864
55059726
1970846672
1232244976
9019964
1274679658
244149534
1727452168
1457163783
648190493
2100558267
1599120436
659325647
270530609
585064764
2003352582
2098228008
1089163069
413093655
50428834
1448856120
607735507
778441017
787795195
1237158610
988088016
304242661
247839920
1474743907
1912074922
1297920346
8368996
1071278717
478500171
1973599629
256553041
1887280558
1190872116
440063572
214774336
1939738192
230547837
756997271
1160008869
1412513817
1835488381
450630312
1716314462
1096816330
192432462
102016452
898558458
966997902
177498418
361125643
649895479
691486911
1786499260
1724194113
386124573
2047600824
601605793
835552875
741602392
116315156
698708122
746824658
1987593938
1383186881
711430192
1965774095
1876789217
956562983
891473839
7406954
2082107999
743111328
1854682391
921809332
902413466
1333607948
661958297
1567806219
494774043
610659517
530153206
375281839
202396834
69492190
1871617009
2074092654
1320677674
238691526
189024886
812945089
877148609
1908918455
1934270652
679399878
503198447
465696843
1536430633
1446277303
215231128
1027106748
1109559050
1758446449
539518329
1008597869
1415958512
1748418777
1655643138
1448606187
702078870
1564411472
1421319683
1659306600
743386258
32979960
243406794
2129122870
648066129
10372519
384751426
443955665
1204671977
446093523
628429384
688080942
376953099
373976243
1881564979
1765899978
1256928706
404126203
1805802007
1875432245
1772254696
686491782
1585228390
1251426048
262750018
813174294
434429750
16408450
898912334
472140893
319912986
1625987261
1238487552
1848779740
500201737
1639599401
236974303
1392428983
1424615922
1224620651
716008509
1604136622
1214501516
294914677
238719063
651839245
1148107368
1099965681
1583967191
1529290925
1708289179
1507354710
246027311
1074995502
669479903
1281903088
1389253312
1738204600
1784662059
911127964
1769287838
214633257
1716107086
1906415192
664118704
1370544669
834654161
669301723
434715475
523621231
114044011
1182279753
2057106627
1451846936
1482256138
1468606166
1834276991
1565635052
511192273
1673944311
1946259277
308757435
965718893
156030625
329181388
633713444
1450447835
1589885748
70747015
1486624314
1870096200
136175908
1638401701
1582066873
1802901004
362915058
659822326
28279974
707637031
491142931
1859585896
1730639281
1335880799
207059408
1123962116
1165124600
1493258854
1707660336
1675808644
1067849303
822397542
830736302
1393838567
1493174093
283082209
1086408558
1362667512
1587262576
1080251798
965217248
314817698
1888827725
1424304121
279148538
1545193118
540991055
2138383634
1674904093
897446175
1600210344
1797540227
458649193
1198177668
817908157
539570252
1881267730
1065003329
234752758
562144167
1176451616
740372183
915028963
761384974
1889689192
870594461
1275019016
1652772146
440483877
836389530
1918361095
1722931254
636089830
588178044
641158367
2023217170
954909592
1020218713
1306471743
1997777673
742529266
661900945
603891155
590926363
1734999213
1598813925
1950246211
745164116
1996151955
1336374251
2058056231
231972188
1073744411
1117229936
1834008631
1350275826
1626109733
1149390809
1195922098
1563248813
1207862693
385366160
38371768
669210676
1051972193
263782000
977826592
1786664900
213138299
212668097
899917671
188970676
2049321266
1599787076
1126125892
1024485833
9513585
981033217
1993320100
986027500
32888601
855419728
1783835478
2051166626
402497891
208565987
675231605
1313994487
1731000908
971294847
1529292682
1737819078
1747644746
1531406003
749183126
824176321
661903897
653505419
1234206375
761998252
1459634303
1368030840
1534403098
1729234910
1354937519
518289045
690307083
1284482887
1798262165
1854842924
1472403816
1236871131
451395757
1696246695
972788940
870709969
1068878325
937301120
1427373095
319787028
1656494802
730137506
699504384
1244698210
1004610043
964559987
5650306
475412474
1618283678
613386891
1271971437
1971719421
868151890
1024917512
822291597
1197602334
1885687854
192099752
952610423
1032790976
7614931
1282610144
387841622
841272309
231365515
1614809535
205523959
1087474537
2098707389
556184948
1951589292
1843490013
1790073222
1662231331
507216294
1421658315
908243683
537817305
336774912
1556536139
57100419
1909035571
1755155617
1065079727
1518773944
1043048566
608238301
638965187
1669662909
855696214
2135768386
670103897
1031952011
939515705
2140681191
1635238946
2112734763
91058596
1413466308
664135442
1651860235
146381229
1360539988
189705060
1507211272
2130232139
2111681036
1708421730
1587655720
1245372065
1592672793
1815455743
917016025
1945681303
1332166652
60416542
1808540010
648408432
1468491746
2058703698
376531822
1883508292
67423217
1458126150
1790307133
1298606214
798334237
125694803
1576129020
789653395
255671305
2100329135
2043066206
1697692359
1647743671
1826250432
1954727700
903622094
172182274
1207006609
1029547901
1335828228
1470982258
967065942
1321046698
2145910600
1479086482
1883288949
675892710
1687767987
205064286
1951685014
1304806020
1919258623
1775298821
309493129
445626069
1361864594
977521632
956169474
720219017
1503184227
1019679881
840256907
345373277
40368698
2019358481
526432979
126452413
1424378408
1527690147
573817097
1942374249
1585084896
987206037
513207137
1178025207
1417912356
226936533
191353059
1287843054
290530465
1715195624
1619858887
1318120790
214815078
477005339
472278322
482198542
1855095263
1418498095
1481517318
1936160308
226593565
869540824
746411133
1479930204
1031339074
1375301781
1330540606
648748831
747126798
623209977
1012337020
1982843606
1001251896
358758180
1662134131
1021059541
405882410
1257601998
982726612
389438807
1915356840
622541350
512141266
443800486
744062171
655631516
460296655
969784091
1907820354
658356321
1158937703
589296031
103813053
1029260407
798883864
773341204
974583984
975243419
1320949229
507749117
1786879888
1678957968
311446596
1065291233
778587992
1110520373
735532934
1186149606
525732941
1245815629
457718353
585935317
1602351324
1273769088
2120068720
946306016
301321230
539472984
246484454
168263315
1913055753
602877787
739119563
1337081093
1053047843
1162362374
165683059
1496366101
244069490
382152660
1863652090
1351685135
1690045979
1984053831
2014150648
1045213275
483280465
711622301
899582764
1002639668
60722067
501047744
826053521
2147233239
86360038
1901696941
821369086
725345486
1764402830
1864166034
1399607355
1812429894
1601179410
904763313
25297184
2115493029
1352078671
1861754590
1672657340
1790974150
1771742698
671275984
1403865397
362897790
369599050
1328526226
1152802523
554540827
88651409
1758063692
548972371
988891885
929967062
570428168
819219368
1102257059
1440451591
1086737306
445484207
1125073607
518601014
1638602772
666499876
588713180
1045254531
1176670057
116742776
1443266521
1152625582
1875660734
1317502025
552649958
521070831
199144151
1236223831
309642892
815209163
274734681
375942517
568993745
333192124
1470160339
37975191
446391978
1349595275
925507311
777320756
1286921391
1980009600
614753288
614685699
1626201023
536218192
1377770132
2013926570
1574101623
1074930368
1722256412
31438571
107085635
196971259
1223649986
1581911030
1331131350
1987448651
1088831919
1289906546
611902157
2087850863
626662461
1056177139
69349071
1613699623
878585798
293950214
1208858598
2091155966
340953760
923474124
965285199
1456870155
8151991
1719042976
1857794541
1688106854
1605434661
1555806519
679278961
618430075
133419045
400961847
162078243
1039765705
1267768296
49005338
1146478965
1648683871
448322656
1586245716
1169754954
2006207240
684341133
1946492646
2083506571
626590815
1999506464
1881032192
1401283457
2065388797
1063841071
28035375
891628932
466571358
1202018709
949774834
619686887
1929305506
982053289
1957801028
1017438262
1820072020
1193372272
1657996171
193842525
178625176
2118678173
1197702704
1425122797
1153734188
1180648953
418054791
1827863000
1139870665
104651768
93157883
188960918
1885318560
427826435
703642889
2081075041
562055398
1831994680
1861539721
208837704
947011930
1428199593
1325837032
1052675552
1347718478
1594434837
1365358193
1712381556
1568458245
715956790
734895389
1208349026
2116713950
397261448
246498013
396149428
884130696
1145254079
389377692
888197035
768736948
900264684
1726250873
594351541
1319907390
177430220
1362405504
1478661414
1181622014
1739905489
306732424
1291097368
1298694688
137833108
1573674690
341918378
2103423321
359959133
371714732
379571601
1433466417
1798518473
1867644186
1874849550
568834419
1950367336
633428344
953739429
680641995
2052106043
1158893881
2000263324
1716676330
736280865
871724041
932517253
481815365
1857490365
870788116
234811307
1546177210
2048239770
602952980
2002888314
737726673
1549098980
1762304279
953557729
1921777389
1158526043
112977352
434811116
2131059518
985054360
857193797
1535842103
144788181
355986016
167530370
331867373
679906752
432295177
647862038
875182376
1074695129
2063561833
422828181
449850144
1488932768
2013576932
2140186698
1914229683
1005766474
1073342981
812846867
1373815102
2113730417
1792629845
1681721152
1655123497
1304934488
1930936652
479436700
533973356
156033479
377148566
1511706465
371529598
1562991757
1182489795
1292315227
292414431
1166757481
1019802410
752118163
761219299
1252673114
1894835457
1464524436
1952117585
2132575876
700679502
1667553613
1911980341
1855781126
60895654
1271040806
1362989733
560379982
1590565379
755886997
1826986574
1442164412
1956832442
1918282536
402590141
1759011737
1450379157
435614602
602863191
493804591
1496948929
1449725098
180263224
1732063498
1650375801
967302755
1006195495
1841447987
1829480592
409451998
1122125398
360176232
1873013978
1930630520
1776727117
692543884
223691648
1489145686
1297122464
1630751751
1858376043
723992733
503519629
1568835423
612736495
1078184100
573155314
1557205603
571363632
1509177287
813307892
532327689
414595621
1671651279
2061976099
1688684254
572378226
1381589469
1781014119
1877226147
1857594552
474375378
1367680382
2086706433
719580274
1505248861
1360245167
1677099454
1287656503
1450135102
628749511
1773488137
2089581846
1802006331
358531476
2146887297
714563785
944980471
1645206532
2134228199
553984752
1480117119
2025335832
56039827
1263535003
1914493885
1151242194
99895088
1752015709
1979737146
330586204
622135839
139168830
400834227
164652550
1356470514
513532246
199681229
1672959189
421699352
804973964
50436848
1583547418
916617055
1682643454
2123867682
370950940
427421339
337645358
1153736532
1220044561
1115075171
2126095275
1302884492
1836392232
609268540
774322884
293810568
1009311923
532162208
1928323748
1661515759
1365499572
1941054762
883303357
125069388
1802197350
1421504162
464877859
656668427
707790656
925634659
770174945
1446360146
1607573429
994858296
275705330
1657254731
617362327
1515131232
2097013745
8397651
1552883302
940894723
1695516600
1586984157
695830959
1782469998
576380736
2079781982
304449255
1572581631
1298228588
894024996
2082513360
1113562714
328550593
769360114
636397411
1462724617
1767330710
1680921313
1097131306
1191266800
631066619
2062416647
503039902
2095998322
122052466
488913177
891332417
1925494694
1358245415
279522295
1384476076
904094087
1662517684
1024983871
1937587310
587896062
196854187
1403504529
740240255
845198714
1797944940
818209643
1311678160
1455198665
1980190619
1509655974
268665713
1454012397
1369937166
1361769475
1526340246
1508351107
1960086161
768962947
403662583
456191608
695735866
184241947
2030467902
411394437
1556442966
638625455
254754479
1723620082
1475803791
398192487
862084957
2137189637
934749337
1489229154
552485493
2051874870
1568536564
2032264223
537390426
1752154147
11497318
2109379043
1673531025
1442612416
896501082
748417822
846613875
1960235750
1135621623
1705446872
981341195
727055405
438240405
1785061272
1178249914
899595611
1218559197
1920366187
1062774146
1423579723
989093234
19072411
574948274
1626713265
555534898
1763617177
1544597945
1275336679
549283246
1918800716
521706813
150675390
518059917
1134320081
1305266948
1076140931
593352283
1705247360
1923110305
2086008785
1879112220
1344568758
196698325
931415542
1292711411
508627978
1525511186
459241569
416822865
450235541
1523849206
443631120
45011456
593297248
780274115
1531902223
499218078
139628117
1677619895
1444773802
715693585
606176248
341778768
1904481698
380139751
244945232
68362925
71929330
2030439696
2084819842
1223900042
1489634928
929878170
1223903971
1555669631
526085992
737092845
1633770019
1046798791
1361244113
1286515700
1604011904
1265849737
16038930
1130840635
808276495
1868984190
773976661
917291548
133945423
657862305
1445945379
1079035401
1996069339
2095330786
1787676796
40205195
1418847207
906591761
691251662
2127636611
1438314880
1682257528
2080060341
687861674
986683117
314425285
