1050953702
325872939
863185923
1313772376
145464978
993494960
984437295
1223600577
751493967
1007775362
476985245
134558464
223824157
1568740802
1169924995
569119033
291423893
1698654491
638427019
1214607921
2083263512
836465496
1047638010
433612317
1310197548
192872898
1061973363
849721724
506762718
240857424
84050573
1741224332
997690255
627800009
847593552
1245797913
159965541
2038805190
949756798
316555835
1036925226
772477977
1498713324
1039140805
1502492231
126721344
1649334431
644866341
2066110425
307340985
781763860
800242674
2136024404
678031129
1120954121
1876516
1473833354
1640796180
1023886133
667773920
526734218
894408992
2093883191
1080267748
1233288898
374347842
1684578431
285287769
1648033479
254602547
1317582605
1906958018
1197460698
1652695249
1295559645
1134256582
238039255
2111208071
201749916
2081643246
1521942245
605592298
1264749353
849237865
964479093
793548495
1296107595
1753717644
519387633
1974406423
931437917
1668768036
847951232
814874732
1096403805
1849059375
905059888
714865915
1727912087
597087828
64042765
477444208
1405898664
176277907
1322833736
2115887208
1534594183
645833211
1136425339
181116155
1034889286
914172749
1403381805
825101634
1181253959
1996456045
4763940
610644641
280132274
898974894
1523586813
328559263
915076804
1565448661
1673486030
686381451
1878378920
1904897540
926745304
109432637
988328227
46501644
2016566847
852080575
1497265829
333412457
878329776
285955754
2137439139
833162157
1362994259
636448464
173288741
476044655
1505931510
2096108675
1976755337
1754929869
1565900385
675676710
204939634
2004142497
341943884
384619016
366024442
1379631686
1088809943
920555914
1311053610
1695805050
2139996013
856870535
397744963
1930483677
1456220463
1973680429
1614558641
283715795
997670225
291155799
1487765927
1729833068
670760790
1334934427
1481254380
1811928636
1766470792
113181369
1716241188
2012783859
1695910669
1767650899
619886895
995872668
144386358
44997796
363713628
1196486434
310625730
153898253
997627183
1715232552
93024136
88558736
200508581
545878724
533574284
2038764963
273661609
1668174236
1605372867
517234761
150825071
886264837
506539867
790367961
1527963832
878673598
1769604814
1247081595
259972445
1375145117
844972405
141853224
420287598
699944603
53524355
1935670039
576577070
1084600226
1034802646
1605497916
471449657
1587211416
220405678
2096422718
812425097
727577653
625727953
382286712
1969180407
1144616532
411543498
1914227546
969849915
866640675
1395730771
1083192016
989337293
1973488377
534224324
79085361
2042768481
988795578
1458818960
549462921
643631147
633557690
980174004
437429091
1034208756
213923274
520841040
632014108
806995094
1807314053
1518585603
25085026
697237170
1794338158
328566685
1039818358
5223620
1894035460
903876739
157033495
4548302
1281384069
1256035567
425524559
670718603
625897518
1084682020
262030757
1609456549
432201431
1219756663
571340779
1125086916
742285377
857825816
1420767201
963676214
184463024
1451141747
367562850
1465851178
628350262
1505761135
1380099697
364736232
1203522686
457312509
207366150
1984407616
1517764202
1252183948
115873436
1864654670
1022178019
2024272980
1520039086
831453690
566076801
700238197
692991419
1302961452
982375305
927472999
1602384267
1827442089
508070429
744719731
969824201
434465477
616872139
1866476104
1570248199
734942610
2001992373
712031815
1339833621
70145705
2117825379
1897179475
58245669
1829899498
1007554199
1054865998
1655322401
352946722
625723640
309798121
1276659319
1304057256
72200310
142349615
173196547
1074023744
1517012373
1501095827
279679433
1878010795
12787959
178862213
1807591738
1890670104
176913269
1263944635
209244321
1338572908
356178784
1259898499
925313273
1811091384
579678310
1667533378
1571890696
423102278
761631129
1731848983
192505843
1335330919
1702644483
1126229506
618442684
345338508
1603489762
1080143731
1296418826
542126120
1888068266
1544978590
1230386253
981717208
604254955
262862022
548141875
2063131142
1774139132
145952929
604552829
974263046
2023689394
301643772
1665469084
1237039790
1138563923
1764559091
195477367
1885610906
1046318363
1876625305
349177646
1703372718
480773269
1522852069
864618737
1772757157
541419221
744635008
1693368387
1989190265
295367359
1404494496
198746448
994480451
367715356
1881535873
1276715436
99732028
1158949936
794896062
322346047
1716254195
83908861
1506954395
2107867694
2042092146
359051468
148974606
1997754287
349480764
355426003
1492810114
608138097
1102320206
354279573
1552113927
894910980
1940860919
1920351350
813408687
78905607
1169126650
36236500
1288983399
128956057
553450176
1085432875
2144232507
1192664842
505638396
671730393
451182872
265772147
66488869
786924843
1641538075
608013516
1155970986
119807293
1408996212
697159615
490871273
1588797184
1102604690
840634867
255296056
88486486
1133686478
1393719562
1640540705
1025085102
1491493080
2095067776
1662235020
569217317
1943283081
1827438791
452640943
1149251327
999131771
1233039304
474388778
1592894182
1241373372
958632599
1315771599
1534151234
1791123956
2142048493
993163543
1856762717
1526110062
1934615913
39750564
220314931
571237889
1543298333
907594265
360467214
321097511
59462466
805770207
547991067
1675984733
1879893479
1590286889
370272861
1915849468
312205558
936263685
1171072226
523277627
781542524
1375215816
2033210498
1409048822
1581375885
926883923
291718523
208049960
592300404
1206186183
125550001
1289925453
929672106
2055553617
1120211630
407732161
134112350
1315920747
1893398023
927891315
43086691
456026598
69896443
75962592
1097997426
715760111
1724278730
1808282492
615270700
720894595
2120205438
1096641795
1553990011
214000063
1811433763
2039074869
1187284457
271820875
795728956
1435893623
1790380422
382890790
1384501118
1324974981
1596569924
742543403
899501504
1784386495
574691110
1599525211
1019928131
717627363
894928389
85970335
1794409561
1528636906
1453610081
1050663095
1884092031
1288390002
893150913
276702261
1232804872
829257448
161059506
1097722122
383693077
1983636845
1448317887
151588064
824986306
1390419910
2017864363
1184595517
175962882
323175855
630451722
317777356
92192203
1138646334
1002157121
540489226
146594572
651228495
1620650353
1735387970
1690201883
309365065
440738068
813610373
1321158562
1878525201
68475013
1955792346
1617258240
558719601
1601829323
1090432869
279785785
1517985212
671731724
473552989
430690341
1592670797
1781908971
1884618182
1541475271
332162289
1341592670
1717194837
860893426
1438480943
178311075
1134549960
873876007
593387816
154966844
1777566944
1922614391
193633128
954257091
791052641
150478710
1507426451
1451778298
328657272
414830420
1322950778
1935528455
344458429
1844387538
1842390368
488208883
1939165041
1335017215
725188649
1275927018
1881176231
1674663283
1145119799
280017379
1115418276
1450210069
1888719880
1759236853
938936475
995497169
275825606
1531249816
271631864
1913988373
1245036598
249446218
554506982
1667302141
1980457731
1704040064
959439256
1988353916
1271235245
335958712
723564621
1898175833
1771649046
1244750467
1882893442
471057502
1438713272
1935580931
1226422561
935938821
6050272
755190095
851572895
1554622657
109463150
1501160218
1361898970
1555279064
404277364
51397640
551709386
1892746403
713532210
787168622
1443764434
931114785
532855806
700723452
258737616
2096210584
1542056253
1506792175
1528919801
1913259052
1872240433
1814561587
921321662
1296078364
1262432227
560006829
1761433849
1356626248
983469937
2145083847
468750693
1322880055
746886994
887791443
394403145
1599123373
708687806
971649180
1042116472
2122403619
1534247863
1267683912
778247097
1823549049
1649740206
1022275825
1520614775
1917124125
260529287
2144054023
340367901
1814360146
1830670069
1073639114
1494986904
686225628
1406945406
589001525
1596501652
1742579546
152451836
310016781
656710645
1417348582
1489005150
1082617559
2071856729
248708198
1035506724
554034980
176815468
1767686875
1224535527
1432813088
1555436205
897862504
7517259
1788520487
1335217950
1951458147
1786819645
666453867
1962923564
1212554934
1938449355
43900848
1254661415
952472012
854000946
1560686521
1093093989
2055556685
1171775506
1605886352
557442568
1613572162
883832418
427063027
757946515
2081567248
244643859
1445637855
205446827
1938600660
439400336
1952668766
658856708
979007424
158071854
276378839
92018612
368586044
1482803560
2079193132
1145065540
1515570013
881671424
614458868
2108819700
862587812
1998739034
1867738064
1305173449
1652186885
1341420485
970765189
1217265264
1648070726
880612876
3311808
1974465881
1930748523
1612519891
378182897
1715838406
1685677726
1581269658
1289010381
582442531
881155491
533107525
636397391
1462388477
412793024
1440174558
725610969
1931408317
1964259414
41865767
1410793400
837727273
779487579
1197493553
57405587
595543206
2020868222
130846202
108862486
2143218605
1331883104
1737276247
1214218717
1984362825
764961865
1876954113
1580486408
1009829513
641362750
1163314957
1143360011
768031521
1929054977
1066379680
1892247545
919160392
1478835473
1959547980
313689468
106535291
1684757886
1153904307
1892355339
583370503
1445195366
1358468792
1886335887
346172148
582091713
1427408306
911578305
748234437
2059429474
1837230819
1818498367
514790065
2012492339
1091301323
1990990281
483465213
1669198290
1636779269
83656013
1552305353
1964724115
1409644533
856072427
2016329336
1155200492
55016517
1244633009
2056260483
115606610
1675077382
1662430751
1711384587
1992269438
507420442
557806457
1287003644
1214952124
1425832392
194995471
228835775
2047142295
1485043478
1070789312
843004924
1434138409
207786135
453160923
1298620599
1040102932
493091544
250186235
107070819
2095442394
1515988805
1477857627
557275787
957967542
875576835
1261916601
483815235
1109567103
1893793220
1127516353
771643743
362644368
405302790
105863246
1127115806
482101255
219992654
1597179291
246756337
442833602
1673511959
1122170154
1112390324
2099028333
1655323462
370778949
1831735896
1807124327
477344368
1875371431
750153798
2105875096
764752265
501690560
892443798
1277122338
496083001
1135480153
1475244229
1731052188
1833157807
2082862387
537208562
843049546
36616716
1236822770
1786076077
1054208373
1340037261
1345239538
733079550
754314011
1159614636
1229090727
682648196
1410587898
1678822453
181329638
327930773
1089463609
1169302141
838230090
640398310
2133841053
489672871
774607593
783947437
992399314
1897267796
1542656716
861355581
615985440
1996111540
657119346
1843935348
684883979
332687133
1572711190
1328243054
688498013
944214455
1655677502
2026161935
1055451066
751142042
1535422828
1687967844
1416577238
1409928424
1332461170
715413274
189956565
1439288513
866238183
1073498668
1281994629
780299252
1954379782
1498615209
1537605647
1867384778
1809946588
666444761
1809879022
1678346646
774375977
1186144619
441916432
1291021298
20186198
2114497207
1795167493
1382298148
806880190
2023606172
1050415265
2013780515
1266838885
1608263837
1861127317
1867498264
1569822143
16670359
1005849603
323008437
2111624690
761414508
238583483
520629832
1377208546
1165285256
2045920599
279351629
663576261
843639756
1366341598
1060600215
1393543405
827353653
376231646
1133417554
1168881188
205723960
153924050
1431197362
169733087
845709993
1801076505
1910815070
1598424252
1843463041
1336754818
2011794859
106173198
2041511776
1342191113
1037808103
578606187
828231293
94341597
756289293
2145924505
1712787817
1954035931
14478746
678631911
480878960
1151717059
1638500202
1090089533
951788574
104876715
1726358465
255166638
60841807
366034277
1544928531
389044640
1733043012
933198423
1192821320
988080495
177837214
1760302721
1673110775
821921607
1421631345
454958893
1452331331
1033548315
1998793269
631782062
1201965266
51558333
1104992990
178603674
1757294059
498652422
1370065960
1378926586
2123096125
288294323
639579029
1249087168
1755383151
594276371
56525200
831264426
1680084047
2057587173
938448970
1391935222
1715909383
731104518
1919689539
427769445
1893295606
1354052443
675202242
820490546
992109235
1316877337
790936977
353997509
1106431573
734548038
1812871710
436846334
1977230092
1144202566
2043951524
1544846456
1157093762
1810434349
274309300
1816498638
1265083114
16308051
1358989988
2056142471
279662573
1594644775
598818865
1240294213
1076462
912227658
924492073
894084866
941264803
1473000219
523198117
1592701601
152148152
1648450734
824956391
887638505
2118941473
1328018510
1209554299
898900791
278137692
1735773572
1728563756
812270476
276346153
1690148657
1562279330
2093631088
1138139921
1080808418
1730395000
1525217326
1962787490
1073042863
63730935
1678968339
485751993
1448404104
1600637183
381488712
1442096289
811889181
310372029
184912840
421264671
2089224985
99210798
988571914
1994665406
2121748972
1269013969
1657678626
1299314651
1967616661
632541274
1077139468
195894466
305859211
1647392006
210784071
1447347394
1020381389
1893083628
2086305491
423399021
1454023436
1555469639
1459787742
1799396466
1591687008
279752777
963219756
1102708006
429583232
165359010
345041852
912559664
62065974
1613256223
2016296586
604771242
350163043
1085070921
355838923
1990305613
1861152019
135181131
2099053838
2083985997
94369009
1217002777
1531419011
967808582
917695296
477287118
913170681
1741494105
1236797772
1365934691
664165207
4636943
623689709
485258156
1738420233
1113838596
670332073
571938749
437750471
2140675122
1533237263
1462398888
587770701
237395507
2029153670
1945417330
1190539735
1296187046
941566954
108801135
1112092348
1385912995
1432071603
1978199692
260400590
2128527191
1373907411
1517684133
2053947912
2050415106
656603133
1757878045
1723770536
1857000522
1227931403
525242551
1593765487
853010978
2102163521
661337003
1863136196
1270989265
496740146
1442697933
186301654
140741452
1062088417
635950655
396547466
1131504421
1227109562
1744946393
1277343719
2069349821
1064778382
749035823
495938447
853444722
802164341
73743321
305931728
718701578
1769390718
1943737417
873529355
1209658593
504286402
1571087352
1953685199
562176963
1727653988
554185229
554566764
524574568
1104393441
839401866
1007084719
1754250226
880558719
1240578756
488423369
1249063949
1365141418
216527778
1345066828
2125309874
987551767
2028923953
232047358
189642954
463395730
1516330088
771350067
1869282777
1497361076
1934228786
2123241663
586867842
95429823
1866234499
1804560258
332709625
1950734234
357432089
849359164
855667739
1657189061
1661130284
1329272188
805283975
965824431
1929807791
834022696
793687703
1488292804
1995120219
1175856475
1475255631
1922685602
1390476405
819892181
1672806915
9913881
1266357148
2101644666
530875606
1779240404
2131169200
680996087
1560879346
38936470
1570222602
304733831
2060483169
219329861
1195035575
1695842281
618253783
1465446695
272655422
1937058503
290171401
2122857917
579699761
2028060335
749605161
1474867625
1843919701
421904850
2111295203
1666177440
257477200
239751695
827416093
1425660726
1604772303
1160973848
451046694
124512148
1026599258
1170109208
1517703277
228217473
245275169
1318646790
465362490
211927056
1330143466
416467792
924974571
413494164
339332656
1594866607
32181995
1864394568
945610999
1505072393
541831138
1225273086
944065319
1296632397
1984130270
1151377274
222701001
2019210733
190715990
1318042606
1048260237
153963271
2090384709
263339243
2126344281
1192961040
1188870888
1165162928
2137437550
806455834
1333905821
1373342514
613394842
1405603894
1664529458
477131137
439081661
891665335
1078396579
1996806220
1595187871
1136698749
481350731
490837668
1023997949
399581785
589696326
389120177
855109724
868565544
1534749349
1106224526
1549676403
729634405
833820465
1689758580
1448706132
234370838
585665668
1365327875
1202826930
1648643299
1913912699
2120667327
269675630
1247818240
1903346725
632001363
592789879
842857920
1110925828
1107564178
442887450
431051648
1222706605
758892092
794010711
474637319
1475155475
239363710
749003139
2094102106
464604859
363324721
1102577426
382408819
1873949109
467508061
1912800501
607824717
130309840
1831644587
272493964
1370917544
659113345
997338189
1153077688
884271688
1367422976
2055451085
1544439953
767448782
724895192
638762513
410804638
233625761
948058411
1836536584
887908957
221977296
593319033
1146414610
567069386
202745116
1628100470
247969216
1500338132
430001450
751897995
1355823017
368468402
1653078113
1287903952
1314043151
401413109
1303987736
1051261317
1200990950
856098497
307004179
1563516359
1409541021
1263829890
428208753
686810574
500714593
1669235605
116448827
797832972
290868536
954703980
1859465123
1848291117
877849564
804967258
2085212753
1385104278
724866866
162687431
540970186
1787638351
1541543727
1482702281
376996979
1111467403
1619880615
1683303286
328762224
31275037
1653536991
410331910
878420853
1816686893
134117605
1404241532
242147794
296462693
486420211
1941725795
1423936753
547245503
2030192467
77125686
1318765461
312382340
1759955112
125813606
1425367394
969708673
640270028
2125289126
638840131
1715330364
1736950420
33011622
775550028
1591066953
595906627
1686434028
1407535490
1916608725
188136075
907084141
376747734
1217373982
1327810505
2008581558
1934798113
954502317
617598729
1193372352
1659340731
1317025975
1141612196
1457275874
384620283
387318911
646003120
1844602255
1156171693
1345606195
453032808
1292875441
1117996541
1833436984
332539285
1235313501
42112111
1256129714
2007853188
430501758
570639963
83890639
1200697241
214698628
667313836
1384037018
2114780869
120223786
1966543122
1916924124
1194079774
664080403
726819762
772755798
1873083577
952897266
1558793983
1497462528
1491848903
1632933996
2028145759
37842682
366796862
1476792744
1987140029
196789259
312259633
1845102210
968980790
1291642329
1867919627
61735496
353879771
1275092654
742922365
826264897
1404862377
2086755121
1537879490
27413138
1171109908
1156599001
2084920810
773385571
1720260153
840051910
1194955992
358290800
249329412
738832187
802119955
1475231466
1516544447
79114486
384788709
1070571046
1469575556
946945545
312466898
1033637771
1354796614
297582357
2124743883
64875618
1590302697
635957917
518599900
1619879774
1669168599
1137762632
1182163136
97124708
287395636
567732149
604384622
294691644
785170726
77381067
1315986634
853277185
133853629
1262564194
630492551
1003990359
1286949234
300483254
1487995881
1299702652
2046298527
188736584
262420669
1720256592
780202183
322941099
979874924
1853242472
343410816
1417025023
345916331
577542688
133872776
1584367823
1820262008
91533294
801781006
73482917
224288994
791321673
377132240
1237315383
1475488180
1536169351
1349878023
1382685653
877225784
1058515033
707627883
337392495
1198835385
1134739541
1912680227
733863246
1040990801
383120298
946874780
1270603190
450428562
472985859
1636354666
1537287980
823322803
1349212400
932978127
1785273742
454265910
542784285
64945539
617981297
1180741787
1978315829
64831502
848845085
805476574
2055352177
2029576844
467768160
1989317100
279599557
535534863
630477864
757145950
1511373175
1212375509
1070337027
1831385517
213271768
308397933
1366019720
2093247610
1135476116
1407394370
1692288532
1019936456
857545638
1006782849
975688430
210314518
2145504711
1099761000
291377271
915078537
1594575192
1576821031
1682864037
1536238869
370783402
1906577467
1243990982
2003130929
520389684
1636008404
12629840
1816323474
468585413
692502742
1679701701
2073948892
1051953387
2095193205
1622836576
1972015932
1556644973
1886273457
1444394785
788005807
481947200
1925757563
1481317404
723689357
1847130138
692628334
1643042798
128089213
1016788597
1638570600
125785072
945796456
327080898
1838000013
1861440043
681033205
37237925
940064198
621784807
681824947
459143837
921724788
1628966105
1911794779
884524239
1317080339
2055307944
1286152813
1947421036
507088125
1415005579
764859375
154404683
919261605
1032438717
529648859
488656398
870615058
1621192795
114792429
876039197
442900147
644450127
1513252668
588759655
1826359856
1646333221
1743137399
938352619
1920047612
3451415
25873436
1063142158
1166306466
2029527893
1792532350
43122687
1061011370
1861374549
1727759194
174898824
1766905872
983119988
558458298
1505077096
620874459
413991640
110477200
1364429392
1134408678
646833080
761354446
1376605096
1760519341
1018875821
211322369
1904587292
7374462
1536014955
902428098
1579527972
2081264837
1604473123
427622882
1577494912
123880122
1141556511
521378079
1068093993
639935078
790751770
1536190754
1709598244
2033973695
1351198919
2108148255
315029932
1160877269
975327088
579690465
1871822463
1232190738
1244925545
530462094
1271795161
1156532336
964482155
845011529
799410292
1031082012
1349828041
542638179
1904309291
1777462596
168837555
826889198
1160071049
310089430
1877722388
1607982451
1426840109
2099309561
2086955164
605034897
486445334
216484409
616164045
702958481
1315648020
1604642628
1129009770
101699498
2013963521
47653433
2047331747
374195948
1279179620
713083223
1830978701
1965849844
1002419013
647140776
1637833824
627692722
1191904590
612984914
958394939
1616387273
952762761
1445652095
444778507
1791942
52398136
187176482
1959073766
933509358
2123738571
348466010
480324701
426220634
1632232893
982125873
1030236669
27050122
1512350937
465752267
320458154
51207602
1652708014
1510101000
1305766754
886445785
1400249256
1863441766
2111736961
500869558
2126248713
1734233311
1611200893
1832103628
1545145110
1881604246
278376800
1459494434
1164736204
1407938223
95407668
1493875414
1332766021
1544076737
1105328411
1521057127
761799601
268390593
1125037851
2065133569
1069191369
1903664334
1675088532
1849828801
951900788
1990857413
397836384
1319512777
2135104117
243153049
11914302
527694543
2002205738
3090076
395299804
1636885657
1871719129
1642939847
545275403
1130976472
943805307
1221578007
1117898329
182787900
1214620090
140304248
156451730
964242182
1106752612
1835283217
1297406258
2105510215
1074648239
1275481603
837537267
1881024031
1264121530
1034834939
762720
2081616805
1077548358
625657755
1349952573
488163856
1182396252
1867621673
1496473559
2050116096
2073593004
1512994712
548260457
1908655169
1804190144
554654568
2000296396
125033787
1203851343
1686083414
1957216933
1937971832
608106375
569168552
1123689726
882033164
251772107
991017759
152309381
63259243
193691836
1940962447
1479248799
316383474
287537546
805329872
1737215310
190050558
871545217
74505932
238232923
1071218853
1619849570
1161529971
1207871367
531150078
2097324014
928121440
1763313919
742708033
1518954267
1926253580
1227940535
678724075
2029879308
1256313314
798651094
1156143108
865178100
436552863
1339830289
14144781
1508133097
443475738
1728473476
1442418163
1926658205
1586021969
1704206419
1607884094
1921237657
677184907
1930886496
1783948455
1802487418
2001709744
256853506
494744872
120382520
339418166
884549530
1742146176
1458736834
1316654886
1347170314
971377077
763848645
346934749
514224838
1102656738
1715405603
854008646
1690100421
751576878
253776892
325700902
119243711
526808126
2136580748
1438570149
1677596317
1048498356
2008545657
1331410006
228369102
646220125
1196837996
1924360970
1631098970
1251634835
1624349480
1629589696
1655070481
413894576
626606199
110581705
973361280
1900093761
1794010237
1259649379
1033320727
321205400
1872752889
1837474991
1627329877
181514547
1288212689
60534969
1651458952
1991952436
1622018769
1112035565
431561114
1195367079
824979068
1268770844
1866444045
1031432586
799474318
2107166994
1002845481
1372337511
902178597
1681131959
342491334
995676578
1143669022
1666612104
1120424107
1831349453
1754627767
783439365
1043167798
464686878
1741818054
238957674
367207028
1928001765
544914772
1512302196
1794045927
1859491209
139234872
1510802121
204605519
683638986
882926252
229516594
604765346
251068971
2058312889
250655900
1558279533
1441035966
170909696
1293624633
824764603
1959224883
1325849130
1256006638
2086798503
119517117
826975474
462628134
1500245998
1028988959
531624622
1483050434
1933437156
1703218135
30180435
436430353
1428288366
670361196
1061409010
2102059088
1053615219
2108316218
990500426
47428238
409963029
1121088827
118396611
1321983955
718519823
862118080
546404251
776171985
1306880017
269704203
1728044651
677607329
440598462
614735978
323756529
1799905052
1549557322
875723685
1582540904
1180005433
339832386
1403894129
845796514
1107751305
1440447292
1014484013
1560132958
379295236
1083567156
851864332
10353375
62998218
101611955
542628320
1738609078
2140272864
1214937998
1188416710
2121727870
914352655
132094653
1764225620
1033281211
1804543635
53326864
763922449
1587358577
546256958
448102181
28206038
1612478326
1827083589
925211870
106811163
2026371296
279214099
499593198
1819016
507430854
732800941
366699842
1993661251
277301416
565384722
1953368326
1678943393
66484571
714688357
891178428
1484885218
558397139
477177783
1223060983
272472197
1005079575
266049723
436741407
213722003
1433046637
1185726954
2012155365
1870230246
241603383
1883965251
1305082189
118380065
1043895333
1954949388
334565016
922036066
418164510
1524426586
1557722192
663740367
1454285651
1667549850
1848735600
1905824404
1472163023
1484830474
1785798378
681888574
1528522826
1683751168
1413864057
906651944
1702747343
707513879
568810914
1555318801
1072137123
2020827931
1601159012
561934127
1941276630
317271539
180860472
1032592399
965098586
467949111
735593263
52615462
1692290917
1060021151
251149345
1261675060
719202942
1605880878
465441050
1532284976
489696808
1176916752
2115461994
830473426
1270648929
1219163935
1346779518
845719646
1963314476
1340161977
1293857703
447004799
911859587
1180773717
367479692
68214672
1875208453
158466199
461684313
669831980
756810286
164835621
138377517
2133622165
1105789549
681468905
917596884
970760281
1134776508
386500949
1930901315
2033011388
210090699
531262425
1838056396
661585477
1744271420
670490743
1091221792
654312764
1918351908
1568525345
1843706490
1133434867
1459860779
879445678
1861051492
593107489
1885961896
502956352
691773472
160279046
865432784
422059557
416488458
1272308033
1186437452
1068593369
443012922
392375905
1887039045
1426730419
255749731
1270951270
2005641828
1918879884
1852283389
1403972011
7275641
2022614055
1555774022
133101882
1512854247
334948849
930666356
1586044191
2077691573
1678167191
2053243086
941822759
113148476
1163408537
568675424
1425622018
954206947
2095766080
513728466
1350067122
265905252
156100957
1511251312
1311707715
1951929550
1119755278
1327758685
1137642818
1315932885
2097401389
81079418
1197146128
660684553
1634827281
1636332049
1157164061
844465995
220554942
310135472
504066635
24947030
525422045
315553851
1376449314
1289774914
547046780
837738653
970751239
982807614
1750839421
1537217553
1787139861
1753356885
898562061
1027553523
28571887
1318851528
1758910409
1894843108
1593114793
654215155
277837445
984489537
2101631871
315830041
1723407350
47900714
1908416220
2083141595
934890124
1707952616
145707663
777334461
1517261326
1390281604
1840839068
185313547
713496279
183276305
833308337
1672357872
1052782768
1002214143
1498857980
1322890550
923276459
1938096838
561598570
596537425
1550837779
921528014
469269134
1446383354
1997630285
412862797
465365722
266247280
1609598259
666437754
1692112373
206715790
1791225331
1698374471
227098173
760552892
789788900
385620193
12937105
538075388
379408599
841375450
1964856302
1483827795
2113641601
299899333
263970222
1993790099
295366105
1383418518
309585957
2005786265
51465249
1688013849
42299626
112727025
522532521
1143447864
97093245
1906080642
1483787795
1441361601
1348889847
1954280797
1982457961
962167322
594318944
772049611
741616903
360201533
150764238
2011328253
853860744
1351795154
1391651665
1245134178
1889473278
1536695157
1597164877
4500239
473589228
1039759214
1158674059
453198617
1932143657
1438216912
35709352
1019141551
382479185
909106824
12242563
1749809876
1413523914
1632319484
289977163
1005783498
1359465349
1455600210
139022846
94764786
1426375875
739379664
1413631306
1289773181
517920249
934403652
2121752300
1324947665
1137469912
557385390
652581516
738554183
424674021
1408111966
868022622
999793883
1623737453
2080670142
199368846
717705402
59046215
252290591
1115243759
664586497
642807032
1815042414
412646463
1124407478
60389146
1348095438
1487550616
258584738
1674273685
1039597154
582415286
423248776
1076339368
1780999295
1628079179
2037615026
274023273
1304210143
494288472
1039602308
669038564
306769456
1913494192
1529271119
1375409737
997473451
1278942475
1022354502
695455467
1914026895
1892475852
461348847
1474105859
1925820421
390288163
1158097603
1502120860
327539888
962310355
850790928
1297005170
1806875140
584225753
786996587
699855836
709101033
1474304428
968202310
1092630851
714047260
853679384
451161281
2050375857
2144428837
197415858
106090791
656497327
2127080250
677490141
618503393
1365674671
588976361
1173570304
1706285280
40078922
1444060543
1612851454
1655794944
1852525982
1186265268
322180528
1081860009
77132114
1426800857
1439601197
1826550877
561855874
626078459
1978273760
1505261466
1572097402
1749726373
10088993
2061980885
1769122556
1731705977
2083971295
1994756142
1499265277
1725880288
808380387
1467613387
181025867
1664902517
304682809
1202956415
1677414047
132570113
1165347252
940403724
2033230995
1753541901
1860642326
158705468
188111102
487362930
606134852
1793519843
1607532009
298712356
1789284253
1286931230
2145373673
1044888981
1475322148
893153174
314702888
2106699702
1739003425
178128305
210218217
526973804
626163600
1261754900
2061073822
1556500244
1601296801
730270203
782259216
535756378
58513175
2030905546
1324426204
963209473
929881625
1281972156
402595541
1849769537
2103334387
1012729042
2129106419
371574172
164663328
1537616360
2047438169
15346855
236554345
776645818
680656660
151097051
1162465403
1897291462
1940411178
804005304
950037404
737733583
1665235350
1603639746
1453441172
359293179
2063927736
130108961
602954881
2034838421
852263272
272887014
1534457953
503699248
292724662
2085842604
1233591800
1170254462
1811503608
1065476137
1738785873
816699135
1694373968
1710120956
81776044
20437428
2041952523
159891354
791944281
103886661
118906416
1300342002
2054435742
1659439328
826662107
1638319906
207338308
1516467122
926996858
42333421
680719590
1208761561
460255107
271486855
1624305757
894737235
1168212351
1849482383
1572104403
1867392180
1934352002
2046649328
1789681697
1524321597
1940655716
618988176
923487964
1197894079
346595128
1248665632
1113078540
780972763
389177277
1814789424
455610827
1671967834
939865043
1569554016
1952710811
1365507023
2066283719
1072409596
157830701
518287662
667063002
1463237274
1793622321
1182396108
1865201465
1622226996
316739460
1975626954
2117549611
1557313993
245590715
179577471
944031062
720874998
1790838659
1642029108
270870559
2003637120
438007233
13623115
1330427223
890604397
427080789
1056472449
737656947
377214098
465619142
230509926
119827094
1741791619
1942148276
2082123979
1011687188
1798535417
4938347
1394419443
518538790
592804004
1080256795
1049201827
946880872
1372991434
1155244223
790003434
1843809484
716971378
607206729
481203759
168162911
225565725
774503120
1175553373
675987611
1135285447
350304134
1308903711
2069674556
80148586
585038233
1557446065
317841172
1164747715
1601403600
377757349
1006104111
305557099
864762916
2048489963
512979437
1646038601
1086426353
1661748077
975100904
1073183271
276084544
1588253488
554640606
1765637062
1133066788
1716007967
240522159
891702659
1705701047
958293126
2052699829
401236948
490733456
1419990512
794766073
285104571
716508340
1414861651
493345126
217171615
1428617052
1899619504
265623779
1867835187
790036063
244721440
602058075
1994605508
1115043286
1590204080
1125985645
814838151
481586938
165801423
1338226202
971541983
1387940140
1142559266
194812188
1443365688
671841704
174503202
1560137859
461666343
367810190
1327927264
1823466424
261061831
357102796
1757382654
1987668587
490328977
1064362900
208480790
1390809273
2119437363
1072507152
1797454393
1163520802
308029632
1618435754
1021844576
715063773
758344199
175507648
1261992605
1761214463
1964373040
1951577949
1652848212
1718925139
2024791729
1648718941
1037744146
1651164535
1338653211
1705831305
1000055685
1728876373
1771457101
166214499
1838343593
1193538162
151142107
1919721595
966534637
981338151
675894897
1724524896
1650627160
896926174
1450488125
119556131
1482683772
65916216
1899764107
548482753
1349816747
352819921
642062880
45497985
180455563
669737777
1321024112
1766307698
1667027805
1664659873
521532395
1514199358
1467392956
771209344
1651634963
655202019
1831675164
786401603
1437377983
968215178
1308903327
2063220668
1131318967
257667831
1296203265
1214159687
992245615
1461532350
1056252064
1328613546
472906116
296114065
1069480356
318217902
1053997884
2097315932
792287266
1573468262
1167450276
1926189740
154981655
2026495421
217899327
774370754
1098361658
394956394
160161081
1030278676
733061771
455502358
1996412998
1428756658
2098493899
1263025812
1946455336
1456437401
1324790101
636775411
1373319676
229556576
1276742820
559974916
1225072058
1860355017
1772354046
208783585
37433897
2086281955
27829469
1725934084
1712529759
1911822419
1349069719
682422207
1907358069
1478666914
1274060514
575614561
2087580639
379974987
1770723978
729518120
1026902117
1965293127
235610982
2101413053
933123209
2076183269
2097905627
2113356543
1951380468
481268692
1259491842
533080015
174036821
164123333
1051854983
441317177
1956760748
713321478
1540363192
968803359
457043159
2122851641
474219029
887406386
365201087
426406083
454106942
18492756
1570104924
474403332
1837503260
2102446960
1130128982
1732426406
1307319616
1215593655
1470625674
1416409595
739836170
496193060
837758119
1297916301
2087868328
920196716
1716463765
1458668204
163190476
405712913
556349566
423356724
743137757
151390947
1807008181
672762193
612776296
1747119507
1293648718
1229561198
2147403352
797965582
372161159
1440219249
1476732606
976400663
1443396314
1186572886
1197348960
1922198330
1790830489
1504715918
993006754
1369093641
69546682
639980406
1552579466
129290365
1877197438
1375082389
1938186556
2069488996
1256408960
258689769
1292046055
63407921
545039335
1458348890
1238931019
712195021
1935353216
1694183850
662291377
723430838
1797168599
655148338
929458597
614591501
43015237
1402582867
282252550
27231627
267938178
2111233534
629706557
678691083
1475382764
1911926286
947278741
1617524776
743422859
648132967
1133718785
1936703311
762910398
1757686596
653570840
186253475
1478480646
290937885
2120252623
1889680090
717617147
723228077
536848119
1227534986
305112973
1990271822
1293226682
578853087
682912299
1554399725
657612320
1539414778
61194790
2003652264
692532441
31369147
1087760114
455949087
914652713
880202165
1690426619
1939019370
1034208365
207351737
1742168325
1830995077
93597629
1137320999
202088246
1325504615
1908193974
495336720
1477637268
1148669368
1955565093
2092784363
1939618375
364267165
1909848205
380709726
1234580469
606945169
380132133
116909506
2098013984
1787028995
2037515670
751630628
1157153142
660950362
1807311850
1481559782
502369109
1559398606
921943054
1002395473
251503996
779843476
736603491
1999131929
2028673388
315768697
692398742
2079257348
76860205
1151793588
777239458
2068029552
349853769
182070097
2035406951
1817612394
656627383
17964148
1275724856
630923144
1798515969
1825559458
1078945917
492111751
962674460
527852722
365752897
1110742165
168223784
1248658236
988773968
1095619690
1555340452
1436025480
1859017374
765424615
1064458775
1819851915
1789034831
1389862970
1247308371
1923913030
545022331
1172562662
1950715362
40250385
30871890
1320296303
271440070
837990262
904576408
1178952143
1964540179
465715828
1855511528
1972213009
573950818
2042339449
220505695
1629924790
844544398
1538274163
218231308
2059008127
1198102731
1705925645
438144418
171807763
1355051173
280988176
251734279
355242563
557217681
2128863647
586272462
826296398
1934299684
1167340702
84579522
2041335587
528466237
2087164914
1982819500
596102354
681050423
326620851
548441025
648494251
763368032
859206646
1006056894
1659464627
1251862400
1154067141
334139083
205831076
1954222662
1005383016
1071015316
346486858
1576455389
1979969884
2094730123
282268343
292664578
1076010816
553993125
1620842130
663616715
1523550134
1859578957
1614015508
1892697699
2042447729
2040367655
1440302289
724902239
757201442
296543572
1845753564
1178869233
571071809
899475420
1345992707
506689051
1150219802
96421920
1360539602
183217558
1993431155
705045238
2028034567
316522385
474731076
903445727
1502949399
1367892979
1364856918
1877387219
269764362
591653317
1068013209
1429682037
471469576
1921990049
437735369
1886855808
494549807
1136892359
1587870354
557758409
479460908
940837212
728929223
1866728473
1516846688
863911679
626651586
873401014
1200115053
1167283147
1264736284
629587182
819839105
780758583
1084421311
175261888
1426471579
200393145
753229519
112426768
1918564063
839247136
554021256
2093639847
1285352434
1380353065
328124914
57424102
906724811
779939365
200726267
2057043679
393879900
1394879246
1803996870
1601265744
208295204
419149018
891183366
1567878184
1704289798
861751300
824383732
2000376927
1478518304
923855891
939192227
998953739
388339127
612904256
1750259580
381764454
1781524789
1870122249
573981451
409704633
1073194549
465633890
478379562
2094007813
1027306055
164344505
474125493
1462830481
1399103311
1930896974
1960052201
198197227
353657692
1837578195
1214395858
666604318
196586227
1194868103
1028624024
840613018
2035563560
154772563
659769824
1293362507
714180215
940770422
1753873340
988686658
1775684167
343552410
1649311734
263397862
964070167
363180154
820323504
332117988
597025763
1168399957
707609131
22227631
2065123286
896364988
608569611
1912325063
1207072839
2142675511
794036834
913686580
1822274010
1694996203
1430606366
974281550
187202475
248454470
1066067522
940775333
1836412517
950198535
1298378653
1268683804
403562765
926034129
1041616294
158362914
873256965
926567157
1410283302
854444775
430185936
1705070550
1098948282
1664411374
639976996
1495267596
1108848778
558323180
1381632517
357038208
671852138
349867440
411838594
431455077
1560686867
1098909211
1007745077
2115468897
946492147
1282141300
1097915102
1479624290
184809770
836450828
801112934
1730098695
840186485
1309274370
1856889428
1508258192
398463756
1126335746
256534717
1579309090
549998710
1058702282
1707238179
1023066886
1931075120
659184729
49605430
494806974
1164130834
1970902868
29247501
1936477791
1267563052
894436724
412491268
663528760
45290449
987365305
1042540766
663578289
877724352
848012821
1850001055
1699490119
1797924933
481951994
2006330321
605479853
1522369885
1350486837
877604316
978051416
1270314574
2042110391
665695183
2096623458
2038778630
503362878
1081805013
1300297989
1314709251
859137574
1992647437
417998694
885040721
1407658725
1840335723
315528720
954072597
1985229277
295035100
115184777
1027781092
1705840423
1153301911
357820355
932494885
105876389
1348010207
55073199
49803736
1680252269
589927033
2119129079
186145258
1807161174
1096631897
1387634325
297693855
1851207122
495021718
478365948
1865197315
1552477946
570527372
339057349
1262749152
1591598010
931447038
1822064683
324320961
548895441
1843413022
496085485
1177228741
916610176
1567028101
301846699
781095879
310904242
539882143
680768826
2036271013
1307516899
236361742
1834534491
1598470258
469202236
322028668
677032636
1519151446
945273739
131710867
1756385259
256836351
206420787
1128077204
1607931912
577431136
406501959
932943806
1208440695
1509911186
263046503
1501230395
393880162
1399282680
650584463
1533822764
565495960
1675461745
1679968751
119807301
1409130668
809477960
587169975
878411860
1665541542
307357749
1063516408
1013875275
2066491627
271752058
1786605284
1358655834
734983487
541528465
433215269
1079462753
588639815
1959692623
597220722
150108576
1729035254
146802774
2002995862
397802262
746024323
1421265475
748232744
2030975223
348003896
1303509291
1599970790
2066323443
1740050864
602566402
1948122809
1564368701
702467486
1653429643
753617721
194486841
270225953
1907162313
336079469
605643873
2131570378
981143792
1704270478
537040060
158520079
1367245473
1219641811
788506862
313243997
1209438782
1104890219
598815124
1177419226
1970607924
1514574634
1332205747
717486207
670003144
1486079987
1311526899
1060438685
826192342
185430492
531507247
1657812456
1401111814
1328068543
2050458930
1393153101
709965266
967082930
1606564014
1209489567
1958433714
913573629
2071390200
997689883
621547805
993499627
1062875564
980628402
1632045336
2124822668
1389015113
2029761301
1420453312
2130594732
1763330646
1023838722
2018420890
1948210218
885968117
1962017768
1021227091
1074411613
1593475715
277780268
23515698
91345238
1936091108
1211032812
2125948665
986293869
214785090
2120480670
1427498725
283766791
1854759997
78649727
1163518784
274113106
666549727
1426558937
1668619051
491443984
476932726
1399355278
1870739049
203120816
1500039429
1852151070
1327570225
117679245
2631828
1283460256
1790772124
523775363
557056888
1573899343
1970177702
726284421
365214199
646779467
2007764402
1085759103
1184695562
1857419197
1822151187
1778193689
1718899371
1591708953
648582392
97270172
584725437
595250987
1404510783
472482057
1758889040
1535694325
1956050629
1663253327
504033890
1622085462
85461169
1826791187
305778750
295083979
936694130
1963110400
57740292
1925962847
636558298
2019268779
1166295112
1838701215
761640175
1883885105
2105552014
1777164032
1593323348
2011915393
2131988136
1559951557
1625455923
898224374
1794499055
885278917
1116051603
1357118723
670562674
152682462
2038664316
729571127
1917790766
727346339
1033000849
1387466795
1776984439
722387444
1440714817
1215809394
801583753
1053219040
1892186706
2044122966
131304856
1375009323
710166294
50793232
1130842365
837352605
924893444
1197476322
1915287817
1609955436
227060652
129937445
2015252763
241107257
2135510157
625016388
1307915639
495533981
498035601
1740573648
799062502
1628226423
217377640
596311933
2055961029
1525134173
565235019
1584793652
387235423
1390303951
68941450
1205264417
1813298015
1159303528
295265865
1846168485
1709995539
121376172
2007341801
425555037
1182962349
644595717
1812700151
1848421515
921965103
1372973016
845692897
1513744033
257196622
