1046399005
1084491752
1359163775
682013286
1477073763
267775421
1523260282
1283003687
559667882
359718914
629321293
646009976
1959831047
776229243
121731576
1538165888
545937030
1513523226
841060667
969265715
1785409510
588635039
1879422391
115161814
641841951
627311576
1228434709
394371905
1074072693
192214569
734856095
547934768
729767440
922256063
1968170442
1350003953
1351707516
2066203446
1870744932
301996397
1149586518
190235967
1840230633
696764737
296607668
775531389
1277801280
1169642960
123924082
1880392231
1382877165
1948484321
1197849944
1752301830
346121852
1884250488
1804093154
1072027285
174780665
1928491206
181015071
1483454145
128673345
96876886
417218576
658499377
1415796248
1168731376
1982800970
284668644
1979817839
1686793455
1005974138
268584535
89653751
1424556510
226083167
881216226
1553880670
523789523
795044008
661390822
620188482
1769678083
331030031
1639085287
186194893
493892972
834884749
249826945
510934730
1640386404
579231842
606196643
684557533
1288560152
1605378316
608816104
1760165620
1516337915
902898456
894900290
1761194089
1621947222
2057028783
143522828
564034615
736956447
1488812480
2139380163
1243697820
1370924489
775837960
2135372783
463655217
1582560803
1514447926
1350108038
953580464
156400887
109723881
1588298841
1316888477
978166957
1064728514
2058387994
1512945635
1870906965
877801381
2142639224
184161225
673773248
425708505
1614815378
303727260
175429901
2102782423
325804682
1863474171
508884149
1536009889
817283836
784025440
155912088
484413676
430146755
1046555483
1566933851
865270596
1991133135
736928744
1023208159
10483137
96424505
1403985697
237296243
360823622
2016279473
317153051
336916303
1785411029
614164872
1462596222
1756879592
2122640141
1214505823
367302426
1383872304
1493916318
2020239549
302157326
1706836574
715742592
1429836897
926717949
1797160799
524053738
940738219
1212637519
1178971803
147482152
536400026
138886876
2104484290
1011795940
1478846634
2147130907
513949761
774404893
1672135831
1615906975
1470328863
722874412
1035251405
557855841
2117000532
918877828
1024749619
147997593
609482325
72440085
2024764393
1189282789
1645532094
1163497792
2068784209
148472086
2141835235
1703903631
813893472
1784236161
195511219
307077823
653767420
1342689888
830784940
63813786
923961449
565821886
710849086
789060141
1022269562
1415352534
153681119
1643223339
1014958153
939069350
1081243647
455354215
1654057244
564289493
725723699
1678577780
364077821
875027244
614875252
517051000
1357321238
1926748632
958344911
775566677
1870886696
537140298
1843220145
1549369040
2006235405
1157710288
1434968596
1275837162
370966439
687913032
1849857023
1426227942
400553380
1886907962
1371102085
1613210285
1244216620
1500461501
355980586
76268360
1942072908
815414003
1569996914
806562909
986031699
103461194
1558017135
1325880074
1776082446
594976622
1088225522
1835610402
353953612
368654694
489120463
80220925
1800839806
80098624
1892810546
1791583611
1277535490
997477724
1350758786
1153283865
54521233
1510329409
849669523
1776904158
1520588324
1472562168
1750809548
1035142042
867275547
1328606240
350114174
263729638
97778458
537553651
200509428
560114253
1419425370
2033842714
1297284899
65829502
442361909
188218649
147421712
1668068593
1977314613
417263366
1411284907
508550834
228951978
1852682469
1668858630
223080943
1962444986
1759029076
1741795730
2011241853
1549219591
1641929709
747755213
447562647
1697676335
1378428303
190904685
194472177
23768105
38582393
2061701404
1366852683
1060471222
1373041701
2000081692
811470953
1871148621
644346479
1918724379
1386194501
1868375651
1283679923
1187748099
1621801028
1747429872
67502332
640328308
957317439
686713949
1024221865
2015454350
1481696319
649662821
1076171199
1102066559
386201738
1197029332
845177828
1446913938
177737338
81686789
667812290
1171618808
1119746713
1183806730
1951205302
1832221024
1370736035
1903458876
369439573
795679934
611980869
1263279800
1920264358
1498817790
647417220
1989060838
267571417
242048701
778490289
1615909699
1516111131
1386307062
1612704731
1337305130
523470408
1874129144
1345872659
636525962
1475797627
294594139
1293887838
953483744
678311494
1538081382
1273128335
2088351284
447303620
1639176840
1724926164
1952287495
693285952
1958210289
1453436948
288300411
741900045
824001833
2024251375
1156923851
1102223819
881786911
407965230
1903819386
2133563849
125672537
1201904358
1175361224
1741506662
1447843271
764651540
956289132
583827376
533925289
1495655057
1178454864
49222967
509202274
440285823
1802663246
661883646
313146862
1724374484
1270136323
1193729481
1219156893
1228424624
224873310
2021986097
1739102151
1837416187
639011049
292981896
2114207148
1215113174
1985116095
540268873
738088995
1196193893
1836340084
1880300751
1992856452
1783430152
1681303485
1077845169
1319192938
1054537338
426501075
2050637486
99176499
412108621
674831572
1033090797
751739184
834170187
1125085293
715007616
1961997147
674649944
127952648
869024289
654941976
1756099757
1900855178
1706243874
1491651927
469842011
337308858
1940631973
219939575
705080538
473838020
926239064
190991545
1654328197
823229270
1924686916
666822451
1715263911
620074849
2007331899
259132123
136755145
636219725
623839662
858034580
634496455
1725611830
591374075
669760209
