1051189000
2133042778
2105450475
70598059
1130604469
1134001827
251339264
158676399
1847032066
1191815877
1269469170
718307245
1584286928
460659743
629753166
1462048546
1142023648
1930098697
1428312544
1076720842
1749981872
9293392
1575216760
489685104
980207624
1002480431
1679393102
1182292793
128786260
1994639291
1682834167
1034213779
298344835
2054809747
1502890422
376666540
2000230071
1157793159
680297846
562961094
2021641823
247856327
1750496356
66291392
1762896198
164522127
1311934800
1473579851
1675138553
543048101
203933757
130753287
694723728
353107757
1184755238
712910082
1068481561
711339513
441732142
341142915
1955118562
1030388787
436213701
2081985496
831687054
193258255
1096217521
865667834
77577613
324367962
1338841248
571201870
937927000
1209120020
42424579
65328449
611098726
1469487928
1621665396
1615346495
640276091
79706320
1741808159
72652409
1298326567
393274402
1955692595
2088226830
503088889
771839184
1499937608
140845523
663726067
1213945551
1688229157
1513497535
409272030
244886869
1234939631
200929962
1185578250
1660370884
1450938270
1242692205
1649422360
2122689044
2036418544
1639586769
24668279
135421282
1840304401
1936583513
896949059
1835116320
639852026
1542380453
513170634
564519286
292887356
525273368
2111706806
2141538120
1005259120
1136178891
334031913
552108533
11275444
527826372
2070372094
1066251517
1885695651
323143931
93905054
2009245680
211794685
1252867716
870543977
426534428
463717710
485397007
1924605343
1443308687
1861309544
635220159
1004003076
1500683853
1945567003
1558610199
556088487
330369265
1271009360
834476811
1983547567
2095306188
1374258210
971111985
603414695
1172997731
672985457
70207050
1001367147
148298090
1364968110
1598707516
161830148
1165000334
1552203839
258578317
1566355938
1889705040
1136951797
439361173
1294456225
1916429465
1470280549
2058344661
784647904
2027729948
1639241793
669107588
1466855824
333566408
1318300586
1089162803
408622993
73940245
1468149749
605727413
1388143511
265648369
133635670
1894294575
963855250
1046037429
1449934861
1558266318
1218931461
1734556294
597125233
692708600
844589813
154080421
1911841112
1663242970
329963791
898658783
505676530
1312648531
584354886
809851271
418957011
1959089011
1189732073
606713694
784699102
740731087
504677550
1702660847
1401259254
1658608976
1903321572
209254892
1516239705
1399766633
194447946
1764001335
1558690510
1905875464
182844796
23387515
84457204
2133020608
1732839285
1804126028
1624540603
546826663
1433199528
1607882344
1891825407
266737967
1266640080
414431849
1066618922
1618220545
1699794207
466281008
617073553
956673908
608306667
1787992549
1052098572
240350206
149172235
1024337596
1813061620
1481180057
562781975
1158672437
425937663
1171306590
167266081
184929444
700328099
56490686
251187628
1905097441
2138997764
1259168768
1545626238
1377987954
1379893630
1196335457
2068122585
1913459400
944521975
381715201
953729618
515748518
941342734
635302889
246962539
1760986969
288365029
1827934771
198642215
1390120067
1273370356
1861030937
247639604
255516542
1646711041
1650707198
94641193
1496631971
417579286
278501406
1406263829
2018638768
1315118470
1294430366
1481817252
534700105
1633085687
282649102
249630150
1498368459
1685445691
1976424707
492998753
838131545
1131636142
1293460762
218068353
1467707089
1755875381
277251393
1872131808
2136384859
293747373
2094677205
1540359164
901104763
813073097
881095418
1670944261
916542808
434774125
1509351781
1598544903
1723760751
1692544027
1019073627
1388364164
1826679693
579382739
994838875
2096780230
378678340
1452814319
561193043
223296077
1283234830
149520989
443395133
373745241
146598012
709044575
525414822
194156890
1167190437
1854042961
912327557
456010919
1953863137
1405297282
806268868
339051906
1171268651
1677108955
1447339810
892917101
641991271
989449169
1706304662
365832196
296036811
1918556025
704152470
2055668320
900541304
2080435919
557750179
341139298
1894327643
1519629126
383706911
68661236
790675013
246135855
751810863
2038879140
45150801
787785016
1066080157
1153131778
1793362318
1107492981
1393763118
225102750
1583216883
1803766251
2020219505
2112761465
539839110
2104996842
1036322816
1385191342
40667867
605040923
587724316
1605286459
1212459152
328641281
146069683
419353660
35634166
1902974096
811676701
1034187963
2011938970
380763128
2132107883
1425055739
26690382
1908651698
1745853047
1483091968
484015447
179562893
699018616
1670330022
1330446170
1209046626
956375268
2031515128
832252643
1109177990
1796421970
991456617
1085744846
945078163
1139632329
393905910
1832029316
296183326
86066336
1260414721
1011521839
1166998421
774313696
139387852
1934453334
1602252605
1762082502
1521118984
1801430200
1412915994
4942632
1466437438
1891687494
96317823
1758464970
850800776
1462520506
484320780
1016327330
328507072
37902667
1374964757
2108629179
1955468659
472018125
404034857
270549785
907355796
647486025
997982826
1250073512
1152997583
1685430600
1722790270
414055389
1181906643
81214151
1314120012
1693215936
1574429955
150755351
1861964444
904706224
1213286008
1340708191
1884141813
2125076076
1353076075
1445254442
203875477
1298724974
646849910
1044216256
906251308
1411709032
1194368768
1226235267
2083055857
1641375205
18141073
2101819684
1324919485
663848652
1126747999
742819947
1252409218
1754502679
828568996
1475148624
124218953
393838187
693808855
9222775
388356841
910623454
1879922856
2084026128
768850726
665047883
1954870593
1157741098
1952792266
587037561
800413409
710600255
901924818
1710835600
1355379517
1504498490
1633661652
1372958269
597840068
1969522210
446848612
434308325
123102122
950612393
1811639118
1195509060
1063770088
982507741
1005841204
181846444
423954627
54675243
1951291832
1139047087
1295161851
890983765
360667824
1545266134
1768170967
770735183
124861977
463724320
596491277
775228343
479474452
1168471220
1905326372
1691673787
1425335476
433262847
1879106199
1243373811
220272520
2005919859
149295960
956300024
766889220
2057754893
1609835363
356477388
1983568633
301878803
1320667807
72856857
439516809
1762746830
1949061445
160154777
924327348
273035438
1881536474
1286816443
216148564
1414068071
40547948
737045937
845387263
671920689
1502004097
512587794
1506145641
1400041098
512413907
731110479
2019876066
635549486
96551024
1382906883
300471100
1283723603
1921877859
699641686
1404849277
1866583421
1226441371
1252078491
490941284
617988414
1300357206
162485723
1445831124
1306235263
170741960
621969328
1635585747
1498968229
1028361846
729154666
1360781680
2104338857
714987156
1618125927
109549481
804641688
908325057
1905470123
1960213197
756573352
477653177
623073353
863581099
1513044467
1384492742
1184199549
2110863294
849533818
1643593870
800021729
570085436
1501373585
652990845
1175695745
921350168
1775178706
438203971
1172715034
216664272
1491637839
233064995
113198837
2009825864
1373012585
1510729080
1124489079
1431857153
521422189
1809450763
923048574
255517290
1659282677
341312397
508635242
1647597234
1512567420
1956698401
1812939096
1569402836
1559312198
1617167445
1180211683
1658792489
692657269
2129353343
226658546
1961676491
1727835493
1457256117
52564384
833822971
1731876922
662076616
1408910005
1395762213
1611637710
583752359
1420598217
271045773
653491524
1000673110
1368520113
1167679821
1489185261
1962259489
788864644
2031518777
893581386
1069211031
86639921
163239581
1231020648
906575738
421953101
774766113
1300709430
1787347197
943085743
2012767741
1425015443
1496919157
949347094
2020595295
1986213054
1796989610
1941847509
1322100304
526513819
1485130293
382405370
1815981766
1167949998
1735082806
856277829
1173553456
1423120944
1868329169
502456949
888241839
1521757776
1800189109
2028736027
1368542370
1541753220
708683838
904959004
1166792174
1602887661
1698050459
1223879430
1143209044
378212799
70917673
59906026
1818232186
336053292
165687034
1563173926
2096720531
1522800894
4520512
814317539
321595642
1989099242
913027445
1481610300
1351425135
1615193273
212557584
1190009327
971554378
1596262905
2024926011
1758112868
1375473403
2067507913
172601684
1813579538
1595893295
107858035
293796177
767442386
617397620
2108300683
729403681
1251009491
1851611107
842346672
1108315280
181756882
1066169740
511269612
826297237
1948400757
1940873443
2130842218
1627860554
510668298
1457431074
845583036
1814793853
530049030
771879454
29271851
198244594
1149754861
872093121
693193872
410621729
1454441492
2139285890
1806735156
378998312
388132782
1439831135
1396151549
1712756921
1434766859
32727050
287715718
1652383029
343045399
1717912445
36829200
513074064
1088950943
1142859267
941961701
300863023
1428322523
1244437895
924463132
407673479
1295327623
1529630122
966722217
1986511564
371596239
535543397
773908802
1924268982
85056654
1470558523
287802738
967444522
1241389817
1235023714
1614112943
1382804097
720430445
761687329
528918736
1102381019
1376363664
1997739011
92737032
1705652749
146548640
2026733018
2063708459
739687716
148610329
170318042
2087114090
1128620532
2227373
928236012
1541441876
1918376171
1976313586
772871753
1674455615
1949811017
2020793146
1016527517
1545566334
371181426
6232247
1666160273
2116435078
5227038
1951481786
36636671
1572206455
1435096497
1277985622
2120395307
2140286431
1442958567
271809998
612919217
2001709107
246147447
946637607
1579403873
2143016591
84117453
717792845
1528700716
378581104
1966052514
113726409
139310233
629910801
1963936344
1054479218
1597161882
2101646921
568775391
958283740
1894949327
1230853879
251172802
1655916859
1754067740
2108483811
1659752330
1792319427
759493120
158070072
246428765
1379781939
1466628467
807344603
1239060875
747201166
1873112953
1446619698
1674896599
771494517
2086633
710302479
192170880
575072
1075300516
1500882907
996100287
1822495244
1118308747
638232285
89197230
194259004
735936788
1531272843
658646653
1743580333
1940293416
972263017
621456696
1609714311
469440071
24354219
1299465803
213061031
1061508468
1626166047
2095860207
2095720955
1902796238
2117384589
931272886
1042575666
1250142589
166491075
44305484
1612927726
790214801
1101287359
175089220
671924150
1560173124
1054365198
1828311389
86010000
313575569
339718445
1636371389
1818351441
192888430
1323019687
946198371
639615362
1859735899
2104256055
1470817589
346957706
900063137
486334091
494306955
1350246089
1126319974
2138938360
260765740
1823152300
1424030704
2126279960
111917993
1957517226
542545342
343997832
545584700
2034363857
1466200712
60517259
1353806982
844706509
2115390093
1769516966
1918103906
1695323025
481052779
1925609345
1137701125
148414987
1182172342
251849950
151841413
788055655
1319742536
1701696336
223108406
276531980
518375752
107985
1814903895
232041277
87439587
718324161
1868594140
660857252
242412080
443350201
1766056764
1744547361
1013263836
379970942
1702739663
578436119
117382064
1450361702
142248417
619845408
298600659
2059476421
478785401
325009298
1380357165
397033614
712259269
867685705
1779680805
943054219
1482943873
142466429
2136489445
2051524275
2118537340
978206120
1722941055
800815237
1021672510
2118117805
369532316
206927888
1060989123
1487469220
1038045813
278830863
500996687
2115422169
161134651
213200490
1257912234
1901895770
2015604442
1856808916
155093008
1750521645
491323615
601374590
1244691348
889280409
1797134590
83559075
2070552034
1943019450
1691559868
1658182490
1177822311
155322931
1319870212
1700063221
692632012
1704858944
1837453534
1266702078
1456432235
1237965139
1658519037
391716799
1546862738
685006984
252548521
1155305975
1827869298
1245721151
1017310254
1816125211
1431346466
528240368
438468278
1319955489
985830113
1010372586
1178856073
349891689
819391537
1848417795
859443063
684550119
1163953054
1130438055
484565376
832285008
1653136545
122486929
1348481877
1539979948
970072392
310844320
1680256736
665003902
1215681926
806712724
1356488757
820142347
1582379583
616167033
753177797
1390618761
1064985826
2088063484
2052699961
403455472
1270244325
861435448
1958310109
983628041
507370481
1865595577
1803616439
1649812868
96022412
1088459587
1474573563
1196586961
2000183019
366990195
431173181
1117828089
1149747867
754544963
746257606
1047085562
1886037016
1765498192
946562345
314475439
431448006
1441844570
876215242
1254204815
1868330400
523146366
722922544
1844205929
937571552
1677556425
378033512
1352608358
26785764
1364253325
322734256
1798431917
412897494
1048518201
194596925
2120407741
201781022
456958141
693954115
303123948
772983352
1402616361
845186208
1587756598
793344964
22845725
1716010909
289968353
857713828
1686068532
1707095159
766813393
783330504
1361024618
1892430529
1847088833
2145898846
1281537004
1678930465
1996687322
1744352832
2038782227
563817657
1385510635
1112058024
809029527
1640291132
1125478985
889338119
619582913
181814488
2034353782
1296870187
1685699506
1947326118
1059284946
762653792
1739876848
1972846784
488389008
671558622
1859194969
1602780133
2038311010
1234008126
1724994603
955058121
1369061969
1684719025
500767480
410623767
1488694158
150742309
1642767550
1944447018
2062375127
1952696909
1131856109
695478837
159322838
1974314104
1527316131
730181126
1432625724
553893104
2087272830
1649080065
664704273
474784617
1803309314
782930287
1077028440
477330517
1642577674
900684733
196079828
1273754698
1878215990
1314016677
2103948238
592304564
1276103303
549030932
1973126612
896490910
577457018
841500733
1923004036
299945702
1043294005
438364280
1719544750
1701175571
60545639
1830789642
935818878
137651918
675898007
1776794666
1827839927
752082754
166100236
2065408999
1403376085
728965594
330532223
1862360819
1124129908
1837721097
1468666125
694524257
1295565954
1240291945
2110441833
208489732
1541097467
424861402
262457139
185724235
1173478554
164243030
916118815
1898658362
1291579361
809616451
767304565
448523720
670561070
125724034
2067414437
749034199
468643879
1675140804
580880658
400559744
1993867710
1599774182
909416434
920890539
492645044
1335795323
917947923
428221813
906309994
250560987
2110560389
53576777
669242946
1594334083
1819469362
1801917501
1013049313
1069450175
1958449482
1178586405
112548907
1823870589
611412045
292989420
93179369
550076120
212248505
290285868
1899221139
12754165
1758370102
1403837947
2049029287
987463317
542344803
1268506153
1712749702
1313437126
953369169
900133116
1662471144
242786091
286902137
863429044
1104939729
1430929694
2113487952
2012487884
1016426138
1989173128
7345800
1054292721
610190450
1236478725
298679056
1229611153
839513390
733984940
938818212
1155334575
161065851
1204362537
1687786384
514262665
1738415127
1028022054
1460721463
312576137
722133997
1475998382
1521199777
1011834504
2126991782
1338092112
865375000
1598367516
889901089
1491485115
1961200021
162255144
1865457165
1624809602
772925562
431339831
1771230992
660967830
2100896526
841788508
317187520
916236786
1733913312
527944994
1916568401
1657894254
628407153
314444525
2059360055
670505686
1342368793
1876592216
1940534470
728690301
2146133713
933979379
1433446930
1471000464
1273054184
842095427
1180607859
1874871580
939092629
1472493800
601748572
1087755881
384805056
1345315075
2002629909
689681132
1501542665
1347234758
2054487385
379919582
839532143
1049166611
355005560
868875554
302636478
1170009650
1991915618
1003218643
1201620304
696232940
2096113724
2061613880
2043320462
1676005657
84079500
79916774
983941243
1476389201
1647243769
2014332106
1947494234
1737326911
2065728565
331870906
739285883
1984937686
1836716104
1757617950
1647321165
1167643031
870855731
1371216612
1390581927
445916788
1953011533
2124774383
577489118
1381005433
555055655
151431017
332981024
69686286
838821187
1985031001
1257577662
573711460
166933190
1032481348
1246148076
1750187788
1322639957
1006527202
973996595
1840414731
1643416176
2108485965
1695954608
358650025
1991856693
12866168
1493320876
602580443
36626249
1397043901
1678131456
1452644941
2009424291
1066226115
1458764237
1777217107
337871226
654932714
1600433323
1250180986
811829454
1454023987
1564730296
337343710
378905890
982279875
1471064636
204109341
934309928
546533032
793110605
378941306
1577516587
488171847
1316700989
2122023435
1586946316
59837272
662683708
874887014
405513289
1496236292
209853274
835827744
1066358381
1534275252
1728010835
109261817
264840134
1582015554
940382571
1677712524
854105758
1174778158
531850988
992616502
1252579218
316725385
1739068429
1270650533
1246122363
1318029397
826256574
1264977716
392367512
1745977894
1433911850
694976316
303386979
898778075
363133527
36663515
2023373563
1435923096
138249486
2129288795
1289283957
885467069
2130838620
1567388968
2071971074
23020966
366319102
2037015012
927006210
199512485
984362428
2112794555
1095982740
1214670861
993612445
811524043
615948604
1377008888
2104600544
818193271
1036513956
302714028
325908853
1466792521
1417116534
1883941708
909394988
560447617
579823177
1954829400
465410347
1016259655
1338576994
424852186
107563827
1791493262
1906523494
336866771
952926705
2053575256
82153008
2061104082
2065080064
169932834
2055374175
251813583
1688104891
1572442520
1107673658
135434163
2056795368
515484217
794203121
1560988542
1874193642
282406898
473874816
1544669436
329402269
51093117
1876042266
1287459408
285043084
1830579978
1706963324
698546195
172801216
872146568
1591477601
1055216622
1105809028
1008852458
1399868541
1907215702
1233388392
2046543500
11030501
706036665
1511078980
562807438
1586629078
1170469147
1124747109
1473600069
2014942479
1468615010
1982918099
105772100
1742708631
174499784
1502691533
1328906411
1100120877
2044862716
1826864871
1544185738
789824571
985142690
194272460
962091780
1472168197
1571789892
876373097
1759790153
1648314987
690940209
1188013334
1784638379
513138204
19468276
785800388
2070175713
2060643344
763907439
1335085507
1872972293
1230030725
1448809053
1964164085
587154911
625231212
623495313
1513011878
836769419
1860704577
1204958025
958734965
888753314
1528183513
275884871
379833024
1532235484
1805368411
1030435214
1216512290
1877738590
1880289465
1803172650
633502086
45637576
379077853
1724978369
682213283
543456048
617848045
1088659070
532317050
235785948
747099321
161404038
445820505
334783152
293280524
690797003
928633739
1783588624
49775095
1198882982
1934702320
1491993013
1907507119
1836266617
645540882
518219130
1662729325
287066864
1484512086
729618556
567446322
95457527
184371980
2068448886
955149366
755133037
2040082736
946635950
1551554674
85480397
2472536
753723259
1968264007
775067261
2067136572
373924438
1010878344
1089196191
969775109
1756859880
1791340557
1487494206
1457985515
1574138335
1691948952
1755066337
1712034414
29009945
91357746
2146313064
1800847989
217630305
547885294
2045741569
1565361713
212150994
798902138
1080472322
376596822
828479645
2120910014
53548745
198109122
1020360604
1543750133
2058545924
2019791498
1361698757
337782820
1316576719
33417545
1155446948
2049718862
1839732107
907972843
280776719
992743774
1244156075
482881686
451794589
1956965178
2001692841
2120248432
1819241953
127338085
1277482183
101546975
1597993107
1039659967
1638113377
1031172699
726520803
43119179
1002052414
928162324
302967660
293734583
1879715675
749418708
488635701
522760579
681451376
622986981
1559410542
1122551406
1077641747
47763031
1741861686
972280698
918621263
1007628958
163856864
868277794
993502393
1109363726
623119628
1641325024
1322232653
603419815
1259049571
1689765906
1571834214
1621292951
1798114321
1517512463
1316173869
1852652183
1159841828
752539377
1398112056
303259718
907386095
1156721318
1993218982
1434020921
380648966
213387149
100122753
1283414070
1014524022
85080574
1872581963
1112205356
1137754804
1050597940
789031946
548396197
2042553702
1673972219
267825386
215538390
1896291888
172956489
1334336232
17325603
1281117276
1067012910
1797525920
218191444
1389013879
2009021463
738346860
1235163654
1818600876
90175181
1598295932
1834272448
1489280851
1421356972
138539176
555657684
1679797832
1542138962
749398691
152209982
540143897
785101010
1053147902
696570340
1324344583
1738888973
402017188
719325254
1514095015
1861183802
669358012
1380764698
803989804
689528904
1090530316
1917577514
1438187269
1684983098
644075097
1652574399
1411917342
400467644
445943010
246241040
372171511
1614205313
787783040
1032869525
1327787974
1629903041
479008955
1934797729
948048429
1668769110
866001950
1398097931
65860843
969110096
1317404624
1063114998
709828346
813352137
1275953404
177162086
1150844660
2008475738
156281373
248535730
284320695
426806290
737935050
756323925
580500882
460115453
71805724
2100477301
238324874
469155663
1686759904
442082481
1934323194
1562473272
1058246988
497562862
237700216
707946892
1404009464
636748212
916186083
881747991
1901320437
935917299
1791813665
849085774
555769303
1408294718
1792051839
557108898
300547766
424765418
796737698
1209951241
1127854044
4765439
635838334
656252066
152462270
485381019
1655895027
1387137316
534398180
853599506
1256135382
2103115264
1624896075
78793626
1434545630
609498541
344982397
2060783126
965739866
508523836
1922680239
1300340464
2028586576
1004203060
566847647
770945037
1504394508
2033519825
165456770
1988094172
1200685131
11165858
833498117
567023038
1571257927
525571930
687187399
391561427
1083009181
63913095
445564165
321444066
1589045057
973638907
123719809
594659567
54449431
303553195
1544886740
1834146950
1527519612
2002602646
231471891
1255187320
1201422759
1671061419
738133667
1946996197
1956753640
593857322
1603503245
1306752512
274211315
169664743
1844536032
43161732
1717240685
1631460762
889822038
162874958
1545252828
1544537025
251454239
2091061224
896108613
594642280
1911390469
531737010
1224471903
363484520
1640835572
1685947477
1820007421
107656879
1207934579
1593554162
1596238997
1623104255
28445944
1349611174
1192721804
1462998730
2079380607
990571
1616141268
1113124020
1545355123
1116325443
1664580309
1331783894
69853777
1506358777
687250556
1453041126
78170998
1707455069
373369822
279381820
1170996398
1396320078
250256530
1288518884
911787040
2108959935
1072033810
284446340
391038158
878361686
822267124
786284623
1618778770
344463547
1930405764
146736672
892019548
589203529
696615586
2084794105
791338283
656296510
899432578
625947213
1919905885
1916413020
1193889434
1760003317
935995041
950939812
872119310
1133352395
73753875
483312806
1255177488
1036176335
1070768822
498629494
984715064
1597096866
1008923009
438135551
22780094
612950692
383225785
572311142
254108681
1607111331
1818311798
1674092176
136459038
2102000317
65851022
804048549
1676856119
1492892452
1991992863
153991711
420892142
123097376
870846371
1213903092
974620744
1593068739
2027669224
618653525
1741459548
655998273
181930613
1838583010
922452387
972820616
1403088501
190508600
2127406170
1860260287
180226936
1122171082
1127987220
95570824
2088554659
1717943598
560417671
76520755
1889108379
1846288605
1581368732
806663452
528374253
541189826
1184160537
1455188610
1811196234
194408613
1102931604
2040111171
1424542995
2146420209
1454150357
1541147239
1261379406
45113458
160161215
1032530814
2077523138
994763793
834877056
120530694
682294937
1915814826
1877461111
1511667206
1859187232
1472744374
518178496
979793687
487892213
911859645
1181748523
1718658605
1840122085
1019882148
2092274729
1964134325
86978591
1560298977
1022092922
594047701
508235804
1376693709
1102354385
928726026
1187172586
539088625
229013682
742257950
396860227
2093111254
991224471
1479034318
1006568601
1669789588
837306520
150342849
1371494271
1762229446
1843323145
1133006393
700949202
1905434219
1356774669
1330498037
2080775295
1966675317
1991241842
416483646
1191432749
1272687815
1126982585
390539555
1088275653
530678472
613492913
906399544
1755627837
411746679
1034123319
925467262
104217213
1379526586
1469877890
1733305789
1054724168
1419069238
343299484
1693351746
1709504978
466452033
1344007081
1494011221
1467790623
1012347672
14388123
1303014797
1878944720
676879905
1099685176
1164486950
1513693539
1556027611
100204911
516759929
760258235
132455995
1394849673
1306963459
1672113897
1247262237
1148538892
1910138608
966545653
1166484063
719433378
1183851436
555095397
819374811
1567303913
642451689
137759907
343385483
991253292
1963428865
1115214253
168679155
312144045
2049898341
561268366
1489249738
898440781
1136684210
236993758
1719409168
1569932544
1872179966
798292718
1575368617
894462056
838246192
911024624
32452458
2115098915
1170655614
2111214331
306961736
850176858
1713748915
927340841
1528688408
171720548
2036712315
134545025
2145438531
2134957387
2072029233
1000499279
594426143
426259557
138928107
649970060
1944969778
110984212
1295845488
1643452589
572995609
1020527315
50694616
1620886900
1416066105
1409250681
679052804
1112376670
1869545555
1618903628
295468306
953627078
939842385
1188741010
1129787029
280189629
1862940379
127376593
1924686139
653763412
1275327432
393868917
1210287965
344723371
2002300438
1594712976
1745073072
1258954025
83924284
1766168756
1479313258
1399745887
1993253571
2015358244
2013926424
1571647801
635733307
1038546924
111068852
570906321
265602251
1506014091
1336563895
950435645
988519129
1107507911
1644691628
2070171259
1985784966
1044565535
334132520
95526735
1347550836
924359390
811565332
1309892827
1513877992
361161888
1259065194
1952341667
1603754756
1238930595
705068853
277448225
885319938
1805491550
952548740
2143568442
769142622
1275976661
568042485
1525234480
103611121
1930356577
1467534410
1001143075
677287280
1503985860
1607823830
908380609
691648940
214753369
1587345823
331900480
1236336101
49081135
272915497
2013171734
1772474853
91703187
1509689010
823901765
342408499
1750952380
1288235819
449280879
511230501
168958660
714817286
910604484
1561094066
1500251863
1127562014
1539068170
678205075
1896980896
1015695710
450287967
257489341
443805482
828029943
1005219441
469293938
1863264182
1274566320
486761415
1233890482
1895235542
1746302090
440223081
748158452
782349579
2054487319
378810320
1523518532
1328444143
1920717189
519613819
1480947231
944642687
263038138
1360639840
1867917624
28071075
1491638832
249754346
1438246984
541129456
169521947
1592047307
2040330776
820476936
763365965
824466577
1245269195
2011220350
1187818670
660404178
1217531950
1835295034
1496014577
778456563
1049076817
993321449
215721565
679946819
1105701246
1344844031
528244342
505259296
742647634
503828274
313780997
1644863194
658713727
723409404
1436927361
1984545812
1692940727
1243959586
1475458357
1034934190
1668874277
486060072
183836916
1665562826
665077937
312504524
1666017953
1871946485
1169144845
342039865
1997771683
641855336
852273271
440940207
2063476899
1142826090
384355862
238162458
2034397245
2027352828
1743436894
1676997790
1726473302
37748450
930523285
1328933541
1556094787
1229231943
908581861
1926607657
736461733
1764088870
882407608
102601474
2141088624
2040514436
1759766909
1257653079
1841244979
565008783
2077412494
1282653732
1120425138
1848677470
928833494
845903615
760314165
1072471505
1198335264
1319140482
172909346
542003831
1980240690
203715624
759559250
1269516982
1521883529
1766236133
464234850
587034399
747269675
877060069
420826675
1170277154
45404405
755140150
12147280
148388495
736921298
898063237
1233753143
1734462616
1170162734
269831112
1713520567
1384463299
689351048
248788171
232129288
1566640464
229282581
966676149
1212246688
1052726127
50248856
571449521
805230063
59725447
930724580
417131312
1339336976
312967778
861993343
597433139
1572717448
1433421260
1039564774
38204626
7538729
1883130
1584994852
1621320176
108201249
1767226581
2078308857
1315441144
275161343
1104399810
946445649
500649414
573772152
1186983634
1658339655
1671810819
448397585
698093772
1158862443
1471884858
1104678613
1337320376
779709930
639579516
1257272177
1881876006
550879826
835233365
1814048763
892223282
1865877220
94739399
999696566
2135614281
227544809
1824713203
1888323661
1542435061
1430967290
597880277
497831226
453126670
722930428
1976712317
1031892729
2090646778
372965632
2076095078
615679490
1148977184
686577664
881163517
668000507
40014633
363555320
683287525
1418372166
1512512262
1029657895
1037013739
112632321
1078326040
811257247
426875526
1901584502
1079090460
773962305
676010256
1515879962
1796016973
627122979
206168577
1184151028
1295370847
108612243
84868151
449872249
1860451503
1246510601
1400694522
757092840
618753405
1272659061
643714107
2027866410
1785274980
475072976
207308086
1008525968
207518405
248390107
2131802228
582879448
1781968569
738798121
229572693
1547621239
548231409
1420445433
1998172379
933902067
134064146
505756119
502817207
500647104
534947982
1504187132
695635040
637143012
1109138742
1136780834
1860953326
1090715174
729518626
1035406459
1016364772
957794766
119214250
31657099
1632402084
1678235363
1051526243
1358634938
383784415
1371270964
156592344
1180058033
1223880586
1162637936
502086299
1101178230
488441764
1558228714
586921033
989410960
1064125999
521852977
459770091
709757531
1770648079
1601367274
1914709914
487074303
50148157
1026485075
1398519174
703241003
1769027980
142167145
1401390551
1717834008
866022188
1738237997
198481791
841357546
1663943774
1370958384
1345511225
1004355665
984196235
1467072451
1826932750
537544444
45767379
413193227
1723935438
333541142
893654924
157680550
142183452
1675462300
1689296636
127264265
36789443
1992361812
2059950260
2000146533
1901253640
1960743767
1083928754
486790977
1730739016
864643297
38053430
1761354851
28906862
506325412
1480990070
1664637760
149879204
21463697
2110586430
491247864
1475711180
989163057
1192587572
1354445153
833028271
1260255904
489768167
228763818
837760996
1346270040
872857488
655008159
720953791
967628963
46322410
1151664656
757762981
1144394957
982499767
871822186
434556621
1245700
1609127077
1337216468
1180811821
1007893620
317063804
984425621
1027395659
1670318933
1144073347
2019651438
1155193984
2093120208
1141714349
1026677698
340966641
1139965091
1691669550
1354124217
1881507860
805900945
597820986
1648811036
438101164
1592321432
205098710
382765535
1426823980
1828229458
856479330
265213469
1414205958
210531110
1490799161
1169789378
437287761
806359093
1855463481
1164687080
582311155
820602706
729698708
1914560986
131525054
780909815
1478693888
1727412532
791001531
1438956587
1730008842
1477510761
1169949866
987125930
1314332435
968442003
826183808
41999554
1511867862
936645330
1142928800
2110602832
766916278
365035052
1930823132
718989707
169523880
1624535238
456657108
2076943425
1988945637
478871857
1778075290
1876451025
1715020980
832100826
705073318
352491480
1564405934
1328242517
679472654
1726344679
23465336
1392394751
849278698
1650759324
970722875
506093866
1884363742
1560069485
1459988172
873056182
1846974570
225480605
1491374927
109270305
407497950
492695367
34090337
1725643857
1129651864
155955121
1207669307
1430094952
968881040
1762627726
2094764164
854395430
1748328168
132777675
358874492
1469506268
1929905776
333372944
214234785
1461439123
1636869522
1600538184
865096166
1206971772
444042442
515649369
1422429138
978563962
1294740608
253603605
1708233587
573019966
1429895414
1910213168
72191926
1439727
575171572
1084715457
824006416
2101277856
808350877
971638817
867945531
1851609093
808497374
1286330249
634620594
1664532356
525837823
861083756
342389959
1439350600
1909734392
615338282
1856745269
1232861526
1781441226
465678908
1234997088
1166609761
684556017
1263080740
722146585
1687564898
1086714757
66503164
1027180908
208482523
1419935804
2022772364
2068989738
1455314342
1776890311
1287861795
605510452
2036647278
1188951813
377785756
1483540560
1581050250
1896387419
1778546006
1197840249
1589357965
1937716369
609507028
487623406
688987690
584281206
1718995158
1054117415
1958789802
455893704
2131314279
971855193
209609669
1036525803
501826557
1030661730
728599408
618495062
1225655554
929754054
1285370006
1675685669
1148492125
1124125639
1765972014
320154111
1383607842
1344070778
417083053
528247963
566117443
1383308291
604484415
1971912595
1967343661
339197568
1471926238
1800152273
1409633375
668539921
516011143
1060313815
874985899
2067473484
1741437128
279185333
16123036
396926530
1059982128
1742773431
1263593384
748219705
1811828750
87686790
578097688
871823188
451397235
1721087441
1859379444
408284164
821692183
1860669471
614931483
1462125417
286510898
730326112
1721921779
849712681
354777017
1322720647
215200385
510409147
1396847511
524888373
2083546782
1302417092
423251373
1119987147
929813674
139919699
135787628
1555030682
524688384
869815306
1064662813
954151287
1160288460
1816632460
1366745821
1411925235
533125295
935057781
230796521
641661965
1897254168
1313610920
1726841280
1927387402
956734066
1619382173
1895923180
418532074
1259623793
603296825
1339440288
2049332562
1789638948
805839154
1706783296
1967782893
1278918851
625305934
1879347967
1011801293
1568814505
261167669
2135922062
1105452782
1463876877
1806011707
1104892851
643051148
1622932732
1440626177
1873520561
1854836413
1362973439
286526724
996313694
1114259399
1300317153
1636798599
408535323
747954202
1644487123
780539371
1695092521
901939345
1954990889
1032072323
814115842
1226641457
319956599
211507305
717839350
162826604
732567150
732341799
1239834836
870261811
2126621407
1555650428
203341171
908578620
1872136170
62213346
1942653780
1988195119
749817713
752261795
1027758676
1329094711
2117395330
1111796873
714831964
1157297630
941876531
1016894480
1270662534
1447823170
426814033
868071651
1823824286
1980681171
1164428850
537206839
814091085
810550558
1434455385
1240234473
1144509929
767350524
1220956633
1411883746
1983303319
137713699
1714251274
780553966
1940390686
459596260
2083147208
1029227815
251110120
602420485
1643179437
277097239
1428749177
1972760732
1189596691
478832067
1109324760
2115701713
564463365
1500506756
1116581371
1670994911
1767817358
1270079661
241411247
802219146
994850956
152341950
610646426
310132769
458637314
998527315
1811365547
892568557
1226463204
1619025722
200018517
899307664
674001262
2110456156
449216393
1574897946
1573829147
790393530
1957702015
1500810418
1925261311
1730744628
958964181
446219332
595417600
2057291827
269536042
1049246371
1695531880
1843795117
475505209
1029397176
950076800
1399862155
1799886200
1232711758
1411774097
140432576
165776779
924034494
1793489201
1092531915
1198713555
1234626378
1378537732
2030077888
298880080
313254227
1381374392
313698627
260470604
1157768842
271602027
1412517914
1904346660
258039732
1104292431
1289210443
1797400918
264766477
344062355
1630022761
343659348
1299135053
1096596722
796448100
637644949
955259313
455528619
290297978
2102753909
1994053531
427900435
1947360889
1643681143
119335393
2067707500
1379576746
165433363
1594692723
1404680901
1184171636
1641729503
1677860265
1189705098
153344869
286836883
1914188713
317183684
851765134
490616236
1597357619
1096431386
165129595
784231241
1467325848
1790808835
1140777140
307391564
1631845113
907158354
1624045625
817666005
764688882
1583896126
334901470
134367503
1309309924
306961859
852244119
2098466190
797320649
270190463
1310681883
1890640302
1823514702
1072470177
1176015568
2001648035
1367193990
354367030
874520079
680887685
1886450579
126316945
1295051379
1181764508
1987318500
1048867709
1773810587
1066548055
427158876
221397011
1577887273
275840508
1781707730
649844342
1979510999
824700869
888047545
403742165
1793726282
782184988
1435690029
516059711
1876596191
2007342295
433857695
1139298300
1222331448
896079334
102550127
1278099595
1888455871
1617004884
595532603
1842663601
785468620
789118231
1998588192
1480020217
396703918
1613509538
1978794497
1667353637
698467356
995237790
211410047
1230707791
2090839080
1457501699
2032577411
1506173848
1874116147
1127432080
1502751079
182212386
131890880
486896456
1356040922
1883314090
1098437497
1669582467
1651191167
1786257235
1951447232
1603371240
1235628124
1035013578
855664746
1606885710
173783298
198129566
1363962912
1884213906
1189259480
1253777731
1132780553
1200223616
844417841
1558714311
158415224
1752431135
371867340
796970610
829535931
546555993
1179016132
892519655
404567290
629216628
1034388968
1095262711
1998045340
946241241
1360131452
1913375096
1675108294
34485088
1917772973
428299388
62629372
344868174
141037165
1737169514
1567840833
1076531541
715883612
1652476390
1912163726
642965527
183900585
588164062
406162893
1676712485
1226319461
1350620768
981098986
951216036
1219648784
905702073
770650975
857061768
1464314347
568635409
753089913
2061036020
921162030
760626987
2035103565
1013571186
1250635098
2001638897
1213611624
370885362
1472735540
369705458
969441835
450491056
1523322517
181503685
1105655055
568511894
824656955
149984947
1798686298
393311667
434521803
1563543221
1861010655
2054243677
578886520
1244820730
916320036
985612415
1646489594
76331116
849329353
354634262
1070921009
908952756
1717788981
109253399
123358808
969766701
1615546624
1856360547
1209289813
748651883
485509808
1672968103
571516950
1938509266
1050825025
310682247
1103779472
1257843118
740263158
1230129435
960344376
20836580
160565599
1386561761
1598463530
356124740
351580991
1294202840
1952755064
2109267194
1941168529
647901679
1541428663
1696305280
1957427035
1174188852
1364803281
975910160
1789446981
1874417079
1890228910
1351700299
1944907327
1208853902
2012230294
982078302
230710872
1349642869
1725419669
1656691442
1887582339
1967938089
1739814376
922879880
1715244526
294271154
160446237
1527928274
281050292
1295717891
1646413457
944180204
1080020945
1380238171
544585103
266522607
1942051854
461559425
718323011
1849266090
84351599
358117373
1629509117
300779228
19979958
795705174
1036189549
1292856520
799991294
58564391
744209211
979449149
1139692988
1413401723
1726138994
861484835
640873771
1534979492
679270633
478461379
1321622485
1085744474
938825959
1285538404
210983561
505208530
2036907119
1261132206
185390352
2004357914
1814973756
1406195104
863577693
1455799825
1346468504
2060958289
1762220760
1697337543
2126802100
297590385
112186832
33443358
1589286039
728856087
637531721
1199719964
969473265
978735066
2023001889
1631649119
1908054490
298512779
582477261
1464862601
1193205799
1007568107
1288617754
426011483
264515683
423934891
1870455938
1887325180
1940834070
1469100207
1547689490
1695325966
530482166
1609145265
1642902184
2059757009
899660623
163732234
921105031
1950128441
913287373
1555252902
2112056277
1572646276
237233456
1453046160
162777436
2053684221
1913527763
2093498916
1064208764
1912884332
2016772334
10733290
5778682
485544259
104502413
1877915692
561875485
955680536
1092572639
1883161823
686769675
1960808747
28563967
1185740088
85414856
1048408596
499949337
1692479895
2088690750
1857741388
794764383
256700741
74707164
1472855500
238389531
1555845862
1340516762
814278257
1808866715
1844372073
1582470113
2137704743
1002201291
1282854416
198353832
838234280
710819640
294161219
460252339
224965079
1416864033
1935124695
915050
346859821
1402393589
1396024498
1724894411
1418614824
1295897974
378101144
341815735
378302420
1577177820
1236965819
2042816973
1803800622
450409255
148493110
347701956
523771005
483811982
1054893932
2124809139
1161633210
795525593
165455329
1963875285
28260605
382102248
1016377606
1173495804
454163780
973769022
163078967
679064797
1313943021
866011846
1564420003
1564700200
1979003885
891570459
1631299294
323513009
2002031706
1373101546
858412960
551478174
154249966
466416633
749039281
554057053
547796379
551347164
99848543
969733894
1064159375
1082803409
900470385
888500286
1570509211
826804000
1875631910
833057057
1744062206
1449198339
2064442946
199308843
1856718628
785106239
1141031705
290898225
1453687003
196007502
58171616
585290727
1506145429
1396478014
757203235
326678523
1517734329
750108437
1343492769
1439904025
473730132
1260449095
1589245657
50155813
1155159467
1512992989
519301996
535105364
2001822759
8812964
2090597952
1699830697
1079568438
217403963
1038722594
916070895
1093266922
667074322
1653492514
1810290618
6106030
1692314801
1461439539
1643861234
998641183
1577661376
774156923
1799471335
702526644
500214502
1854140756
408484475
2040835513
713657107
738828854
746102224
583063935
587674284
764398635
1000682091
1519463780
1899703983
1685462332
108626347
321914079
898618960
1983855016
820150590
1720919684
1187371192
1729576020
645522348
206718192
1831595745
1599090117
149754214
68240414
160370600
256697215
15445682
1897539734
1818151388
1125564953
186718648
706708669
2068031973
390543516
1154848180
576159674
511876595
290442283
233120750
1050273122
1772266761
889268237
1592559786
2063630741
1580964937
462531828
2029114703
1290498961
1978686474
1999294723
469784852
1524121192
719932528
983130898
741822668
1671010241
2025468668
141130832
1163947136
1030974229
1685802807
1536022378
1027186459
301778180
1776980693
659428422
1997870034
147356946
579546431
1598526672
1417352334
1552065014
72830189
2138791380
2085440174
912401731
1702653337
1275038684
1983332222
623486420
1363547227
1340247052
576229581
1686803544
1175539961
450572127
738399167
2114287403
416475312
1051363211
766039761
665799362
1700076264
911845713
947593399
463530841
1639657018
1205343222
990290003
805816171
1320508015
1682200007
1113304894
290337147
613583645
283848621
1082593160
1661782736
1557614717
1004891689
1403217015
202959751
940503621
1564716227
100886027
1226858306
1817054095
2010714325
1272991083
1929040567
824190810
905420520
333556998
1160146716
1581824699
2027649880
293538917
738640860
1881454360
2054210092
14423425
1896335511
906128250
1490956873
1672971315
625501034
863426373
1060048232
706299712
1637142615
1895444941
970703789
185315464
745715298
522449594
1897177422
23740898
1728797991
454090827
1895131598
2146798929
1376846456
1522089567
934149505
2145270965
1466159272
1511518826
1512848219
233636253
1124397455
2039416232
482121457
559527668
150625863
1833143275
1838623063
1595623158
2010116417
1961369562
864247084
1968836127
1800753513
777255820
195542039
825069563
642236662
818768412
2112974155
1967036293
1615714533
383439816
2022046512
607013409
1527041813
414685794
1039705243
251583462
2115428538
268178434
1854248832
77434160
60837038
285881694
892712719
1501910291
1083473999
1433658280
728192620
224060087
1239049018
547920567
491091233
990697610
1214016079
726109606
1722065788
1122588297
1697668784
1251518646
1819044604
1105460736
1597559755
198763844
1286855023
864562624
829665966
584570591
140237912
1189026225
1628428240
1461832312
1802746104
2054478052
223059851
1607951742
910713946
1253338253
188924748
1277409370
1025262531
178574989
1275185264
151934988
213287033
564956788
1203532529
622743810
1767402839
745709769
429523691
1312137070
578164447
1993841701
1162640919
552221580
1911256373
425469185
1887531432
1112344140
1322813845
1781579171
636636876
1192445578
1115435642
1742080431
353760619
1419988637
763252948
1072473505
1231949264
1481439321
625264729
1186815532
980532988
28422238
951184432
688480356
647453256
447234243
473157601
227855166
598432361
1186772426
256050446
2030100981
687004131
1606343445
1797353678
1618287444
676682053
2069353906
1133434977
1461709549
1886952010
2111416821
1562727519
1036409023
686588744
1067385077
1610085748
269730789
27391906
814263684
1563938304
2058719695
645393401
186989610
965799709
1514305137
1097736962
633108957
2028253061
1841267396
941771302
1395794324
3843640
175548070
1941365159
1805178442
2132593525
997306245
616194880
1221202326
1246278703
1798152130
5484679
1986686779
1168951097
1380684523
1603972226
598981591
1827746448
1328464848
121222477
1571673583
1069051381
1698369665
146323731
394171102
1994143966
1947841480
1131039492
2002982447
172336357
1649195943
464782172
1195940665
1875304382
1770744902
1081187788
1664015649
431477862
1943634362
1288967617
2011191630
705121630
1164471264
1250058937
908035558
1334827724
1835380706
788420234
1004770848
1519725975
2011448054
719872504
2121791177
1978353404
696354527
1992142786
526263925
1580129129
1447492301
1308349691
1348195004
1013472731
1743385560
814227252
951625680
1662084551
187768481
1171382724
1446850219
1254295752
1249224912
1922962912
1756258281
270200752
1483609106
585619225
584760374
1182437146
407443484
1724768952
1457509058
8776477
1477360943
799442387
1570502677
716987062
870807717
564245314
2130690893
1232024926
605606908
1510299623
349056221
1810066390
532473328
714866647
1740214811
1210539984
285439410
2049180119
1375013094
773545491
113068299
1963357345
2060661260
1065021651
542690612
638067075
1607480054
1572988318
1690966056
267918794
1785446646
1212779791
1422653660
457137922
1568049735
292580161
1804697944
499314580
1761537231
946683875
209546502
2122361681
829395897
340488202
1688775406
2104369890
1236558787
1644281090
1612710034
1426432651
1693613896
1820492734
1821861529
1204878977
1777658876
1320231868
1335964672
1616712919
2130927789
918568704
124269845
1249180031
1168647945
580576153
1725195150
30684256
314215312
354460811
303213699
133944762
646752878
1560883079
101677001
1635856442
1753571800
215671172
1980475315
1999574352
874542161
1052019859
1064904462
720578736
1106530519
250049813
2109193559
703585084
1109546406
1545938741
187774934
1279838295
1046015713
1084954049
539054866
1809109816
1635203286
1513397143
869467333
1658731543
1815821494
621742141
2112221132
48396967
1659005803
2130342020
1810967356
642623361
875567564
1106098904
1585831096
643687555
1581606946
515358856
834744441
39154036
931887070
627747919
2119600569
1668026747
1274008891
1855470447
1281764642
1209875037
1994577063
636968171
318069702
710684131
164145103
1417743373
1681806546
942856808
312540843
128947739
413649550
803421511
1875646688
1081430903
1455082160
22091084
1917661504
702323552
1381814552
1269016806
1705360085
1670195733
1220934594
1041474273
2066383261
597928343
1305676488
1516828770
562763853
854095983
1010489733
1000262055
902369669
597511769
746768211
1038889209
1568885553
1455271405
1055248152
1635733738
1838769319
1906264103
272249528
1557648986
1580850772
691244320
2004239617
1974239724
277211471
1201162754
1596124678
1849228469
1599539099
1253343747
281262406
565750595
1660144896
1947725248
1325011915
69836015
1207832843
2031160857
1320470887
1058189711
1682391970
44659741
1124474184
1181516888
2120536454
217576766
1795538968
1183227532
806559104
922081064
1174445896
1389974495
974225399
1390956265
294964613
1077993415
1663279813
949184092
1428504328
5067236
1413173219
33155913
1053165218
987600352
698008401
1871515693
371274642
1572913559
434491543
1054963401
1144890975
729139705
1109332153
92472217
1549874338
1908844303
687997988
1130228868
1263726761
842403297
2060011655
884528651
1391232823
648107625
707795791
1011938604
1729116835
1517934641
1969268574
478955654
1038967822
742650597
553627415
1916805101
1341143860
616496108
1988974028
956039394
681448104
567994477
718364024
391087934
1714946918
1734824439
808870954
1122638368
391728434
1742412183
1634549189
1257407099
2002026413
1284142095
365538315
1799229785
937763088
601734683
854323458
538694764
51842796
1590995337
1539740162
1234956384
482497633
439466759
921556480
947697196
60563373
2128844980
272536193
2080660347
34744281
1979062430
1875536274
1373186452
137944455
1297600072
1067974819
784461307
1039077816
443836108
1342761125
2028065199
831354409
1044944681
263988401
151840905
779517699
1703720393
2029179700
235419893
1037263877
21734393
217723161
2108516086
54714608
465415740
1106899806
14205481
380834350
1181652390
102951274
1577726283
1865048872
1205080092
862831387
1797536765
400463359
373925015
1020575983
868657692
935997138
986184091
517229891
68974981
1768819934
940505317
1593220899
290055050
167346660
1539220697
1094242717
2034875358
1473063431
1585602201
1091616584
847130967
2061066406
1431859532
561406042
1655686623
31974935
531820795
485162751
134948398
334993954
1688746091
1611672685
1171577184
420172145
907009679
1272748547
221662
1577989587
1995431906
2119412590
656147341
539832842
1999650566
7987212
1097085970
429304648
1925648663
1798518751
1872316532
946073833
693988843
886797444
868131128
675970578
849011816
1460240844
824747192
1666598206
886840421
1590445567
889690360
97246459
186181046
261166443
2115316680
535664675
664744501
1150896613
734166162
1837132719
169731667
821844053
118181267
1997664641
990284089
706419573
1504162795
286603081
132162146
751096824
775443902
1954890918
1499343373
890956113
2043404307
937704925
1771672789
1643799068
2101300868
1195113561
859069336
845771371
685172904
893682314
618024280
1903157068
1739403458
459031995
1189479941
664098464
1030370989
137082715
1846721421
265772656
75043632
685422235
789221137
1580645687
1539348019
1086659924
1292408580
1861398302
2126975865
1070575093
1537593485
1662978044
172319803
1370972865
1588893392
572088899
813837874
849800575
1832011475
2143813286
589268436
1787507535
1490402862
951643026
1953618773
1593238828
591387753
899646355
2071413605
1391057718
2000085184
870160997
432240509
1876540609
1073175621
147510994
1021147520
1884545463
319287038
1843097460
1634885892
473923479
215064830
379619909
97895326
354270480
1399287876
737913635
396402020
834477146
1989177912
87750488
1648669974
214755777
1627817079
1927467620
157474345
971463311
65699836
410549094
233665047
1608338213
963681102
266615640
1358173838
1224011303
1212114908
985383314
2090956381
1281495959
989087150
2064302270
2129934605
1405994392
1785178403
999386984
1227436901
804082025
92003604
116346588
1226985746
1811454528
240588577
2007989985
582165290
516533298
1246238312
1119300593
128318831
581011029
444221494
1377492686
1645858942
214381187
1774533890
338199694
1880527096
1502069573
1613042926
578897554
1430269168
1749445705
1735352858
1100074499
1265387670
840013449
548541965
197509184
1674620873
432334929
1315973902
639290461
694092086
474518898
1632337375
590671200
1741441966
360497599
831778206
1725249919
951186839
728934805
1960545147
2040689708
410596119
1024014222
673082096
1694418723
314834594
25315150
269963944
1798544344
154974436
1905165688
1138541446
1386788152
1108449773
294697086
876634420
1856878520
1324927436
797481109
819558036
351799194
666573367
1823876417
709363241
1586266990
1527307072
577926513
142368610
492445512
129744646
922363617
1628346873
94297143
9150915
1328089468
254661758
165258235
798800074
1512566321
1938227508
610285613
688399619
1437990144
519386870
1961582682
151187630
537343009
955216628
1885605471
954972318
2074454595
961369120
63839812
1361380431
1430128679
1535730729
420409010
593032440
624613353
976557335
1929098971
1805786838
1620486862
1135078380
1165096359
1018612367
78418285
1568640384
1629683316
1081058174
1633076798
133251679
1883008779
262042814
1812098548
327214482
1935662654
452457375
211507598
722763801
1323695975
1575152552
1558024895
1456302394
1203211099
1662920741
1356711929
276026857
618708079
510864979
468081347
810600068
119086308
28819552
1186389889
269202028
1877924014
701743339
220109249
1409307809
1639203100
18794337
196325850
1113679158
138141254
310233571
5332881
1582901440
797083044
571730522
1233046576
596609282
611054731
730063963
1610950830
1924262081
2116555194
2024016650
1506868070
657003419
2043033906
1154826259
207733427
1714781214
1097320958
83780670
1499931905
44995202
320116270
747614155
224284488
715589331
1001462917
1757904480
20579934
142083571
2144245980
1419105553
953645689
1252637462
1295632293
207767871
146197875
426392957
233498260
952632751
1408057672
2102987011
1616831551
1977292166
39996637
61096548
352498970
1690290364
1796465232
1718561051
200532007
939599506
1401640951
1631339514
999490549
820570209
183521629
661501511
333054858
1310614324
755176189
617854753
1201400426
1295710688
1525352636
2089459013
1885035747
2117039285
1570199499
2063925357
90125108
756719021
778428413
575959767
1447006940
1740821952
677340536
251575805
1986737339
2018713017
415537766
326413118
1352039788
1208248009
418921231
1357734551
283365635
1554982046
1854746779
2003978448
1879739635
1152114428
1874630044
1174564371
1233700173
844195826
2122275500
1528435477
215676525
2070443186
113611114
349030815
1383067748
856645508
910683468
741094507
170226549
549391239
1586355420
866066435
334413679
525998754
1418367426
1432847082
2126773363
1962091273
109141979
398206515
1097853553
445170247
143315181
1369078780
1967261502
1105834902
1443716776
130126779
902422007
1477156535
1658924425
762621974
1205111722
1394436797
810207468
2110592696
596560526
1939096286
179451930
981547122
2040586847
829294939
791170743
2135419024
1240827704
377525111
1397847339
149128393
287485102
2071387211
947453760
264101815
2057990003
1266361839
33002656
624858466
801204232
1117060534
1134352864
1856250829
1512743034
613275605
1549071282
1296783993
237036948
297819851
1821338247
1000012991
1011318315
2041337847
566450057
531100848
1269915404
1775711142
796921235
2147173953
