1051306649
1962885874
579099104
522752724
549432391
130513437
958532072
1773697957
1321059292
210094311
591969309
2083923459
1190776490
980361037
1433409075
834771479
493581702
2045820800
749513483
2081519126
1583341052
1743190987
1839006135
1591463321
815212662
333542374
914361148
274836504
2087281678
1797788401
334742317
1754450326
2096155772
620830969
1830538857
1015842677
772878689
1791028967
545568370
1759905547
1440258298
2133029149
1876387872
653608509
819356358
1257164342
69493161
1887936606
1479652617
660901659
988760529
869750417
2121557037
190646071
142913973
1068426865
1939547488
1320353003
1224396970
1251569236
521827087
24636861
1754862603
435360723
630886132
1176455285
802037066
82116043
1439833327
1432992493
275728746
2050807443
808160151
2061074229
1563340693
604606206
1871370285
74886033
184139489
308456296
199443014
1964246978
1980337562
1831843328
1465250304
1266879179
138001448
107997776
494939517
1244297388
710445630
450626090
1645355308
339739137
1984141833
1345716615
161378101
9897346
988453403
2851029
672604169
104350575
1473458073
1775899354
1812716672
2126089962
1213588901
2136463548
1616273396
1186315669
1169270135
300305248
643732686
192640016
1442892883
1315342657
767373981
1615198432
299264897
338422605
1332024979
1974285725
1050350278
921544006
738046678
484972074
1225207353
1986774435
494701842
1544660957
186895716
1535206898
206315981
1514086409
1716542760
638853522
1940392901
496823765
700598819
311514432
57927238
772996975
1631578122
714807911
753038859
1202971442
1929972836
1460450364
51182538
1231457366
1804044223
249643968
1730607585
803166127
1878375094
1840593958
360717071
225476816
1427693204
1404891697
432052714
867753691
774837860
359077612
588376814
1834402110
1521026438
246009578
776956971
1615237837
961544732
867867049
532562119
59693337
391051810
1107810850
293736460
1911262414
527000272
1071011276
278586578
690265986
593765608
62066047
1614483134
1162153293
946625986
1384089726
853160578
321523427
775381737
910083763
1399270807
451034952
2074648001
2064460115
487868226
508710136
758857045
204975782
464198286
2119986898
1718607309
977990213
241675753
952804194
2142016526
455894174
2139213569
591236109
498449294
103577311
1362111907
839143929
966904854
761124329
1803995971
1586156251
1813600346
1945613351
190097388
1658617027
2038634729
232302418
181469080
524048820
858081393
1421282546
1035145041
917679740
215837426
479738999
1319745355
1749075269
1951885947
386919657
378192083
1870227508
195585817
1560846409
1632847958
582105093
1652285966
859191205
746540007
1498431875
603794756
1118232017
1496114822
315790631
1061043480
253563672
1037079656
1220499340
168611236
1318113059
84880161
651724319
1364029733
859790806
86615779
1904968634
2121622162
1285201946
998584896
631645767
1058738848
174319294
616679750
780477828
660739320
407812603
1486101044
1665431898
612054688
356472086
1894457919
1561694211
849470643
581811645
1015272724
1931096853
1024451260
1575928821
1719876096
827656852
1177129945
1403629451
692320662
766966788
1213956622
1874299454
2060789182
1067523058
1781648768
1806353655
409561946
822537787
1040350370
356814716
1210589388
1115772438
960159862
1214677076
1098067950
1901056979
802945987
325965761
275761630
456005184
1857474992
612414105
2102226311
1716648533
269096686
107441020
1874959660
271969542
1146891578
2141019621
880781015
681740334
1184536793
1336472261
1557826654
271949554
810953262
1760250572
796642532
1757979926
1288600856
142006797
853905362
2101689880
1290787304
382416334
2000253714
1555161060
568467783
83283378
1731879849
711270705
1432759733
658698720
471186755
1463584796
1191973634
1773407422
733004841
1646163495
1038036164
116660120
54067129
320654422
1202400231
919564147
1822294817
2044699452
1230370470
716452327
473451160
866733985
816508294
634392928
2133117188
1208575698
1631422960
254483824
1469688791
702602543
1775848995
966332959
1886703299
78814691
1788585085
273432889
2119044490
911941582
411380035
1314388552
1911600422
1912933434
694546001
1661017362
1578875781
1857308935
2116461400
447620892
529116403
129602994
689102100
359686429
83345898
635169842
158325257
240355766
242619155
1776176079
21182806
1684618687
961870361
2045746358
1645850436
71420845
2074266889
2101561672
1283479095
2107399197
610514008
232067090
521278678
1544945033
666393754
952604373
931108626
429341493
397418931
745831147
322040090
869002190
283524083
2070533935
1638829557
183108077
153383988
944309916
1112606882
1443751345
711127962
1181161779
447186785
1823014642
1257896345
1634849347
2007195311
110981254
1246130382
1452804730
400030720
1692495930
210707348
157863933
1076817886
1233516733
2056087040
1495517403
1012387733
687693350
305145296
386040836
640233065
1504051985
571703058
771459128
1554787357
730092403
2088941910
1784020214
861057284
2044958702
1292617926
1084909230
1933265580
967023950
615287154
997436973
665856729
516759786
757854834
540684681
1284123110
46457420
1273294079
579043398
1733985629
1743376813
667216423
1894300374
1061319043
589983719
924367034
940038040
182147301
1185490932
192817258
126831883
1359679757
764188172
1758397744
1868417041
1979321653
1937329941
557262573
735879844
574215035
40583627
1336702890
1139040963
1192235783
1884378371
1805939088
2031868965
336740161
972476082
2054956504
1821951674
572462345
647893855
1409930695
1370629867
119093300
146334096
568375657
682405343
1623924821
934796824
139859516
1271775594
827669767
1394192350
996754033
2072586031
1768668677
545812565
1569123618
1161462566
74995532
2024489182
858778806
257800955
1386134686
863064946
1427995584
44541416
1283269556
733160871
2121076058
696766606
328019951
440794608
1763878153
1635854283
1717285487
236964329
1224795965
1515027260
349556341
1625648642
1989768960
1431559636
1963504911
245835728
2543668
1949238783
993190896
169000941
1425434053
2090046486
1021276223
1900173137
980599022
1138255676
878819056
2066833773
1727232586
2061616403
2085724523
1396488080
926382497
454186329
1352750065
260971666
989183288
1532609989
1657223005
84143445
1154640389
1378783631
1867935087
321571716
1586974960
541256980
165334168
2075006005
1638982402
604490345
2071578105
2008325571
1927391898
1032298338
317782653
181218882
613938328
1950038508
1549267089
292744948
279305759
2040122818
1620294124
43214461
455973341
1322289691
1562057481
512498592
6927627
468510051
1573377255
1785379274
80458587
1500257746
1226437595
1188615259
1163773619
262157657
1594781202
744263807
1897044121
2078318285
1473897540
572086635
775786826
1275963645
349282573
1319397160
191929198
233592992
397309828
1059620673
2110250187
1282462704
57301189
988409667
1415263724
808535096
1920323903
352106958
1544195621
955928152
959287457
1584551770
616891943
51838285
1515178960
751694594
84746057
545322038
1914770917
1512351724
478979376
1437663476
1471528735
1561770293
2128180817
1994850534
938227974
1972622744
1017916022
1259849752
106022444
1655272945
1669223377
2058416478
1991676223
1274674172
151946332
403945641
918580120
316138557
466184821
1147942291
473000189
1877198976
1400931555
445939177
181819809
2123783829
1109117216
774993352
824948009
746762231
938383349
289043075
338952011
1639817033
1747231680
1031456682
1204455790
1107605908
1144243560
585454035
2103379338
1768220499
1603219507
832935240
1844167534
292266787
832788420
1524047441
1627883118
889901446
1497485214
1873132505
1775230162
1303024963
2049804682
1134625200
2138434687
385468217
1753643767
1425220541
649033949
1244137730
174557271
321391895
712207060
2137692689
799609713
87783465
55430766
1764465011
761758454
1724316611
297464812
149165068
903881827
242547511
572055371
250332778
422535373
1971077029
808887781
1405449757
1221432546
820618949
1002694809
987476854
769861162
467576559
916562740
769771249
1103892415
1008592472
1325251133
1942889294
1651511623
729710286
2109152432
12363595
1636511053
2018200642
393985729
1026063602
757273404
1506008906
1249419600
900116834
1388819570
890753747
789722592
1418665284
2143979194
1230200545
8006499
1421242579
363419672
550935236
1766509235
759292870
1087435616
1444562142
1453291259
2134672682
1581959592
2147312884
1424953553
456733927
1220556711
1132845633
146539529
1873604441
1117123926
52298561
661103104
79479350
74607016
1937151711
1856718257
778870842
1569413029
1730625949
1111809875
933356578
1703448758
1758777549
1809348735
1355747625
1248838705
1874432804
7035338
131325181
1716611598
1795813788
1507159978
1268133881
1898425139
1666767694
1587941590
1755021861
964526282
1586654018
1589635727
163611362
1037092974
1444334966
1930111521
1643845512
734401529
1497978594
1575435577
2019858776
344956456
1624792739
489509121
169944990
112196420
194588874
1985094584
178733496
1791728766
1569671928
1786974148
1115702141
1926161830
1833381932
1554763968
336993480
935041221
2099956248
70921691
127436552
784933405
383694314
2004427104
830366439
1620002067
1577063403
1461442947
1701139490
1601615919
1798719135
945203126
1092401823
1159740958
1204700934
932773822
499003254
824048443
660141998
1106039984
595562656
200280725
1011270226
1233106024
1595751818
2025021390
1213664074
1252412512
1809864937
1441620051
1397691703
1828321435
254853122
1234029336
2081471073
775714281
56699830
1618787189
485961680
677646219
1094222692
1698315183
1378128404
1592953133
84679182
1568837560
648653054
1284886406
2137755057
1847828689
1695756756
1328318755
1960804720
2108365825
1824245275
466308706
1082593839
1673194689
84780558
1125180345
165062933
1811326654
238893906
1442941899
2139154569
1747106756
1079342661
717737218
593777727
265750080
1843092447
1550632401
1764707262
538303717
2069450455
608650373
1122208350
1754350496
418312962
1871975703
1660211771
924209726
443646131
297301333
1696540809
1620995644
1096242866
1291641249
1849768067
2078628097
238456883
540347279
2055858637
1951715476
1816780854
1713320132
163235901
1169170888
779744566
1221706768
1134500809
47795150
134202072
676394754
1535686907
1831376303
58412070
331633811
1049397512
2088275020
1313018219
355250161
684917267
892158549
777909689
447700087
1860146768
419796750
1040196855
2071655405
1160023024
1650416902
1658087262
1724808962
2129957128
1784538453
981165569
2070276517
1607372525
1913232062
1418619503
1374537927
1377348310
1366815157
429771740
1186129319
184769332
156809362
532512265
1369280806
1067745190
1220053998
1273682830
670330514
545736636
292984915
17463834
1456882046
208004028
1967804927
1649244289
1277333394
1895817546
790625083
1554445992
1435221789
1236284619
1331306808
641403963
1855981848
1286946661
257238843
528652890
929274591
1816969953
596539731
1589594721
1621907167
1383824398
688760176
1055420702
240814294
1506648310
1258464393
444613848
1529335423
308683418
1869198821
86312584
1104137563
833827614
1809911823
82149406
2000565268
348998197
834857022
1931302903
192566316
204216983
595965375
526328017
509839726
416523352
1858771491
927836328
1266403829
738728586
1208381595
516617486
513702381
911656527
2062911591
231629122
1750285090
810511024
770007447
778704907
928027131
178262556
319091127
697904930
132478596
1774704680
1061183577
460690304
1143391893
1303872295
1258528077
1514950836
1212581820
242838710
1171269670
1694235288
1526809843
810933298
1424715624
752828518
1962737549
233684476
1934881416
207092191
1674945997
1601726703
1513182176
1551484258
1049482332
1366361113
1388588820
1307505791
49669586
1573076866
1031708645
1144230637
368257174
250452764
291656428
1311902942
938142445
535136841
383373051
899927157
348401878
1549941824
895597858
600317583
659443875
110104958
1550609039
1372062128
568783810
1099781873
642189782
30856252
1057468437
297358087
502921640
108368888
289767960
1784675971
1144946948
1669877916
174351569
1159125675
1601057788
1008146006
263948012
1620506629
1467302349
1395861142
1126853766
372962269
2019573137
1986672724
932728712
1888323131
1533527351
2042940610
1734284034
316218707
1813265871
619059320
2119205172
1465040309
2032460508
1688868774
1526122219
2138938612
265001104
2139954697
162472523
1223978724
664559655
191673538
231682666
502715451
937917659
1052125833
698525833
1978060729
72333096
226600270
982231759
662379024
49030320
1566351439
1814090347
1591125570
1581082546
291702644
2088655254
1261160116
654473722
328605720
1695879603
1245524637
2009466750
1779834528
1379193033
158819913
2111588217
148412797
1145365012
106344976
633617328
1982509870
1834601885
583677569
163602687
891292249
1250391118
48550684
2095043775
1258850213
486639647
1334819353
1694689309
567606202
635077040
746085690
305176997
918839543
381293624
310735920
2005861583
1317334875
2038327202
1506147070
1424058301
442619092
215726036
755090916
1332155089
2013560848
1869862910
510238172
670754333
1226411628
752187890
1933120988
684349853
2093049686
2103934742
365477292
773616224
1301877830
2097293174
409793560
420306991
1025882754
2012728362
763172590
1869380246
988038912
1626435380
180088997
951313956
717906577
1292710793
498241252
901982711
536359604
1606997969
2060520311
843575455
285634691
1036300592
1011672574
1552917919
1522702642
500682795
1134806619
892576526
1360398187
2101422947
1099411667
862588481
2009982917
1865118709
231346904
1302014458
98632676
2009493695
85215496
1992732370
1845467625
668059754
1035778962
834571752
1431737307
654654114
1212970417
331537548
1578988918
1611318847
1667072859
274398804
1173308719
1604793479
1516878880
1404962623
1624105996
1832321402
910305434
829928010
693776805
1618042072
847682143
587263203
297811209
1676092153
1537817772
1137602359
635938472
191787785
4348348
68240838
167496768
1914602206
824309594
754339561
1589033486
779165110
72724364
360190605
2114580989
1055807920
306336279
1075539294
1219057459
1704721033
1667067004
175993819
843134014
1456270392
665353485
648672466
1611143890
874054207
1440911569
227652964
1494990641
749033387
454996595
2085988845
1543980640
1637709779
690352054
2040310484
479429292
409467100
1375944712
1398863688
51036860
930530867
1456364215
94752999
1228271766
1950756198
726581037
1055472017
1103265499
1209433495
1016031610
1800791973
1423653040
73848406
2072095323
2111273909
1308289182
331220241
540977463
1909942890
1972080521
494708649
1659066206
998051594
258373641
273850053
540385250
546553587
1138578490
2009386660
433761898
1676721768
1382338842
1490824248
1591426587
197824324
528727912
42685698
158988188
644818848
1267895574
40683037
860003113
1507375881
601848308
616535186
498274327
1457874236
1851355829
846856620
1745083671
1437091418
446884517
1037763660
1979136333
970140348
1452980812
1211957247
483058534
1276595278
227720169
477021429
742702952
1433557900
1188589607
732640455
1964378934
2050638407
114655746
726291663
486930493
1928100781
61593037
107055005
1829656496
1218386879
1171701208
357159866
569074497
1690390988
1340169153
1414464735
264828855
1392449401
1767781248
663178891
607493107
999391511
1303522190
1816764283
1434811335
780235182
877555292
154105048
178263454
334183813
957608186
1278331484
1490847000
1973819451
1803617748
1671813231
488936069
1276078261
128150038
2039074372
1178931378
1615542824
1792493947
1545167113
103925020
763606129
565935631
475077654
285931232
1725297885
1757351401
1462399416
596644797
1207955336
1942417061
157142533
1837149968
459635610
597019011
1054919093
400206419
350501729
334915582
371547887
1870374980
526664074
1862982431
834144557
694321883
41749783
1608933959
238965889
505276533
1032349893
1184267538
1106070770
1112982958
1322009736
1151821090
1239465572
1106492704
1761976755
1891312802
241320320
1421492704
272303253
313121414
1296669948
467766280
1957719940
1802075893
1527660010
67304538
1610971844
129960732
259153725
499819959
1665507496
1882630274
342960220
286308992
1631859264
1144994211
316743510
2043695304
1533524210
1990149823
1390273136
1698517392
481687773
1860535268
506865309
1965104361
1357988114
250031682
1804465842
893343560
1367036743
2006483995
1040795124
1389344253
1119166340
19412307
1992613052
1987573646
1042139237
357531327
369768583
2030383710
1143863140
634186036
803366991
959329048
136088060
161940365
869933806
908808666
1443551998
1655670227
1903891010
1189864770
689468526
75757270
1942117866
1571023109
873953098
1889056253
970206923
424423190
1487362643
1394289821
487465483
182259476
923332510
732662348
184850938
1528361404
1118215261
1214496730
214476375
1226874959
2096941066
934365345
1477926551
1715681455
1195285916
1608356174
1265551629
1448188715
128077907
826768655
1281588495
396856055
2022992450
1473007846
651385106
2105327783
155997262
1915933094
1717707740
891319559
1709390288
686340850
1195997913
689987871
214454097
852448613
1240429554
128269002
1891018673
1740345158
1253798366
1479592998
1806368773
663650172
2085861933
1558454303
83428062
2016100190
1598910964
1433697037
1379581519
245653174
1229325884
339964601
1478547987
1422738072
1875850406
210352035
628569283
891879788
387740856
1295181794
1226165766
914952550
1624595330
1466623352
721376798
1634656671
916373426
1882938145
1222380823
1725924959
1559165884
1305551694
1566899659
290605652
831379886
1473136620
668206077
1347545976
842677370
223905625
790489831
1428749275
1974407818
954883682
584749343
997039129
421743562
1548011434
663787833
104563066
749827016
908617316
375016195
32685420
1735523955
1828218131
666106441
418702076
1969363760
2078746756
85275049
846155994
707080724
1878709417
1017109678
592528026
736861843
2046286699
2137427035
629730229
1076546387
965400334
1244460453
1303595438
900359772
1176911242
2022855424
1317495511
443169160
870784324
171079163
1994372855
1499811609
170663977
1458792694
108010259
704741298
1214682281
1185548385
1158429829
643392301
914240262
390589149
1921802011
1572347997
1666509244
1539139734
1880981223
544647474
1314792004
102483598
159946692
1722010047
185749310
1594914079
830043899
494039581
1151458565
1588958838
1672039821
2266905
1592650336
1438020944
1037042470
595514238
1534003046
1448011887
1451097005
1763067703
899523015
2145921872
1668534986
1226047176
1069294067
1482225973
961623011
36018555
1920949078
122004948
1837761798
5244185
92187768
1064107289
207394007
305116568
2050692987
1031981806
1440280270
354828906
47335423
997504971
1808699115
1175002520
7735828
1167042376
1513065381
1735994340
1144044238
1530416475
1298055206
127477369
1470944724
336232004
1021815971
234299538
1534810215
2129199388
1934104155
28568446
1261018641
424187044
1813424115
1131182581
112911976
1483520331
1241061447
11076418
1477763684
1125859433
841076714
1238967644
1327751396
1015136595
1790660397
793463321
2012071824
466156659
674623557
1831949986
1110367663
316419611
894892105
1623628794
254438329
705054326
33292936
1208627132
348390551
1359568935
1049086465
1155475385
380175874
852064493
1226975655
1641855091
1641134134
261428070
70030728
185406940
135668783
1705086414
1365574530
1053390221
474258479
1550442536
721129854
1779236157
2059789871
1451972257
1441042538
281365300
147606406
477253357
345749554
2069488943
1255518189
319887101
1190938066
1548485222
36808161
159471591
179438481
755509779
1929534589
537283976
2110532644
1734750209
1708770991
1015234406
1287086227
455440958
964463198
526401230
1740330617
1009407779
2143214000
1254486869
166361037
6240465
1804280199
2068208953
1217562729
205114040
640416845
297875151
603281700
1085234413
956165320
650402739
627071143
1482444572
340649110
98188868
992863580
1110251870
517770307
561812105
2037936523
1382456058
1313389913
159860278
269649949
816197673
1856236722
1275646685
1464586794
852684844
915796677
779452290
604391330
407433000
1548564364
1366947755
510862679
429425247
1805072409
350496894
253653737
403318464
1115034516
1442806690
2014180553
1547826610
1852418159
1521567754
753973002
1870727314
5890671
220259735
1791042364
770731749
67146739
1106327698
1136204560
765450796
1504482842
1370665716
721607443
1216139892
2061296345
1001477011
1994782338
1939541449
1218855530
458383977
1035659650
976778615
1353184637
1122372329
215378255
1352386590
594498282
1638699730
148589335
1964955531
1004085951
746080331
215108284
1109951287
1908322767
512477024
1791917898
453446158
1797597950
1428799654
673644024
401324384
1960270308
1716437929
1024442552
1429573465
794183619
1233218428
1337442199
679705444
1343878915
1487408906
24348415
1201917975
1404222143
2063760518
1614643329
1707067011
293729957
1801966493
1836457857
1712227915
1133697605
1580731051
826577120
209943397
203041358
164588823
285410825
1568752024
1358533149
820500339
1156700186
1638053458
24114066
1558181626
1942996664
1308595566
1185648835
699209332
580726540
2105265812
1261934312
781484012
391804632
875588322
1454978610
429209881
332899694
850256623
906875623
1167153002
1224872916
660859070
272967206
734761250
1101358500
1370756007
91644633
525571932
687221013
956511925
33342033
2033800411
586298378
1261866610
1791100145
1741857016
893792008
314167691
1701578311
386945878
818888430
1982633034
1757135586
2130164005
966552898
1288250778
700696792
1958146643
383738626
601695241
191421764
295084342
942795071
1422410731
669197513
830741652
1483756017
907268755
1332071585
610109120
2017049062
366733492
411733154
806808644
821132550
1044852228
857614477
16276275
824930756
456791060
33307395
1451639545
144119248
1998130967
237890583
1759961414
231731320
1320443229
593341705
1527462914
1049679360
382843415
588269493
30658063
2021473208
1708911316
1226193034
1373245826
1135843273
1135751128
1734553760
554536295
12482085
1480488836
1830332510
1842735942
2001303807
2024204935
376406771
1929259782
213570021
1026168810
378020613
1135814865
658297872
176585360
47745366
1444966031
1799002741
1416801874
890418382
1595693978
1052904510
900848290
797498680
1114873833
889691156
110624831
1698179962
1252952704
151453646
713306627
1290762435
2111926698
1542295670
1235706400
203114663
1396625958
1096214396
813145959
2105687052
1899264051
733976149
791067875
406516548
1178141129
1218729763
492101655
792990988
516022034
1243358852
2116340254
559003717
2081999641
1069422069
1486071940
1176280970
19808508
61628671
705955643
149342226
1733892686
181283812
1705216838
1410127051
375817865
621451228
1517813635
2083004379
776184459
1516530535
1992779149
484198631
1110852734
2026556967
1252302949
2115923243
2140234428
568944146
1647065378
1163598216
1609126730
1331384439
1946148180
589033803
2138997998
1263101606
1072841447
973499517
2075959373
482369202
428410589
1931584579
631727554
285849310
348434831
2103782895
2108352057
1592846499
439965191
708768516
180658503
1933066710
1919583154
787240397
502603212
1199000433
1761217630
2017600809
1050010733
1657262132
741750934
465376903
454166347
1016912591
1575054111
2051010655
2076060588
36006060
1710945613
1056884361
1218210990
363018432
249745497
1289521841
588616163
1562173459
314257191
1058321164
1744238894
123826261
236314684
1043630685
1801977746
2025587028
2130407352
761518633
1988612358
1319902645
97681005
1047144727
732939524
548380676
1781692255
389756017
804254369
841105565
1723866401
1320719930
948888118
749036604
509064714
275798550
1076519624
515594593
501808906
734001373
1215007643
211456578
2012754308
1199247012
1610503589
849933535
1919186548
563934296
1198378661
2048513861
914633123
550953035
2065657028
1277032194
1128516440
400236776
860711828
533847004
179919062
242700058
988429153
1742764926
1120649849
1330427953
902873507
475582447
180052595
339505542
205594315
122464182
966173048
1346562769
1497786497
494344945
1988744019
1385245425
949640848
515267832
1452387720
1981278238
461915684
263517083
820333867
506288929
867820289
1894150446
688962794
165854134
76656332
2020267371
769761680
943066232
1684846364
493470406
175268928
1544792859
256288983
1744225046
2038566572
1234271366
1854301989
970843859
391988307
1815130400
1891427165
15935614
1541892270
898213541
1612428824
995103475
101461489
161229905
1814134468
185183570
676456487
425749791
161225533
1740654264
6491967
1736307019
2104272897
1753881083
1118823259
695700881
1743732699
206141484
728798977
1825167598
935405838
1785623226
2033076204
1299453211
1427287
366092492
375864389
1403380096
796378471
1614873993
1288869565
363231666
1686085688
1995436051
41593958
1137466831
505603023
77216382
695609486
207656934
429163363
1698555315
1119059634
373488212
121678903
652890777
1641336516
1515378697
1961190706
5697939
1275980305
629287193
72891276
1017996942
472388545
187232856
759067937
1601953979
1038042614
225065270
953290523
1725813441
1832366505
1668351555
290606006
837329564
537643357
1708198170
2125250094
2130312954
1322455094
47018408
2111884807
838233633
699945511
68785111
725158491
769061512
2060244538
503625938
1208087139
2010146435
318398441
1940833210
1454646187
1284627461
2080633736
1734976851
1222975791
988133900
1075415049
1278355391
1892651949
1273527479
206829904
1561655682
201913740
540065920
1622025218
1220423908
1048309259
977876025
470001684
873449322
2012027609
1870518801
796379974
1640134914
647406706
1812352040
292687232
1456756594
247015911
510526526
1222152717
39631064
359362078
1074429582
1895480698
1571671688
1037202116
1131200913
421017900
89228435
718721439
2103194545
809888195
1039538679
1747109608
1127276225
1030779741
564526638
416452420
666617367
415900770
2132454052
800667181
680778965
59193539
580881412
413232222
231840756
1012250434
527592704
290597665
697142377
201152207
625882671
835148491
387571445
595374764
1337347175
1230120723
813921792
112726754
517977824
1902066677
593071097
1274321552
667912933
715642062
1887712834
2013683907
1790631876
314110874
746654992
1283501123
330140146
1715173621
1250054466
832891461
1108373881
1166663889
1594285313
999791972
1591619276
1288864700
281465611
1833533383
1952717278
1474197892
1325135405
2145332445
351969985
1389574057
686514874
1973335634
114556370
1203562878
1132819453
1854015916
457782242
1659717740
1210965297
991224060
1472126641
873358200
480540155
1899872365
220491312
1388189709
1042098155
1814549800
723217553
359971251
575381958
325705665
199295452
1631656091
2025232894
473444508
754933821
839343071
18917154
113027522
1278018306
522231648
381642647
1881798187
1390459540
536442126
846461576
1548030104
977574523
1845108511
1074881697
904242915
2016386233
2111468371
281644722
548884666
1662317597
1957088956
1934546040
1012878700
349441131
1836797819
983518308
810571597
1788057858
2263288
1531859417
1927261283
984535680
729673625
1492991005
1500889487
1106690347
788795362
867096203
461855279
1395773895
1807977084
1924729385
1380598934
165477903
195792856
745583588
456283271
88832260
502659155
2139234434
941914164
1649392311
1617655501
793034287
1243748327
72311991
2019372182
756705686
554307068
454831190
1453510657
1527127574
1856070921
636512925
1256684768
599227531
1666292734
47739811
1351603146
312056856
584512818
1316730748
474699301
369403302
186073237
596704227
59311699
419312885
1497812388
929494982
1226114196
48215560
757582001
250147744
1607636229
2050337896
1506418310
1687821687
1107600186
1048073906
1317265448
871467613
917699151
542078103
1081046547
1437661809
1443511466
974448903
852420699
771278956
674120200
1961963475
108724640
1973924530
1422196854
1369534068
1029352330
196350078
1520879154
2065574684
2040560233
381993441
1335142004
675033725
135708974
233092904
582265400
51598421
1778752006
365114955
1126269206
1285680584
453119174
596945156
1961121755
994322129
2001764796
1182112470
1393064893
1374937057
1643075279
673997380
2045211382
1244443392
1016851211
543440451
355709266
1958644061
153908364
1167562760
1669224681
2080332806
972213635
1938977069
323255458
1968339343
2041239413
1059553466
980702138
723842641
128407032
2063405236
2085869696
1688927044
357982462
1509543587
527261051
1158956635
907486155
690946091
1286872108
1151710219
1523540322
1694668673
220776950
1893940281
1451686933
940569364
522175181
1580085425
712959173
1893553998
1401879493
1345547614
1615945588
2119297554
870220936
1439635282
251933825
1561528538
212488179
23519492
155110996
2052845961
709793825
233157690
1671123702
1784924048
1019409793
595855185
821848334
190132034
93428702
445648557
1739820410
1024293318
1068881274
986864963
1223227360
921286789
709967853
1010562639
78109550
674698533
944587971
1490909973
884723015
362941277
1100485059
1723218649
1171370301
1238056858
1052556623
1496362422
182236537
537796737
2138572183
548879842
1581240629
801119978
1848487203
2025983319
200935601
1280352923
1105433921
1146880050
1947268525
91319395
1501747807
500089058
1893287095
1211008066
1710042643
913053100
1912793885
496629605
1732318993
1649512972
1498121281
1826092339
1445142296
466521302
360727517
401042738
1521613280
1519128484
559351405
1483140916
1306684483
1278331559
1492107525
1684626656
1095805344
380659936
397759939
34701662
1262764897
1856224225
1065609606
1834515709
1282801184
1451167255
796275806
2036866985
586600068
2037403146
1007923407
817693913
1233738638
1490677081
1265474465
151293367
166981121
1838057665
682913560
1575593352
376615907
1149241240
829599562
1616002210
923459861
725566958
1191715440
1728908158
158183949
12875857
1656163899
1611101726
165403859
1098818995
1638968412
369360415
1612755075
35953091
820695630
143988729
1951981781
1997601695
2079834314
1183993179
789886351
2023479150
1063040158
1599476113
194738045
197244287
1517464288
506496644
63919000
544809500
1890479339
1265693208
1680223321
103397997
495865156
1769126532
1798530609
2071613938
463087155
625077357
185137975
2057624969
1573686342
537753542
1412593818
1032581541
782608180
2105827032
2104424264
2938958
2943225
74658694
658220210
1018803773
1147895280
1830369959
324657638
1912458486
1302029553
352334341
1070854408
1937073396
540478052
2106276801
1073757259
1333166272
1828644353
1387168654
1061095946
1135359734
1598845743
337527690
1323574103
1674333495
2044823824
1173207027
2043139682
785119844
1369690940
1518416387
1476039008
56517312
698690810
455861874
1596347469
1298709512
386980076
1393654216
542270483
19409913
1952377094
51692698
1215781898
339458481
1562123735
1626029570
1949574915
200110479
297429351
1700655688
2060290293
1272630223
159033841
1412108819
1471137936
1436062441
332737254
267611190
910513512
32127662
951219837
1283532191
852300022
890544264
1563909105
1567972102
1135285977
359211844
696930391
933270799
261761105
1372382679
1661317173
175348317
731600135
1659589870
1209337854
1556076970
929781624
1748738996
595112930
1231670431
1090060384
461881331
1833629859
1426705763
1988839986
850679147
1565785550
893128512
2047692301
2139059732
153181297
1832649573
2130908137
588277540
165903992
914619738
325991340
705667883
1755410847
1059763043
208095483
1357405465
1194868174
1029817321
1569002874
1279601805
1366295577
287125268
318624467
1444684898
1368967704
100407170
1768643295
119217291
82767186
1646175493
1239686550
525502656
1670382928
72153665
1505870747
1074864934
622507174
2085228881
1656167574
1672867451
1027342433
775749551
649482720
196697339
914843840
1944990007
450973015
1033672842
1944234911
644976425
1768808566
749443341
902642532
888552916
307577974
469870689
819300004
310022664
755586226
1066895671
1974573694
1595277967
503458574
542684038
527577857
41064136
822683065
1334554069
1531028415
845512551
630152458
1730498249
1113039622
126877937
2133709335
423372092
1001427733
1166566992
2113221081
1822154281
1830194547
1671475448
1254268129
784965151
917249336
1571971986
1789343308
131984968
2068233472
1629653562
580982696
2115512410
1677815138
431255609
355711838
2001871665
830776106
2062824395
913609597
528420729
1322311958
1936298950
409266012
143742343
2105939573
1848417204
849510126
1245402426
2102950120
996804514
773536551
2110297366
2075400157
1821044125
351671831
673467073
1722276221
364368434
1464392641
1884522667
2083638313
693294962
2109641359
1787308743
296789365
1681829221
1323955533
1642576564
882028963
181165900
1870953501
1659931933
515939754
2007962539
120880368
116814914
508206240
879811561
1567996132
1539158187
43637147
1117606002
1712098952
1113700111
490298325
549194736
431213146
1789519844
951541873
253540302
644300066
1138661088
1250127599
2062037792
578074858
488119378
434854506
712831601
1896935041
245010725
1169103776
1799276829
1728431596
738541003
203157761
2120974044
1129700955
981027558
1898209287
186426777
96200066
1926806718
1934596313
1857817011
2065760144
862619159
378104416
396808239
1219348938
161157645
599660648
355755565
589307707
300051585
675385939
1760402378
1200562327
94682677
46369912
1950030770
1419214523
637620832
549924894
1965560417
432986718
1533173390
388885377
1203793418
712537939
1256325101
996755203
2092250221
1552228369
670854027
754485039
1886598585
466370140
2115115077
1442290348
1925955147
507144398
213302243
820591258
537292172
100799169
1914519547
1582543428
1222426301
342790058
1721363552
57526080
473185410
695241029
457451076
388778072
1547801930
1437621399
764340596
25220618
828648267
659972674
407695163
1659770611
2099568194
2138832701
632438574
1498544215
344409489
1021852958
855940047
1938902323
1214483083
2132594893
1020298221
495279052
508411192
29472531
1423589707
1156894322
605929916
496644138
1976575124
873573625
1953704483
886283151
814343265
753972524
1862693568
274191410
1982605055
1286892533
1494993194
791941658
59801900
68186504
1401788877
1970048149
696370797
118109029
783560575
932860621
1957834047
1572388595
201356183
1906623656
2020289505
1141767818
1925331181
757566071
2129895881
755160124
347850298
869471352
1726278876
1064997962
144549589
640937566
459698410
1652498611
138148426
430773375
840739588
2015341903
1739283237
585961295
2038963570
1464165811
219674504
544999535
789430290
800912864
515005852
1344257154
1402020838
1573649382
2064050469
45398845
661693230
1407792444
1940267309
533482668
498974851
346679222
514549843
122564832
510313951
1944371986
801312303
785926184
2036945438
1905159639
1036875903
2090989963
1845908633
1637630269
1501511131
817242820
94669528
1972858316
682207332
443437591
1087336847
1932035206
1762964602
1314188155
691011690
241910854
609179407
1423748200
1673202526
216497017
828066701
1623011147
611063435
876352091
1406742311
1470551154
163951955
318988584
1121948376
1679934772
1696205895
287063340
1425284218
1719253288
1097541031
1635063934
1318791726
753818195
1416369712
69522589
235049355
1252082652
560875211
1323944594
1458724791
1114248185
1111843455
1497735638
1787041379
98169911
674253281
2051172195
496096074
1355198064
602301566
1791991451
1689651429
1795302922
1510969704
873689353
1751261332
38341142
154479494
29126435
2049205176
1796146093
649759172
548058809
667040880
1091432820
2053576713
106640807
1310681651
1886741078
713766344
427291466
302353494
708864856
1799844883
538296939
1955532609
1546825775
63769843
185411448
211434739
1645706235
1942801932
183218489
2009078472
1696497123
886765042
323550714
488255994
583475971
1070312395
1417395493
129954680
157437761
356596023
1829983431
270732483
1830477435
2131006770
98518724
94302431
98026331
408587868
1631078017
899477764
1385388315
1203709431
1448452077
259435747
944796419
699328215
431309474
1261020893
462036408
145041704
321979783
2002906088
1036454291
1447408020
2039322571
1055444677
643762119
687320447
480215516
738631986
1732309042
1482266515
1643012405
1764757709
1386166446
1396855266
655226658
98299190
699561787
61986784
282309893
990995428
1924475911
1415428710
1433971151
1691648223
995681328
1223502272
1246765479
1389461774
946858140
990934710
903988485
2035148517
1769079450
1007223435
1938166391
1730575841
269644719
728297063
1979433588
1671137839
2022524607
52421486
579619932
686374332
1758729887
1008293501
595412830
1977122437
1482328628
539461949
61019209
1200146044
1688148884
164349224
553437726
876185725
758112596
577923321
88720666
774582444
361268194
898266489
354842213
270986172
1799261164
1465149941
1727561885
1153693755
501091522
1561830367
990360888
1997180366
1441008752
1861007645
2003654607
731911242
445914278
1910825963
1781502903
1502284247
926101550
27277394
1037144147
156915930
176116994
765852592
1815017273
2137585323
1142592998
761745912
1513523217
840909404
574472121
66460735
314076705
172376609
178227660
1880077702
391555556
984335284
1656585347
104443674
890689319
1854364843
2027231037
1843979204
1421971771
1881531381
1201218392
383748897
774319938
244297146
2060883405
503645372
1534714377
518450122
1250044575
666653424
1021910769
1827569524
502386827
1857185032
34023679
605322851
1031120918
2003721183
1850854074
1003794923
149740029
1977316766
453448837
1842623903
118264334
1246288063
1955465650
421445862
839534828
1094293406
739321734
440001796
1323988751
53387843
1788796502
1679234761
668539253
504784067
1345408419
1423978870
1255105922
1980850220
1858151746
1249200348
1510115764
1553905302
937779547
878361096
812350994
1629612179
2032942262
1195773664
1216002222
1894960302
1415310704
1598127956
1158583463
1078035292
219622905
1825258789
320569328
1919709020
755186612
793034114
1240840716
596217795
473783663
12660965
191957702
712659720
1155614721
574512379
743076941
1276740082
513957350
901953216
40637139
88595427
817174218
1089159361
350773299
604225278
1911564330
1306335190
1850215049
1001119983
289180036
493371891
667010970
588735450
1419546421
1920863224
826540417
1740559723
565025027
202941755
638044849
1233927672
372804225
1510811276
358473604
1174232593
2099958268
104871831
1644273077
1478035543
1400026352
264577885
1469363905
1684694482
88273279
1845283723
1872186134
901958294
125983085
2126317300
739491373
1143640822
1192654704
335249030
1680841129
1896962465
705925893
1796817623
1198745647
1773996622
2045754653
1785264501
298952423
1529123028
1033927947
1936817352
532113838
1115369158
624683843
13799118
2141025997
987942447
5148125
625190995
2095051841
1394415475
451848614
717479706
560740837
1213004423
903076390
1737953381
1857391620
1358664548
881439685
1014588789
1173619543
386361506
1734766461
1981918355
482943868
1496887463
416666036
2109377832
1653177748
814985750
814799684
1982555716
457651960
1617551813
1197833718
1479591448
1780317923
913678210
1681599420
1756657420
536078984
1185584923
1772523995
917632781
1574081160
731008727
309730202
135144686
1486522723
162656263
17129610
134546572
23955313
1037503602
1903308821
2142432482
1004415725
1993624655
1809716091
1087448976
1669103662
46366473
1892231497
649441656
1654018338
2057879998
1564991451
431608501
1991800388
1214031680
988315613
1981981793
1549146334
410699310
610861712
1780960924
983177782
1529802056
1708933308
1595812578
898731063
1720486490
349130575
912250421
1307069814
1312138735
606148102
2016212593
1340584538
1953389489
2034629934
1643189557
447184079
1777534900
1384050883
200326277
1776862690
823635648
164747374
802693835
383014391
1314379478
1759093704
680514879
2063151078
2109203484
870394559
62749749
220560766
408019440
667443209
1410925382
908465100
2111689177
1845247517
1263671892
2067703661
1315054673
222194187
2091122423
1924680206
554047481
386919775
380175309
842568538
542249848
1820081115
1346231937
232460367
688634276
1086903049
1083643161
2129280367
1147634561
1743433020
1611887472
486534999
1723484064
1337232912
1457186129
1023759715
690550241
1076272099
650409212
735862854
288664105
412054162
1907022806
138868967
1803487727
1634033931
1187400481
74352596
1956082065
44114532
551081109
2070713099
355071611
1978994711
737383041
68643250
488384311
592616143
70360615
1434850455
1437725022
358448710
755839135
1022569940
21354639
277648624
2105942284
1893980981
2135731833
55757626
815550090
1709727476
2058492272
1118062334
791736288
903115604
249539432
2121154680
2018166560
1968653202
873816685
1743846609
2120626854
1736929566
1830002091
584351103
746270390
1261946250
982125978
1032001404
1769663856
91916842
805621301
192811572
31267281
1523181899
2113104253
2006109732
1193007824
1975169576
872848506
504047685
1853938027
1296185466
915011894
474506291
1420451526
2100577430
1921192977
2073731794
1698154595
826609535
754742302
1915450532
49739147
594704946
817134284
417988623
715777424
2015258321
334520563
174914495
2030288369
1688950600
753888154
444686978
610947686
1078442295
617671385
267018097
1679817696
1875993210
462975216
891202231
1884942239
545450329
1923474107
1757978058
1257205380
759218827
1990478562
472938568
841534829
348571861
111878811
1298985352
728055662
69690628
911797181
131916075
910348821
1559133319
758231739
432876075
1821080136
956908708
259622973
1944020154
1330522820
349819529
1754082064
201743632
1976028058
268969951
124889522
926673135
1043971901
1094344117
1591621511
1326428345
253454908
1356566755
2131054733
904632865
2127824942
308626703
915989816
1878055816
769455906
98889908
2037824625
1649270019
1709777504
751829221
199938399
1700248085
1652157613
849445981
167317411
1047632754
345274725
531488881
1349135094
1781179832
367397244
829994783
1816030616
1988971948
921080834
1543449462
1300135721
734954622
56394410
780560543
2050930325
725954278
1258951739
45503482
272843642
805504749
381405755
47837990
854213952
845711069
1819160837
911505120
1665697789
785917431
1889833767
1152982839
1437628192
878510547
1176690304
457034105
1970681063
596338160
349274571
1184907546
1125266991
1621322255
143143002
622749974
1871001187
313906888
1613229584
1568574913
529312219
1273198859
1126164505
1673454524
156860109
1385417094
1687398084
430555506
1473982599
2001673248
1790948881
1347046615
1039851631
564442931
1157072518
1453386441
1586912909
1645849470
55185283
1933599524
137169817
1163161088
704767375
1652958420
1423707348
986602962
1114743847
852500101
2105788370
1454632030
1046690762
1693084357
1510465349
986929456
159677564
1493743045
1255523885
415619773
1704704767
1393684342
1048598165
1538551873
590735984
682783007
1528872728
1122103141
2133586480
506031754
840447358
1398799587
1121175000
1566706222
1334477287
240553341
1415778533
870995371
1570662445
1254724191
2007548244
1747758891
1302357371
1567004173
2047172450
1991858563
44295258
1441059344
563823742
1487781230
1987030589
504914826
1395591285
886334461
1676710435
1191865111
2096945008
1000618539
451345316
848484808
1192751976
1970099534
1559998492
266808821
309999611
368134455
335398178
2040087918
1033729824
754447738
1259680678
1559363020
323849152
1209136166
313790401
1802916222
618683984
105900314
1750117682
144368415
1890913442
2119211388
1569512621
1256985046
1351032583
1460022750
1454208628
373024289
914459630
1930023478
164106811
774169729
2014701777
1718103790
1105280968
723682626
1734002221
2022238557
1687230077
1901829151
895938909
2037394446
861702507
4319781
1735598916
940604011
1104487310
269574502
1695643591
1573838247
943337230
1944542456
1518917946
1315806533
2121286972
2094114557
673868816
2031919881
1192485373
1784270207
767722341
1027634011
1381333703
1777322251
2105026434
1533675560
238921979
1914764810
1409711375
1979485921
403214923
1522304576
252838474
1733578752
1347446015
1310116490
978014739
653884235
1158515946
2090760720
140505179
1386015400
1005708791
103864800
1898972236
124408738
1436071035
477176612
1203379986
206437256
1404871687
95744644
714980105
1499619770
1241393198
1291848181
1032706897
741982825
67801646
1375931412
1175330588
1226607410
1895212317
1355959515
515106641
890734230
461700373
939752400
1823846762
210951656
2116464842
505470586
2146315017
1833672060
2135977970
2045098538
1495357931
479625476
1559247941
537200046
699921134
1806564519
1806069547
2077009731
955866932
2077846564
2135617281
277965809
994419638
1493114912
1435910789
2078889384
334940198
785268999
1729055378
485026842
2145693129
2119018679
478136105
149709661
1466921790
1442256970
1364971101
1648977253
1084226636
1198326457
1171121233
1346938276
1366481705
1267894917
29640838
2104841809
578166832
2033926396
556244626
807113791
1654770885
1821035545
207467771
1544868116
1521133382
2043417386
1157523678
446097973
703220534
1425005497
1329756735
359130816
1482576442
409504553
2005417283
292435716
1524494476
551265775
879427267
1551617815
1146691184
920481310
57184182
1169356665
1754614958
568158502
1327648552
1434121134
2064928857
1923564079
1122653815
651346163
1450812782
1281099036
760453230
1262253313
1847966525
1864882761
560736162
1134431698
1033730220
761103310
1450729638
2031181475
1666997613
1157222929
1833860471
1007634353
254530629
108856779
2047301056
2005855958
1222795500
105466710
904986195
1623791311
838377901
977174140
1558322371
13530585
1922759160
479282064
82489751
1278292742
839710206
1894387805
383288213
1621538538
1630727736
1454755938
981728871
800274996
531776611
1890045910
423502946
1053207264
1694267474
2067759945
113536214
1237670162
995807892
1203179773
1136424659
169687395
77764549
1318717667
1656592229
220109448
1412652402
2017202829
803611814
779101915
1158089646
1368387561
1087362004
207365258
1969415772
805428793
1252296910
2014425770
1374221435
353034560
2102016906
344662345
976636456
1111401971
520164991
7076800
828177015
1329574898
1597963651
544592975
398827311
794153690
730201725
1778833117
1728347532
1473161002
1077994351
1679011165
1205528575
1958034227
641846561
704791846
2064242517
1125665934
1883906315
314544837
1597820192
280961209
1945983557
2117182336
1826974009
1230984457
298313601
1529859909
533785032
1285839305
973259374
187359619
742090031
1869612888
603085712
2086231391
1325483968
1561179845
794455869
1513956884
1687099732
1858604383
266735819
1230538644
1395469098
980221199
1230635456
875104735
1917266489
505757388
524145290
331969036
241073146
1562206580
870921838
334793314
464073258
18641302
1919233899
1359762553
8256897
1334714471
2079421182
682934596
1929145404
438702622
963607803
1182162994
94738114
978099571
2079655659
328822241
1039980756
587163159
763855348
459592070
2012725878
721424002
280530652
1152062999
1010262841
1481855505
1177618276
1021073980
648558683
1846276656
1380541889
1354206235
1112500739
1807289591
1107452769
717920034
1518882592
721611855
1290292376
654096026
423119989
1059299906
1014086512
1321784592
1662793176
1360210621
1096484832
1063396517
1146350885
1643526958
1822915392
1737285242
1365397682
228589532
56019841
927630301
2098675334
17436563
998538349
1996813985
1725694226
1976203647
1072610627
1389075071
889991760
867908965
1237044331
1214884510
289443894
633066003
1306325183
1682027400
359782692
1701238139
1112126015
1951754264
321207123
1901711350
1063541149
1429697262
727356151
1197911133
633221706
1775741857
1313148240
393029461
2133936502
2093884214
1097461309
295176280
340513390
2112110122
330135544
1637827807
526565003
197896134
1735638582
1607270473
198044098
2074985883
1300791948
1026743576
1448178187
2098617458
1192198278
1254031836
1108555994
2079953433
1038542565
37807139
1916909308
945067262
956419222
622766359
2146383882
843602468
739642182
1530804038
1369375606
513565143
752581108
2099484973
740137354
1263225254
1003509736
1799053061
115046467
850688569
1724141104
1642685957
573113467
853883074
1727095464
1904490596
529688437
1153843844
876153698
219834807
1091728409
579090095
371338461
498035845
1744674556
1003546554
270369540
25461728
586016743
823394459
406051145
1946047496
1044321462
526964903
476564493
1652914188
680300124
601247440
1255164945
825366134
1331738165
1448770121
1309833961
524517130
139032975
265002889
22471545
1869618590
698919226
2147365939
169165291
2040180856
448255143
451554725
73054577
1615113202
1014287934
412116852
813169989
362075615
1583689354
1154651760
1569896028
1258455554
296056775
106607326
747966484
1850910697
1955457684
287561300
1204563350
767883181
1583388244
388863284
832476367
574339964
2140265330
1088314060
1176184921
552996612
2052317315
414775091
393036275
100975753
587399541
441760328
814865017
933123800
2086116206
1537053320
1174359477
2085014009
192297517
2128963131
110816403
622963272
1160933379
1918367858
1836596995
1903236634
929185573
320844427
100846972
570460921
1369699039
1654536280
25512957
1447022546
2003111994
202149139
201449619
1329518861
656149792
581026799
709267884
2131085538
1422372500
26649096
1214757896
308926043
1652029902
850490851
548578325
808611704
1060390912
23271531
282597763
1534259224
1458628239
1638982368
603918907
1057354227
525314264
651562231
787300364
1510468581
1041249680
439132357
1743713007
2022661687
208841399
1009113795
1497192206
1243514343
434710197
434913885
1710814454
999978695
434905443
1568929760
50774807
821173390
1731250108
864631953
1994878469
1407731519
916300834
662884401
2100450618
1937347340
849687566
2080152859
95328053
155786109
514568270
432267421
181366946
954966329
1973797472
1434216695
1523538937
1671390978
1982064486
791483938
956836448
1192632800
2114592149
1243374040
224121323
120758823
221491746
1022614771
774829256
214470184
1122822822
1344363165
1036264068
397813706
938363631
2105126296
1064572547
1584534272
322803057
807286677
265498593
1911317732
1456729898
1945819886
1513847486
1995931193
1920994611
887278079
356228985
2103626706
1630767181
2117708053
2072765040
482305646
1507708544
1897948055
90867847
355031512
1305050818
1738611315
30386476
1751877793
1809266581
2122468994
485521841
1875206734
129574966
218035504
915613946
2003259667
536605603
1446535868
265965789
1173546316
1303118964
1482195842
455211294
1399467644
1611790764
1008647290
99093612
1166510459
1163070950
1337301656
465082890
1955140797
1404092432
2031191388
1833605404
1015690578
364034443
145973198
945213912
1273682125
658481579
1116665262
933467301
1416886572
166454021
1569022553
1610346758
361558565
1483564592
1984956074
2145763220
1149554469
1799072071
434547537
1996054559
1846923326
1511706344
369495951
1743224980
262842839
225733194
1441670956
105768391
1680371468
445820979
342749670
1042562436
1027785979
1787976232
777858753
1739102382
1841298604
1466284158
1462994181
2002925564
1363787423
1082253930
255311420
346709234
1018961527
1651783111
997641808
1961034927
1682487580
1651577011
1828686402
2093886197
1130789590
2097846827
1125104943
1045265166
1355412502
2058877385
1148205584
603198346
1831787382
524965882
1238756898
2080710668
880489328
74324219
1479149826
800427910
954318562
1824195738
1781223994
1109627978
769435698
1906737699
1789526559
1064400878
846777036
407515383
785691798
245103583
582284535
373200366
1726302122
1455693484
1706678964
214274969
2136811611
1023717296
2125097755
1717435028
602816269
1852670184
1462384635
348220530
649509635
649057744
1644060295
49292116
1671389517
1957509459
412005373
1087026083
1003991952
1313722785
1459472688
799251182
504403889
1398207714
1910983724
138024736
499399192
1036127468
249461153
805519527
629779601
1906341591
1574590344
698929627
174691899
436601044
2124709
1350245811
1121647628
920230430
135611316
739238545
1189327920
256565164
2091031819
401898778
876692031
677662950
1375420609
1180199155
1448234393
895788053
1649441301
293546784
870861529
1468663598
652052968
445182535
349839597
2091364940
1705696131
875669914
678811707
1355226685
1083334713
1240162125
2076040740
1849904371
74522131
510489516
600125647
1728542817
460348703
1844554827
359049297
112486609
776828103
1596837008
936456897
123419016
1981682557
814854176
750919113
2083622419
426164504
688855983
518165304
758075743
2106018597
1029089925
81076537
1148725161
745794397
1851866487
839551038
1366734876
1227972620
1217976670
719769486
390367651
346568772
805700340
1521220045
1352478780
2143935612
497717871
695452832
1869740450
599536599
418347669
307812605
118346612
481650762
1238491391
1913301813
443440913
1143169701
1864458645
2022553138
531942003
374821960
1063145069
1215231643
1828740931
862871453
323442380
814970103
551820555
1613680139
551118210
546785959
749087400
1362793086
1550301147
492288578
1787122202
1456562072
1272651951
524216337
1526055965
1025407634
469837463
260870622
1438420427
1308702310
832211596
419301061
1299086420
279221891
630553342
2025704696
1960569781
307229699
1058863705
125307246
1504909462
2098417115
2120000771
1951770820
599463815
1342550628
637725767
166083792
1789034691
1387509990
355479157
238685745
91863619
2058585987
545646692
928779754
2090179082
1102333548
578518567
1503085600
1509539539
459226315
160448887
1572466824
1516150986
2056150047
406992405
585935140
1599376485
667773896
526330850
557453957
1804987085
1063940073
1691961989
1974179196
1407401022
1804088696
997101679
1473021412
879388868
906245822
1319505830
2018345888
687651604
1751003921
7001759
1714446575
1915494226
784104205
1479715443
1716818241
973895395
139546331
303042593
1553133514
851240513
263245677
553780519
195056735
1258499823
1040085858
206128826
516055971
1813738011
2111865359
511371097
384471985
42358072
1095028947
216657439
1376795608
667487231
3319489
2103560448
517168975
1192643416
145531614
2113446212
1310963704
184754908
2061868841
2033482695
1688896507
1992230750
2004674873
699652728
1590432171
664543788
2072480516
2142761719
95451043
75395392
155001614
214462687
996820743
1046297354
1523527042
1471471713
603401539
951884839
1722802570
620781489
998928497
2111580480
18377038
1772716145
1999614184
1543998585
1939311394
1647288439
617617149
1502957292
1500550630
1853971689
1861942700
539254816
874702172
1593841089
2123653792
1071069004
1248821074
1578108587
1847981259
2112517099
727747042
1325165229
499100766
315448980
1761366064
217363753
362913124
627317588
1329478393
2123487763
428103248
1061071686
727621914
1369622580
369489867
1640971192
1817829170
5014321
523830814
1489021845
1363210424
2122049972
2032953675
1387591955
1733064912
1301271723
500387413
465288639
1118196946
906676525
2115880210
1416978797
1716479596
1724739821
967904341
379633162
320638497
934748756
1479464287
1790606643
2037503490
546921368
877422816
75064563
1037209552
1256177765
667962698
1552042417
1840526057
1366988611
1197529471
661079413
1828788360
1660010656
1839037215
2113824881
1232802646
791845066
583863803
1146153878
479913956
2112764007
582562504
750058055
496722495
1146037576
672709889
1881186615
1849187171
905443613
721681049
305752287
1997803985
1184755050
709750366
1650225924
595803663
2103401727
2144512422
1602228953
1364563338
1238155453
562159141
1428119634
2129449766
1847239907
390032270
1152271246
215302876
85491737
193063916
2124929242
1032720684
973700934
1166207598
367853417
2054443453
1789038105
1444889088
505821740
1605709354
1877604476
1773719114
1676644991
91947803
1325982828
1355585277
667739516
2095989837
2126928718
278175464
223123929
537427041
220058805
561495501
1011740389
545200977
2027582337
1305827363
1905101248
55498366
753134564
664001730
1552046298
1905754024
289286363
132926133
706524451
1119363694
1188857338
937428078
1413672554
1983028317
1958206026
1381788707
834639891
429465833
339717664
1623245122
248513966
2066016794
881168415
750321193
624315567
266635327
1689053247
331592636
357369287
1941329597
1207487908
528805606
1348488756
1655595301
644609728
2048183028
1796773833
462767117
1688649632
2137969919
1164047029
562392233
1050729584
854089007
893244101
1842912977
681763758
1578223961
1639588430
52584706
1175374825
1970098669
1545460437
738854194
1171991604
942878144
671134995
1181746921
1691733791
286339057
2137161719
465531511
905179356
575280944
775447014
2007194302
94022991
1843929192
581420087
876808359
485303999
361419887
1300287093
1131580179
352890621
1830317780
1595168832
816710276
1881620755
555843563
508898891
1783778683
1096613061
1071057673
1058380957
601696198
207506063
40958113
1188238151
1268170404
364783553
1998846733
1530351510
206188451
1518173346
1686216215
2041719693
541684838
913892633
990439487
1170710112
879678570
1480300042
804755399
671982187
388117336
1180230213
1970226199
1541373500
769180739
1916609080
194102560
254066127
891906253
832538111
1612071372
1429858652
1292354234
948005080
940202467
798188243
1966940939
13099855
1125930991
2043752020
339266375
480881840
1200121219
1270915109
1397883901
763625927
898680617
872640568
1304201013
340840562
1168438985
1363552727
1432685552
1559422300
1320168112
264417580
922601417
1330084179
1567514830
2039850061
1331034519
360010034
1227207839
1249204285
1576284923
1262431469
547267123
246076160
1896000645
1720486329
346424648
530891919
2053412995
1649999675
1088204014
1474125446
107535483
1315115654
1247101854
600465458
997295353
433133036
1844856369
1132098397
472645959
218622660
46526603
288569113
963007265
1826339063
1296865270
1603059487
290962747
390624610
370311391
415939531
636426532
1952161264
719205182
1643528558
1849806592
578634125
1297785259
2032929081
974240597
1646389051
533988562
411600721
728490860
941612473
873838968
2118356990
94547317
2066341686
2046660965
1985264756
891330653
1895847146
1288112283
520494974
1258133787
1330569747
1138521618
1053538956
826563977
2136532643
630069414
334777741
202337847
1225581328
1829721319
160383393
471709166
1653811885
735508074
768327586
462568491
497826097
366923567
1458840032
903620025
137408591
881268412
283487125
1449380829
836585082
910036265
600971921
919484406
482087830
2141842326
1823082068
243641480
1778523178
814170053
2137765734
2027277028
469466294
465084180
1976821827
724943652
1453229733
1100605200
1594944789
1346186869
1622486138
377171760
1901528023
129847907
510387597
1034656661
1299411668
1450697733
1494954140
135561080
2042405740
1334658532
1139254409
484655411
198019606
1663348839
2109304074
413527042
891913202
949329954
1732523315
788585532
1635450687
1376498456
2115704508
611438930
744845615
938072942
1514483567
1949126325
1250592937
1293038970
1718944797
207700088
1154452641
370786642
1961032147
1635764120
201915946
577142162
1992166882
931245397
580568043
1588890380
521466215
401912098
1100561271
856630086
651485914
1652124192
287739234
2047616441
864080712
1320105570
1360757833
1703542328
1183924892
1789670389
1334268041
1018723113
1939726307
30796642
55603167
367041324
1290498284
1967308135
1889595733
1447312695
437195296
1399783485
477679510
1065652084
400959808
127808770
598350390
1956569476
1793580268
475611337
665606825
611590552
1145672922
986421052
204866124
768659927
1753256384
1356925401
1716367114
1981738494
1754987335
384247800
569448071
1526598265
1549909146
346378712
1906329214
1366570105
606150070
2049288769
1053609997
2020550064
1226015637
539218094
257515518
883762321
1396426395
2037126349
650763522
248300083
618768860
1532411246
464433051
1770714959
577935787
298236728
237855398
1168607119
2041897218
1377863866
1441830261
635723879
880090528
1961627207
899519305
2083567902
1657380932
590938887
1945490081
265782145
234525255
1033468540
658014844
1862184705
311665557
450401466
17583387
1318725670
1791098650
1716730551
1647573212
1108829666
237107796
1488562187
80189359
1270310044
1965974681
953070825
180832802
567542709
1715433836
1328520677
1059540480
762446436
402328203
1651587065
1997663980
979174662
821357273
526804395
2073873831
1937886807
1326574847
568230375
388134416
1467293773
1251724310
980672158
219968781
1195945780
1961272187
1375149106
912015528
1654190457
655716737
1892606002
501296250
707726569
1996008097
1066036492
419254123
510199454
20020907
1483935017
1768238108
1899173970
1367468429
671896009
1087207337
1902844283
777393257
357962051
1166495910
918545907
1888604313
1964385931
20753339
909017759
662810755
862682296
1439247975
184916017
474660510
1864926612
1297739919
1270899701
1138921645
1334341804
110974207
1127691453
1567065796
935386564
1461685108
1476172123
146297470
2100286122
1320146715
2052281848
1966164869
2002076894
2132576262
707167004
1181333730
1189683595
1939427595
1452794999
236481803
1704916071
650103376
2038128143
308046104
1895280658
357083055
1425595667
511325690
1768800183
608550260
1587092806
374411055
599515675
66678001
1818182720
1652161877
921111029
2050936827
835233392
1814502552
2076604064
580272604
918414401
1825866618
1946416743
807804850
384497616
473138289
2050762029
44887053
649939674
1434272276
310205157
1675262430
477565193
1291809912
389519814
1129357842
1656778308
1200055554
167283454
476917455
1142695581
338374746
527658766
1400901699
2091633032
1916551081
1366797014
124842339
133668454
297811616
1682932602
541127177
131218794
2076048936
1987654543
254291469
384261953
807317542
784246648
1726271297
937617709
305833477
1214880668
224871400
1989884727
1229771958
1394679378
592299041
1183278242
1658842074
1526032364
628745627
1708209749
172374700
146143097
1653222758
1571468820
1922566934
1543506976
119289872
1302636053
1955845253
358982542
1138018971
1195485415
666368573
529387306
387702421
649204749
1967289683
1579472969
1156829416
1662538421
1373510630
1291436807
561195020
256523516
1391053883
1935630339
2056822817
976819560
2041347252
724519892
773546354
127572740
926361474
100852768
667874293
66219582
555985528
747420999
1272878890
43412816
1642242179
1704471209
1763242330
1686995357
104373758
1863094754
574473571
90830885
1881294825
1520388994
269906505
833167071
1445583857
1445386088
268966152
61039729
1545025684
2021895111
209900449
1628697969
1700200321
849388065
1341406846
741534516
1123006871
142707414
1891757046
1265278287
1149097015
553093634
1535482422
542080555
1122257311
429754376
894292571
137195444
1593874077
530599461
1433038683
1052044076
1471919581
1688268074
20091907
529748370
13654128
1851662714
1709705521
1689494587
1306743075
115603656
1625429504
454200241
1586569049
161561744
948901600
975628578
1351865601
428170747
48043732
17152452
518452066
1282717383
42723848
800175238
1002627552
2004572102
1119864178
1010557338
2136499290
69505543
2096040880
837324772
457104213
1001502572
276902418
301876277
1278213325
1652432334
1171714534
581129948
295409480
2112422143
1279305197
676172215
2090441228
1213254076
804027067
1315808145
896209
30199134
750704446
623197797
807627760
1703113280
415366097
1736139529
1436752114
1186653130
398526221
28701354
1347319750
1335464282
1796592777
1714726219
173019993
254164313
394634708
1196035420
1320368020
1476787689
1902180644
361030819
1203672158
822004766
671801011
1638059598
127309046
789423710
690322804
1548705734
1595469698
1578397844
267072717
450332389
1004089895
812367139
1900961194
1340571139
1728192496
1014954597
879303658
1621604999
600254116
1740237653
1594445478
1544201480
1054400365
271879511
1781224208
1113224676
1089596868
1261502507
2114071965
1090576140
540257835
552573329
1380650875
1038450290
634424861
522331472
2059384615
1083285606
414820776
1160864070
753491495
220490106
1367920467
1826847734
1256164179
439622796
1396586692
436270734
893055480
820243477
1134587846
1510626009
1539658429
2008753500
529660013
676121676
1241032255
1667930121
1797499356
1919213943
1024362061
76761228
1635770796
314119478
891262420
749055115
820179091
52452344
1098250338
671484801
618485422
1063636074
877618090
1209551034
844025936
1414417917
1625442376
670539945
1918159806
487350678
400215488
502924412
154957892
1627110680
792437862
1957051587
1306485257
77423824
2034603533
1199467950
1028841261
196747983
1766017548
1085444049
184550278
770136078
793122477
578474010
754216101
1661524913
1519350850
1689473
477685300
1162964614
1697596151
30775815
1853047425
1360223181
1307580752
1309539113
2011457735
882581071
870510468
2010832312
1108514945
1390042890
2123740164
375239561
1639314135
1884959582
836934130
334035060
605000162
2050137836
291493537
721677552
246978208
2024335852
429245143
925548128
1463332075
1239459081
997398467
18686387
529493847
30853361
1008879400
1852682735
1673329292
199569532
1943151357
1761037170
1132093236
385905032
505258884
735723150
88142624
1796848785
1722485381
