1052012543
941944450
10925466
1088197067
1357367217
552034038
906721626
726409070
312706295
762215856
821937437
1687686155
977197509
1951085154
1960377235
1366076371
897897320
592669771
971686411
1667857889
583496132
1409158322
1274258738
1759681682
1972726537
614881326
619136718
1272549711
953352304
616683061
836125805
1780902314
2145603159
606892889
1648945820
555932205
1998704985
1295476521
1884675161
351637677
99440795
559164199
484253321
2030027564
1600568259
1370566691
1204777915
79109842
306737001
1368023007
1402753867
1008765903
2092622303
1363359602
334317324
1054043916
723492109
679466649
1625418644
271676221
512012825
432576246
1076821427
1293030320
1573564247
633186524
1184437983
1823256238
1023433023
1642288738
339504675
191022646
29559057
730348542
2098902789
1692789101
843065051
297209251
148918635
1057049690
1849411846
386589044
1264030333
1649570607
319309079
66056900
2116756448
1111525334
446043285
1931562965
268461056
161825845
1092679813
1536951594
1612134242
339031095
821498174
747443855
1657019682
961861078
1889726977
1505646956
1608576891
680174954
644998897
2146495470
571578337
822756928
428485863
1049231050
1438031833
1220053893
1271918095
1075200427
1966170731
2100599528
145110416
1476822367
337530143
1364801674
948901311
970771355
1320897226
1781218343
1014651621
82153320
2066347866
3044578
1778098565
120150303
731514341
217650112
880781543
690614430
7612975
1249735652
1917035504
918559787
2121885473
1415702629
1742760490
1046093997
253189590
1192334423
1394737204
1564180623
1836407834
871491354
1316714138
195535031
707286107
1035614204
212967693
1640260349
608109104
615034855
1052014974
982802267
1660972392
823064991
1311133410
889520003
1529023654
1511232776
1000173163
1555845472
1333962032
170597144
335530463
2115918266
2056585989
1291418658
256164777
1804178451
358130317
1847058925
1643235090
1212457210
296002087
1334949757
1738905690
682979807
541523034
341936452
259709392
1248980640
2112450702
1759296310
1938230274
656773775
330890845
1447269832
1864280502
1175987384
1527959547
806655603
396456110
1743567776
1729247917
1573546168
329332771
1030523878
559204491
1161440965
1859431172
1277676660
1222638267
1757818973
730947432
1427028784
975402992
1855408993
248907264
86241692
2060139366
883483781
1009971909
887128675
2140163251
1520155954
648170519
1764855249
878037579
1817451716
103595884
1674268318
949393985
661208685
1853979217
1988465796
1004118758
1297467580
988665422
1418770715
1768474364
1574961268
490598354
1296814845
755566512
735562473
1682611579
1588144557
871320936
599982459
1469465748
1248886136
524121974
2087580671
380512811
72513711
1114712928
332844468
2069556888
249986157
1039327167
339711071
1512436571
1905002905
550131212
1138179749
1750197614
1487785539
2059451952
67534918
1188001210
1580870311
1019636293
107673391
1485451763
1490384366
640780754
2119126420
141455445
177266886
764734613
205013396
1096376784
1394917428
298238097
260864181
1330166540
804272510
1146001352
63893121
109861147
1747844856
599687479
806704182
1212923363
1688184617
764913755
1068369343
972775234
640353227
1376131072
236048914
871801589
88382842
1539225417
1173571757
1730705851
307239142
1217572206
364393979
1893727456
22220805
1950398704
1160630320
1119822539
310730665
1917540798
821101457
522272177
1062813550
2085842751
1236062429
1891926772
1970379522
1970789514
271590470
1218279415
1513037407
1265835322
1921249672
879121012
699357324
920544437
1118159671
280195600
1963294976
1012425477
1322056758
1942119844
1604267355
1264247400
1002848382
1421094618
24122792
1704839508
1510792682
45964246
1574453249
542257609
1950520242
1055835839
775570912
1942064341
671428434
1818608900
225034549
436962676
1785106439
1937371683
1258820367
2132501572
1599335821
2131817695
842833317
697423207
626094723
104139161
67706622
1926346691
645373465
1999408905
241358079
2056108217
1851439242
101295264
1662453624
2095811098
1270345992
422669070
2070638861
1254837192
1759272404
1536442132
1639540996
1402845115
394887392
1147928114
234727350
135111911
935673298
1985856152
93504990
1727820973
1213218477
205714674
2145337895
443568135
1133906208
791754378
1207154234
1363197629
1907004407
1977120621
1451807116
813001398
1823533972
1396341067
603018653
959170778
1771011464
1266328028
1612224826
1861476383
1291799585
215953925
290254045
1364371978
169451580
409389138
65637378
1508301135
1120206757
325831650
169241700
1176903272
1888903634
552623037
68609584
2070043496
1985955872
1769499030
1616653554
1133180234
1475211242
1176639679
1753663377
1754805811
1628341226
2146871661
451769533
1535848986
260470762
1160424348
1953018429
93191808
759138393
638624324
235745762
71693219
209605766
970928082
1807524268
756701814
489230364
1927327032
2089579123
1756240870
2125057722
1044600397
920058154
1535135878
1160166488
1914132703
1523307261
2072579740
1662935840
1610480822
467288566
371231683
850901646
1010358949
949659014
820583794
411844724
534481987
114660108
799603797
2135836900
1821618695
1418535233
2105695684
2044342075
1666386172
1618152277
552413931
849132336
1338336837
683500781
707598464
1990431009
1821198944
806231117
1852054496
1851934654
1985233807
371170810
1975292782
796088101
1029592697
2088714600
111104691
1173252394
658139204
1804819578
396133571
617622097
1586118328
1176228485
1285176760
575283794
823346964
1755286327
1114439050
24744216
1411694441
949137831
650995701
2003048889
1289027051
862615221
311918450
405806823
2134694936
1955982570
519385714
1942153790
27314130
1654566099
526680890
2145608943
704104577
1250730669
1460417047
1638707366
276927587
724891660
579400189
1288121025
667421768
1050566495
260535831
106555384
2022460937
1129803443
556059727
1994483592
1213484721
385510288
313247417
1266918722
802600649
964320936
282887443
2107943690
1171873271
1101539060
110460633
1085987823
733825308
403366835
1928005913
614630208
693563786
185315386
744404352
2111700289
2032006901
507546866
535130978
284833610
457434107
103580089
1408801753
1723854496
1120632595
1040439975
1862805951
15528844
1147759821
1701194193
373525593
749941370
683081347
100622167
1087130580
612789384
1967089523
362867496
2007931439
1745666315
492170891
1956640440
838788569
1436820275
184751410
2003077955
1777539313
1458220174
1223084854
673672094
873096874
383401367
1375834169
1688451134
949297680
1190094197
250480821
763210427
357823058
977924206
1279779751
62066705
1625542140
199789846
1351001461
936955296
2057560068
482895235
679512632
250771278
1349953932
511004569
666686830
1583365411
5109053
2115991538
1140584846
1370473600
1787681125
112962698
188521338
939748441
1757307849
730420952
1168414012
943831516
1662072670
2135568161
1599889616
702032025
777087557
1662513092
947806127
1891366690
1147015936
2083620880
400298531
1898628113
783184418
1053240863
111482220
1075931356
1365992552
1636635034
1954465662
794516722
389229608
546832894
1537923945
774568323
123936547
2089891486
563674870
1133173173
1356537015
1631214553
1046754669
619685659
1908666510
1994798331
60852153
539919499
1308611118
1447031299
2740018
954325939
1948180977
394514630
1325368121
1761622963
240097952
204506551
1167767457
814599866
771698237
1278525026
448740100
12292436
440541740
1808892971
138173018
844091119
362464951
1684808565
2005666260
182024861
1275125499
1294948280
1596463262
1097358816
720060076
979346487
1561736401
1558557973
1825809752
990669881
747974776
1990274341
1335563515
1316918161
1477065945
136378295
744952716
590635802
1146507780
2132977576
1009600461
1086653080
1177381472
1336076446
1347814890
1067347674
981453527
467535682
229543001
1048587795
1364263283
490098362
1483383889
1095364400
1559648716
830574530
822420210
1211717378
746547545
1625123041
1745927541
587628979
2957500
314578619
18110619
1589979306
1643176321
224726627
1704168563
971638302
859289926
258260207
514848462
846487071
1976524569
23895740
36260191
1687158036
691036064
651564672
828326251
1690300703
1970232805
1652400542
637386390
904625494
2003940545
1242703914
1846215523
353079558
710814645
210210254
393139663
1838617869
1508327600
1565004012
642721228
372934586
1554304956
1212313384
26202152
145421029
254844117
1082682301
1012491876
290541104
1894005297
396927198
1071209204
1457678827
714600413
1560587267
1572415658
656204024
1492504023
1906117601
2104957708
378597678
97128085
344152875
1003908754
2062897646
2144739154
1117946383
990431478
1036102849
1983173267
99413382
98433908
816283566
1152356726
1651965236
1911133036
500027873
864950800
911289057
181810595
1968924131
1132353094
458371144
819975419
924304334
2033722787
1429155457
211174104
1560181084
1188148918
1915915020
1413938022
2298052
2116137965
1454099788
691234056
1831732569
1751207438
1280028331
2092467118
902648954
996487470
1887428984
1537984251
1788131265
1236014737
1090367328
1325721845
1264211290
395947612
1787176478
221295157
2013510742
1027731368
870129155
2044555662
961175587
1106097975
1570217393
217186168
1673209323
330734196
961953736
1299546336
1566579162
1346463514
1977091359
960000682
686822463
700533016
1353047058
957565723
564655843
440517208
1396583647
385093419
1896864722
1210642939
2015804095
917409593
2117927738
1470043541
222434852
1841011784
940667712
27626370
459932838
1297562713
440082106
526275274
1770871772
1066008231
2091755143
1821387011
1819589539
1674248693
619556610
1887223614
233814308
1969484193
1955380540
1138485739
450520603
2019918946
1356233646
827459064
390676
123640591
1410726288
1857259536
1286212407
801533747
212768198
434831531
326690776
1723670500
175695470
123749665
1096449359
467201806
1060540010
381677970
327988201
2054656005
1066432275
628728063
1413011601
1611809481
1323223909
83590231
446707279
206408241
917216582
1021475508
954588838
2071757176
723004574
1075400492
1033695892
184152614
529048171
1130311417
503644157
1514293872
908406107
1120193826
108500333
351480428
1751524146
160488746
94893390
1440339656
1352929408
1127705820
1808531965
513196117
992812067
244472879
719460642
1642077484
1083925991
440353236
788189890
1428346534
1647990772
1684309645
62768761
540095450
2118335928
1888041930
1102349438
845581797
1793969980
583049980
353132599
1602274732
2133970991
526057190
253017631
449703157
1166005906
1272983267
1797677055
610833742
1310869134
742800565
926655944
755042764
522864425
279307451
2068560262
679562151
1083037111
533332605
124349657
443096668
1799894927
1379386447
1262045364
500451329
1539524851
1911191701
1486010528
144129486
22717386
1706500983
1517915596
1649179259
184374184
2105491514
760340532
1515621674
1749937851
1416916092
662596661
1559371732
470271736
1117245992
2103861823
1287411306
1624076417
1335187149
1433785740
722929193
1955955672
67311028
1720049274
1590775851
2145806254
1872826907
934011870
1979523167
1029208445
2073042177
845179911
1481922919
163161727
2070012117
1458569019
643671828
1317283257
1170783476
2112707318
1777274128
1296223173
1548753443
249831214
582683813
641414771
2037631904
557691819
1507766425
723270375
1247750605
766605280
1580542607
1954366106
1268762677
1729181276
453510881
737913764
398570123
766562268
857639923
443947197
1062350301
742467749
1775468373
1011669946
1508749123
59606485
1078813893
420668030
651414286
448272396
741525896
978130531
452516732
1209120697
53802918
175027439
1781054530
408930177
941814439
2120797883
316446675
1349756753
1491984410
1762916498
505704227
1778152010
1018400418
811158736
918684796
2075428089
143013602
595407821
1892936174
1755529760
910850187
1395657093
1992369517
41964548
923522020
1770273271
1744420159
1022863469
659729248
611401675
118700830
2140025394
1350677002
1926223824
727831443
596209189
329142621
2129640122
751585905
405493681
1166684636
1942980142
1030910312
611549788
460552374
972686030
1288585246
2027133174
199195763
2103666715
155714797
1463511133
2101403240
768196118
400469462
476498136
537652089
1854956894
1240413959
2013647484
1178470515
312269324
2007978847
394968924
370752791
1392098390
163306665
211017789
1080478526
480867450
958268489
1638625770
1053027262
816457507
1928299466
1253408185
1364271872
634453685
1006776440
867972367
155158098
697005628
50295411
1353899406
250593030
501623443
1911892026
371470921
576807418
661091768
2036438845
1980785676
773360738
1302891922
1961268242
1308845491
1091171016
1948404179
1998386997
246019499
943699218
1586023831
1735501053
1443304217
1786182254
691241565
1957936332
1144008943
937213410
2100714772
2082016324
1349813250
294045842
668594747
1437471725
396253325
482843928
1964679530
660304438
1688685417
591924767
1335306065
1284923305
610432903
1016419002
1869238376
751113469
1055196417
766223593
1607980139
1387982325
1851562561
26434050
1895447068
1006452278
1862232574
1116199840
1701054335
170415834
1583220587
1866019379
336522065
1601903904
196432089
751754384
1089636587
1929059740
1146431421
849611863
807812538
513709832
1036885484
104534183
264390435
466375402
56069864
1768366862
1915658801
1402632583
1117829362
1171143178
1715767891
500532121
749912348
195308593
1196509935
705607037
732772125
2029872977
1149908197
1301727626
1720298193
1479390190
545258364
844601999
358890523
1738939285
1247610972
567277096
1546243439
1013866926
1926169984
1970426210
607991083
778939555
576788773
347725253
915323684
1419793527
1779006472
346957723
900348856
993446030
162070785
914419099
1248818961
1542595396
1978233988
836813462
453451631
1889582661
1227611591
1592613208
814010648
1606129546
349836832
2044893585
198196507
341556652
318861733
1137447266
176774068
1071877075
1945168489
1303236342
1307484241
1834962383
200116514
398859596
1336767685
80566881
1172871357
696501286
163754005
1287010228
1325609412
1522033506
2139415925
1844749754
1487703739
684639352
516208438
81283586
333630410
246498553
405225208
949426219
1202965523
1830492203
231728899
1279753482
1768047269
839226544
207931512
749028515
373112891
256109797
880129591
470675401
1459192706
388561002
46990087
1635893760
233291779
1777273878
1292021423
1796901544
461722247
1307388718
229507322
448930842
1070609583
2117266915
1101009615
1949496753
1033925392
1893875467
362358035
2035355000
944471937
1688210182
1194584710
560605167
1080282380
1479208922
1793654382
1721245335
218136608
467385227
1995813110
2083857277
78455616
48578854
421013318
12218761
1349769662
1708945973
1808673233
740003746
1165159245
2075537369
1979682562
1560676563
925729883
223121066
489308600
1094755837
2068948610
764076046
2021379709
137473623
1974261236
638763655
429998232
697813069
736054416
1360762992
1790249641
332338170
2657343
1712290861
44147380
1103157445
1540853564
620550975
1419646993
1463693181
866116682
1178915008
1340412234
1204959808
988701846
2030948883
2052791163
1936287486
216590564
252827483
1548853015
1923337818
1614852482
927334188
1416871437
2059563723
1946070115
1424478995
1070772209
555554803
2098160512
2102241444
1970988864
1474582273
1342975931
1343342347
1059245118
93264596
1982486309
1438612158
236157933
556600275
342055593
114628532
268905965
1196960467
1835247420
695766079
692031838
207669114
633872623
1978285641
1704945433
1143590510
347060920
487297188
1648692705
596795694
1596597568
1207156111
1394744368
1684585971
412012549
1207633115
821816008
1794312599
2046480219
1094950381
1043682324
522390772
908556068
1493104706
1264378547
1059552364
962180824
821247058
821904537
1134735855
1850729625
1059664227
694778618
1275643987
1419241508
1091157727
1725055956
1986217992
1879982576
940256521
1706673821
127836568
1065551376
855844099
326304287
1670400818
372830895
1959053966
600730758
1161225159
379863377
2042378355
874398837
790657038
2091513677
2058035243
2026710519
1685567766
1880655585
1514100549
1954193740
519290962
349656926
1168697090
1406556168
489529400
510774143
1088884342
23496260
1912134419
150402778
231237327
1607837466
1137560861
2085965233
1147133756
1916337973
2080058152
651071151
1123653392
271367626
1767907601
639310115
1024416864
997835249
917230520
1255731474
1757084449
1270704446
4754507
452104210
718314384
1704272101
564317821
1201832395
2113362730
2055365377
103945597
1109443768
1968385522
669886219
1668405159
1191528434
733381963
1542002008
595096460
954859141
172288756
849165936
1903052037
2121631088
1435221228
1226855892
1776481997
867779338
1205886989
1539447384
609203832
1834259175
1266201540
1633824657
1965099657
1278927986
778837879
1015403888
1988086554
1072649405
2040816917
401114135
574099012
238068713
458825030
2005986480
1268995107
1340664992
1158096220
1478876779
506294275
957670511
178344112
1689802819
44747358
449569456
1066376846
1844616507
1395705057
651016818
210478661
609288818
1115135230
988023241
1363052883
1621742032
755884100
1778296695
1302637566
1981274244
394788526
1633770899
1061588951
831360181
1141954685
771037556
911877694
1485098066
1988249828
1669311876
1398335524
1911602747
1952009709
319503944
1193669308
207829282
1178332552
141008830
1260943169
1303212787
911595356
1034810594
1739079952
1464317594
623207738
974706147
880953313
1430069173
535613387
1950230732
485008563
1838477976
1304629596
1101584102
867481527
495544806
679971376
1518430745
1717353914
1387016918
658352641
1097087943
462464859
903566720
1388995103
1693453231
1267679726
707892995
498162585
1727310089
1216725677
1169166605
707760185
413508562
581319842
1339474291
473337336
1101177664
478929002
591027658
1289980631
1857048752
2038533013
670245253
1260238656
199881031
736064109
1523673243
1781188273
509265131
1496723422
1954596243
841707942
1110598405
2047016758
1522626766
1372918510
2077094202
228087382
206319379
1571196595
1642248653
1813279727
851937112
1233566835
750667707
5725424
1737920700
1308122053
1817250432
1015582990
703286574
387456130
804759206
735966436
2029566779
298605705
2144284543
2067233894
2009615292
2128896275
1134651258
428907846
1699048390
816236571
362511761
324060588
467773724
2082831248
13855389
939289047
478723832
1437702762
2131808537
688914811
1506887500
983563429
1568920244
2038323042
1436229950
1000577370
1906901580
248907232
85703868
1610865986
498288973
1704029558
782864914
2125788076
434758193
1241582657
181118300
1070940301
1233193400
916796603
405339396
721100288
1282320395
1960481120
964587919
475103430
719148464
690269132
646640430
1818453190
1902983873
975998740
1130727394
1052518655
858234246
1842799270
918173856
2077994097
320237118
631222844
393122928
1557352724
896542632
1446748672
1695078970
674187688
948750644
585994733
453472389
90978720
70990376
1281825347
82660325
1997646313
682245393
1083128818
2074652154
2134259586
1081506061
570779019
273521184
1455534908
1188975779
780582318
269419103
1231336245
1915847223
274473843
287005545
453923653
1232921827
647436486
165380853
712157153
1298905740
1537500425
98918624
372970790
15301937
1629101166
2034281359
79656826
909962501
1508704020
1449044011
1618135897
277115271
1731813001
1735240016
1351022652
1293112433
806153791
552436414
1227004117
2120215925
1272896804
344493414
284896786
1519233139
170804343
1670440409
1038236832
1341803549
966470896
2057526811
2071428483
1641112264
2041342627
646787517
2143060752
826331380
374758511
2144241373
1341675704
965263628
1094326358
1293145998
1370280746
693867594
996449148
1243351130
1986556600
1128516291
397732533
1721572667
1424638238
1599685663
1569161248
1793909976
1722046399
796717374
868365773
324681799
171048766
1483490476
739288462
2028282939
195943295
1126528214
1343860746
1182042523
217465664
2075731301
944130392
242830661
1035990127
88654613
1811913320
1509054780
901816390
2035969851
540854459
1990098309
524477338
1617732478
2086786726
2069064725
568137204
969693066
377963179
170521627
1213799891
1387605184
1955404715
1544794964
291667718
1501653972
1070487860
71468454
726947705
775610152
454087374
1837097027
1717339870
1150979410
2125735341
1695924695
2003385881
510400654
1254105660
201832315
1319039592
624734763
869611558
1935237471
1896341282
1003121447
1715530779
810358031
346137743
3846878
229969136
1768187799
1053630607
219458687
1212730510
594387893
1930875454
1598365561
857043404
1155670599
1513653925
890235113
662975542
1484773758
832572566
43672910
1718674743
2111353451
497667929
2003561285
1310932035
1799977672
622598015
1464509921
1708163980
1550618764
1535510203
1008995822
1661903642
1442198212
377425395
1869404174
1390196808
415672696
446697981
50136755
834851661
1841200576
1966211209
633429627
975302810
171650119
853012112
2121222659
1013205966
1554833499
1505600997
836143978
2086335925
934903259
1928712561
1753844909
510846841
163235981
1170515448
1902928016
37210141
473098510
1382196376
1243881833
168663686
52156562
422009558
1723638912
1792279601
90137538
965630031
810010638
949954533
1492404333
230627771
2100448009
1893497877
458653846
1276380639
915249790
177857069
2094005706
991893706
1989448728
344387706
655746077
238239735
1185708137
1695898046
1555496138
1905156435
983026275
1130907554
1932984128
531627480
1531084840
1793847526
672449249
1795577429
1829641559
967340720
1644273250
1480943154
876120548
1810166404
65924979
2047043848
1977928396
2143179659
677317682
2014952274
1633239575
721561071
436765688
621812770
1151799088
869677958
903738624
2130701984
1418431363
359952594
261813759
109854810
1641338897
1555396164
224893417
212440799
1374687479
1743385127
806949821
1046410742
1281755511
1056410320
1840938491
1856315908
459042140
1359986956
1632314471
205723672
149083634
1682704236
997947109
649777893
862702656
1781438495
419778991
741721342
2115507806
1600435710
1290299295
770383659
659249050
1130648477
1873644283
1786748420
1616858939
290118635
1236019755
1174704854
1447314307
464288180
1483351709
554515140
1804413647
16102195
46651843
245994146
517591347
1848998679
2032425863
1106590259
1254099993
106587046
407120524
591747526
503900225
1523061454
88785138
1858163348
1444195162
1727909340
550918999
1493613976
1233744849
1595065358
1225106405
290141399
1618614303
1875233972
587364032
1992444212
1297363413
1385414300
1640439326
1468691896
1127657454
995644603
606265197
1836744611
89251452
1105568158
1255517662
311029812
502853486
1110388257
662542969
656970288
1486201189
1201085266
293783862
560464181
858214325
1507987023
135893667
1189744508
815708739
81173925
638041630
1179825939
1618044022
880455793
1658185121
1222041528
318361188
1314722039
1074065490
71153748
1880134904
1352949570
1466568554
1947870459
1618089545
1645560854
1646867112
2126308848
597438609
1664651738
384807450
1385551033
1791027210
516038471
1519615511
154879606
311357878
1721691454
1273607700
1555104251
1761162567
1092156968
1339430267
1880909615
1488615465
975632705
1421228090
119903049
870883657
1840568894
2086950070
519420039
371570418
101569850
1982453232
882687019
503694857
218925125
835088564
1527862003
1314717242
993442311
99565552
508471451
1042245544
2144233076
1202228025
172781552
541653720
390892407
576208276
1328730409
289538910
82516268
1723963961
812927203
576538607
438152585
309070532
1932972878
342548730
1960331150
591525776
1071915269
439611400
1205054120
426319983
1154507889
1299339778
242442503
954669562
1281001797
1273641004
2114844579
1190997756
404211405
1090308374
334881967
1954064229
490083232
1229093979
737304560
897096730
22055523
1319987777
1528494529
1208163489
1145877238
125392770
794827683
1320583841
809123942
1079640390
1426701227
1912603434
1590686942
651512691
2102165231
690076973
1711991411
1453742171
1123216078
1511365816
1088692796
1099149932
758575630
1917684818
1094161950
677424389
1660893176
1639165326
1531410366
822512067
608074330
30588237
847907626
81988690
1446895103
2008661140
1124849140
1040951439
1869046811
1826447808
977058838
1767925304
936844436
194336048
2030815296
1955078101
350360760
113133246
907437927
2027861742
1706819904
435569902
1999073938
1054018651
298863254
30459645
834145529
710658287
1877268642
424324370
1973978550
182627347
663689466
598792544
797917166
1705917094
294427761
645056439
966120217
458632152
911769581
1815526522
2106598678
41093057
1308758312
1773437210
1233651757
30468114
976484012
696759310
205396079
1085679024
1986291456
967208377
1567468096
1254391723
714725862
1521524963
34784665
510312671
1922859026
10246279
410519393
1881963987
2029576493
461868903
1624752463
1960074036
565178072
627685423
1069230297
410443583
607825317
140394040
1665585874
1052445673
1779109419
2077187952
1803743632
1640061972
1568954159
460848800
1659750518
1761865143
15449918
1968734186
87431126
576120134
1994811462
281544870
1018155749
993974147
448198616
1648989083
1283053446
1395967395
765164290
984143794
585696564
1884596947
1184578626
2039559492
742408630
781855340
190263387
153594926
194577588
1795410782
1176289077
156062857
870904612
45275932
743378086
2043116803
400592491
396762892
457201909
495995597
1813964772
1628070192
1886570517
2142114911
2109450869
733226960
1084350234
1128154396
757814209
2005383953
1879742053
1192753754
1999982380
1289817816
1268100694
1340651230
926798286
999901111
1278434802
1079828979
301349256
1010505966
1273090086
1445500341
41732676
1321416610
1920570643
204098844
757886849
1078760786
1675582328
1559123585
594632401
1745354116
1687493239
2029825591
353491695
1195150263
1475919850
201312453
1171653546
1703588279
1956223349
271191073
948064977
1946891346
194522883
875983847
1660116344
1467851784
2040280599
2124635744
394867092
806746014
1915993787
590291344
1799653115
1610219457
369494305
1715560658
1312534384
813369904
1574563373
245628030
806730676
1658208021
1606921828
780818524
2091849698
1263089249
865157348
87773999
2043819351
1470898492
1706694427
474161610
2069848900
862864547
207373238
2103535632
100086463
673488040
2074668590
263015791
985053811
847966754
1075752986
515611609
787796818
1264436371
2031400332
1050359918
1083563486
790182642
560791046
2056867086
1720848643
2140868752
492609379
736373668
283980415
1150171271
1428245050
2089832831
1725343932
383779683
1291740240
1366026157
53950622
510004920
1045455263
255405487
1927693303
1803044879
633538536
658252726
1565300185
1325533545
246936837
1329013455
751725738
608183265
1861458782
995979578
1941222728
1558824272
2006529751
1809816216
622766204
2143778797
9611813
484467566
1335875985
126150510
645261981
125697317
1618381818
115342224
1526509174
52556709
704829246
545340670
80435294
1108772295
1420357046
512652070
438948726
804910437
1130222206
1151758527
187969231
250420680
1899904287
757004366
1279254534
1972162821
1877924749
714096484
1680987152
56203732
1870802691
1272751910
56743603
206996353
64196731
917667123
3783507
1312376386
305381165
55323825
2114591271
1228617494
1318955753
1363136337
876869763
1517321027
246192664
1706599726
1030005550
437600383
1765629753
1010224425
836197793
843320983
303691081
1714853095
157941278
229271654
783026060
539201604
2127851735
758936654
1542964245
1735028190
2085830364
1027874120
1121878372
503377544
1328296475
1586344760
686903815
2067816080
1056997159
966523329
791284595
1901445941
897779380
757935838
1902118909
1470934321
161388783
189429720
1174539186
810415878
1318372272
146505758
1306015244
767849921
1024387424
503037169
2050064791
1211309869
339994723
1984808441
1811979036
466059945
1196635006
660191687
1941163007
555093425
786231407
724377458
527141763
1301566866
1165888520
1447560412
305607621
1713886170
1086701979
1999226965
1478459793
2087945161
64045300
520049953
221116781
1163028957
631525305
1181617661
1666744618
1200103258
969044582
216310826
1993721858
1295923265
803166981
1892728272
408804493
976927098
1701254771
1391660039
1385875996
810229410
331888243
1030668842
848130792
1685256005
935855752
757393236
1372541683
38730107
249363308
1308522259
2101061733
1470938910
238516106
1535708240
42436387
263785505
1036735127
1872451378
1064946908
1433968658
1649748372
1159521787
1816061231
356034606
984182500
1236228306
384854217
24080355
991600849
1362368423
855441047
2142143911
449370222
2012818302
127310523
814247649
1294438059
1611113503
363339898
1357657265
1131903480
1491643234
323738760
1501261469
916140880
122021170
2110404952
1736114412
1014610695
1541793685
1388779093
210456808
242005447
51520311
465957236
1617888490
413913116
938207979
1636566779
807303877
554578993
730107371
193025439
1478246303
647302378
58911344
132997341
1903317307
137573037
1497628687
2136999569
2035243755
1222260869
1857341728
520129704
1561491838
1743154926
1232928908
766446853
1065343665
1659812616
658062582
517033624
1065282806
636955403
103477926
1839231859
1090239295
1321354861
882755200
1649612924
1030530898
677189631
2010282764
462196297
684812480
1278487087
1958582974
1274702802
633130742
246909909
876434559
645298340
736783030
721676608
231112400
1655673024
1950900189
999154127
1608776596
1889133242
116677399
344475282
2127635909
1426516366
953128254
1146042005
747148092
981098235
938593979
1681617838
2066208746
1959822032
624714138
522967183
2006361157
1123740505
1735475817
1019162765
739022883
1859663980
895513422
1328685378
1680186540
1632703377
299615873
1942308943
487486954
543122573
1455584661
2025174450
1638659847
1625759401
1703811826
1418410484
9039241
1598668197
1648479362
1306107187
165652275
978979413
1834774624
1339418295
1679696211
1981678462
746029511
1508460191
1645977302
56174060
1372105387
1295837823
1514626934
63728200
1633001194
1010058898
201669151
724225891
127238841
1756971922
1526946804
965353178
451909561
1741815935
203343641
950091910
1653815925
803408354
1654516989
1848772767
383006526
1182192423
589351317
1033004855
1454795637
1648949964
625580413
50065579
1786080276
1124780966
2042634668
887284134
457995370
946792742
2039274171
241985877
1870090968
48241684
1196648069
879741528
390951501
1569401134
1530706684
1880630575
1093757479
321931233
1186926238
693685083
76470418
1043094420
1378906479
1785157776
652708995
733610089
1081148396
1001954305
1426728008
215228054
975442030
364037012
189150381
774655907
1595960835
1243002815
427393689
2020415455
1111125821
173879235
1810542725
2095784732
827212630
153541732
1448029677
1750093535
1886013433
1369138711
827038172
1516393420
1835770991
905489288
1489340774
280999186
436779349
851413197
1018062018
1566120877
86518460
269328201
1851029978
1812729804
199315839
1974300400
1296993003
1602384371
1829190017
1968208914
1996602857
324749577
1310193612
126720546
1635922445
715400574
2123991312
301316703
463387695
1381285843
972939231
1249167159
952308241
248985396
1399406216
579370368
786919478
1551368520
1251757413
1537034279
854337390
772849888
1306970560
1791460404
1354279088
189457463
1640815787
1353420982
799655450
856485224
364273927
2023497139
1365381281
2100421572
1449171218
1608620299
1409733210
198983119
677242654
753956678
1596369846
1674799751
1291253828
1780834261
1001836388
1592380636
1200140338
1592248142
1120797327
1661607052
752377376
822844896
1906964039
1298655645
1629121054
221055328
130188386
1937850856
722346390
750720239
888630748
1615700398
145872871
1406501670
1721065161
1484919484
1134305801
1065262988
303874277
498860973
580215323
2103176281
502925147
167311037
940504936
1586817432
41167531
412959183
2085325224
1127920728
1125523427
1636274813
195198609
1495492494
593742170
1815627228
1651680773
1425130689
1286375032
1387288475
927443846
1112409796
278810590
160268376
686102094
1478193115
1900855309
1708445591
1988687547
436120521
515909236
1495046513
1688074091
1054786920
326258455
900102394
1146126490
19603840
916740889
1616437845
1802726365
1722724679
1459151099
1836755800
277304975
625200835
112949074
2107026417
787651489
969375515
1483334463
264661618
729180789
1799830941
303973745
23136002
152245507
1137212572
527239304
793454806
1868960219
371096064
719036760
960343651
8651505
1524440186
1786297392
478882284
1953321879
898308664
1063677438
1572822838
1057227343
540258523
564136545
302610310
730204074
1818312760
1690260510
1294709054
1870759174
541361691
1925211945
901050266
2044625665
2137716008
1191532146
795769547
2118106560
180537601
2048550443
1529466797
369202589
1107657140
2005299784
465113670
324976610
830969949
1025776402
225270298
104228825
1574689470
217456662
1924434687
722576942
330640409
1533159274
151637765
1660311013
444686373
600779451
1979608410
314403899
1376558873
983649380
866015054
1618336859
1507199958
1940077741
1642380586
1883194011
1227753391
1828362161
939335004
1251123131
1614074940
744087676
1084294051
183886715
355050972
1632115038
1148820535
201261568
316429351
1058592285
2006002247
1533991076
1246832097
361626853
483797361
809158785
1665246691
1794247933
959638757
1046399929
1100021420
373288917
1067095132
1031947427
862472417
59295269
143173875
1141632485
1798273097
2038577048
1410341498
1832544947
372458955
2825680
246563526
1497226419
1818532234
1083992734
1562102837
1274796884
66883269
973154702
575620962
47678599
322813062
975440712
341885386
1548926777
1015572105
520342379
840953269
1311711176
2010098577
1661532682
1649924433
1971095367
1117094547
1706009355
1845058388
232464436
757021959
1574940085
134575673
513055820
782324035
1625169311
376103784
1131924567
1846052443
1907161292
318919522
2108706989
1115737682
376015770
1800156916
1487668276
88612711
1107666406
13549799
98205211
1267540381
513405227
212356543
2106080534
2070065084
201301741
991616962
1633179614
1861280191
141884288
942380246
892897897
319229643
878459695
322020740
543786740
1880821195
2540525
1896414382
84229500
453483127
271452286
1043304574
615997463
50698454
1685392166
1076830032
1437654555
1321593488
598391895
506660364
668077393
1332237635
1253427823
1694327738
933133346
99072181
806319642
1192410524
526283064
1901798302
377459766
299593924
1573412100
223535542
1012955791
1645109568
504554251
1777858201
375319849
841230904
1682955327
923066252
552631436
209771577
1610229912
545211490
56790681
998236299
1215226929
1749512733
714408807
487748872
650211105
1701245799
1240867635
1048645428
185417467
312596072
1057181542
1917964763
1504230271
1420672213
1514696545
1233680277
509803754
1959425595
404248420
1712419479
58346459
1376393381
349708983
2043619089
252578705
1662608463
403222877
1655987454
793074258
1915540924
1568957491
516849724
121959153
1068085233
492705758
208731874
1315810767
44964163
1945927444
1174091145
1870125379
626587361
1941455086
1169097884
1700249985
1684090913
681507331
1563422666
1982326417
898790961
579708529
27940464
1443943402
1791546314
650684811
1072887953
1755125859
564937021
871308560
391979027
1659161440
451165785
2126074585
955147662
726493909
1738595368
1909848894
392289749
439015153
1921349026
401480043
281463827
1803549695
528046460
1474423816
827272779
1164465975
1161166714
1545061909
483245039
116217519
1205206710
843416466
1908473862
904447042
1152181428
853215397
1242866360
281478151
2044293163
844322188
2098557987
192669181
1933069038
1958709850
1259624087
608238083
635301261
219600743
1452782055
18931995
362460209
1605109771
390347583
9285896
1449231488
474094542
942637024
913598449
341056293
499262608
888043827
341253739
1670253883
50777997
874787720
884162678
1682775553
49088281
393018319
1946672908
818202711
1195172036
1841858661
141743922
730732531
2110154971
1829651039
1126671080
1597525961
1778271733
883101232
1022921807
1640216014
2010454406
1199499744
1563203019
438202935
1155302982
1777565947
1905857812
2033651279
227320501
202252294
1935175704
858223313
1659048339
697760925
2007153855
1561713909
1180534929
649137070
829808730
836521492
1988762782
1700595166
1043097039
1422924012
705976692
503112769
1173190344
1762748501
1977145942
1877377163
100753170
1141414354
279629027
1030837153
1529450122
88945864
264517936
461801062
484548776
553288808
520804546
18659450
76763688
1677116016
1566014037
438342227
1348899979
2124569321
1425979378
517905526
686954191
767001865
1803495761
1769061369
703336068
1219301788
1516191242
585248992
804705284
1977183029
353214725
835082767
1430431824
188237803
469342990
540197499
1685989824
384249803
603112492
388839204
427763807
1798537740
43981008
454426888
1100857884
1546837483
260546199
280810360
1558148061
1378869709
1167164386
1416203804
1576074127
2014550391
1321242935
1149098565
579144484
1285454384
946343068
924054194
2124587101
1724807838
2111066060
2109938333
336099820
947683130
1971639758
1676739496
1680293338
1280173716
240985519
89459591
308793037
1564081707
173926622
459492387
337353697
546757399
269079480
1965743425
1361318527
389708151
2147254154
437878443
2144016879
1863572340
11326885
1392395259
857816654
1266781467
643239511
493782379
1123631845
2056710844
1242372996
579443991
2024301239
1994988099
1102799282
1963658964
687520852
1700938704
374489264
1913974338
1009150353
2111622512
724808862
1335297850
1146853800
1506084775
377066236
127986155
1432176438
1592677890
1901121022
1879316688
486095140
773224792
1165531147
1883643342
189724920
1840998292
713907668
655040287
1260929087
1066536613
234853182
102486688
211880322
544685128
1947642782
2086489500
1368554637
1747924689
1941440710
927480452
1727646838
434015179
1638648241
1430697359
356117254
225763789
1955881121
961816018
1132403557
1306502785
372016920
1163478023
1736526626
1500240452
935777337
1586955978
222226506
486824209
141785593
1431097028
630903196
1463249933
2006382134
1476300944
163908370
1733939136
961968962
1555449718
1124975495
1017116277
703437419
775224398
413170837
1347626708
52056447
886860400
1926232620
875665815
609919814
982866767
597540245
1225364343
330338071
746731802
426963146
1226730195
1811376165
1071025283
514002227
1656200955
86418271
732935325
477808083
1079094848
847711421
1079338549
648626834
844206866
160341133
1908928993
2111382818
991239098
1724870307
1013498896
35657068
140404363
1839084535
761648474
2023366398
1315500941
1280169522
170496961
799238429
290064218
321433236
1407025247
1930889212
1829596267
206118076
335380721
1746688119
485761543
1608910954
1999804501
447689110
1675656329
655374745
439713752
777800537
760666070
544487899
780298626
1943858600
762768389
1518424980
1620461559
709810859
519448128
843662241
1744246993
259946154
933272280
286652272
958915283
1771874293
735509502
792327982
110298427
507275228
264678406
1011336705
202934930
523337074
1780668253
359223579
894160536
65566846
322869811
1929221155
1711849679
1219136094
878855831
537427551
228630375
742468142
1782073524
355293159
1407584653
595407619
1889541160
530104284
1700533432
5533701
663115886
1696051719
1990794602
1489655554
1276539352
1435255534
1803436834
778675280
430086142
27832792
1781783745
1927428447
1646577381
1551767225
1510341407
1051319909
38263047
989420476
1224061411
2054280064
1190442829
1814971551
1369135669
775911278
1220144762
651669731
446569217
33483854
122418664
201152022
622773376
116834954
845018520
916908029
130592531
140381283
1451178975
993253846
1227001591
2077761443
704988634
1076691139
1250763551
2013064821
2123071709
2025418258
1441373609
1550708303
892908529
497921667
1973168557
1601460525
1334495824
552104700
2094337860
131955043
1565283997
1053461829
1677774135
1889601835
1549869009
1819279800
763432614
1944636320
949006547
591989160
270075569
1527142072
2099738807
711358098
754090237
1693612312
1793870446
1057665689
1465088804
700032326
1527884816
1698135333
502873101
1440057562
906742844
1083019996
245680800
1693636066
45620277
88333560
710942843
217350393
138371604
2034242374
1571919578
908522052
921397794
428145241
1766848037
11087143
1658018759
573479041
555634351
1287640101
1174466688
1739425639
831828062
415696064
839443957
1714508156
803002446
1274872174
1332282299
2004095671
1702422949
1697874862
420104298
1914188797
318595472
957365933
1501752607
580762658
564817391
1008170797
680610349
1520231721
1921586488
97536583
767327820
839370505
480000392
1418010212
1871602325
1827298666
245043715
1723566706
578713359
481987450
454755666
184178789
968971396
1133757371
437734566
1873359787
1300191442
1671457469
952095076
961288535
856931364
1420097966
453261804
846643919
317701611
966629635
430485890
303946487
1712494443
1318266407
514716350
773564334
429762600
1032513339
1783820813
1804691971
398926369
311537849
451496757
1246270048
1652687545
1166078517
345872697
1991669697
1164991690
1406924131
231432600
594823483
661901996
621555312
1119669776
2038210218
1687480629
1817889321
1015972178
801918349
234323071
1930329346
1009862993
1204061110
916670089
426502245
2070301676
2030219838
537150083
2007676640
1758226816
1143113792
924796082
1708596835
235678161
1083006859
24887241
1668031969
1361775045
1619955236
789974786
1362322548
84419922
1506422034
1750410955
778440432
777963100
1345378764
925567285
1785303774
959013734
1279056603
793020151
1006164575
1321775547
1510773861
1877123346
129818145
10177663
1404773928
600192778
709329887
1025686312
858611315
1737747012
536431484
667601482
1923536046
651503184
1942381082
1699927127
552783801
623086485
1084290623
126272319
545022197
1170310524
606253995
1648472597
1192407832
481038620
1687639032
185201248
973570633
1123722338
1430143048
1777230512
563169061
1221975898
1362801425
1690454720
263829230
1771621202
776776359
727175600
310874123
33672110
1138953609
1871560752
1128581255
1489582481
48401441
1734200321
1056737963
905183451
644105609
17905936
297355772
464013435
1160679788
1951231215
120257168
380110749
1904992265
371304732
2078636189
374459127
1407461779
677747948
656498348
2144240197
1321910672
1634336089
1970802693
493089923
222942088
1776192648
299657989
502668908
155669458
701498560
401075890
2078798944
962398765
189214151
1846438297
1949758529
1138627330
682756893
1089974730
1169778200
249419115
98986861
1519830049
1613136125
2145293147
1838972146
1020210198
1163360138
1902717078
786942469
1937778257
1649658644
1798946938
478920853
454067415
1501646114
938418454
879052810
1700569957
619409376
1560145423
588794491
264364861
36553184
169040446
2089394588
802244772
1425547138
1843182434
915560263
1101009486
1947328650
1101840270
877929809
6161326
474191026
416759965
1540558888
2110382384
1356814036
1992139206
466094865
1783535446
1303496096
1378202425
689540433
1284298219
842030736
93346222
1206890844
1231369193
322120612
74851797
1756218684
1752177620
406008029
1221396884
221247715
1216153048
134925590
2099143545
1444207899
1941980099
1403056787
1804975049
861651021
1286478226
974186386
735264774
974151780
153641732
981246030
1275100897
881462466
1397469056
233776953
1341658708
679611856
1918429046
717500064
902897743
882916899
72320723
18647259
2019353198
437641598
310846611
1718761573
1423221614
1412806212
307320205
432514400
37375705
1108249011
1215457446
1328844658
62238206
212992153
2051359569
1497807245
843056581
154853961
2027826010
1106272180
203113534
1377650855
9238031
644764433
353342669
837953928
293910870
547603990
1612832535
1337823311
642603887
548268046
2036203492
172691452
1174826667
1347141751
491318736
519373237
1732452851
1751780731
177945547
1433571805
1422290942
803387437
1302964970
1041502331
390470420
2073807355
820624675
1098931691
1385566437
2049922238
962905245
111688923
255021383
1914508316
1393784011
576251401
2053532284
1507406251
1112276898
192677551
2073743628
1897048633
6667822
396934710
1197463388
1697906079
944768417
228698601
1889142524
272679973
202203513
1115313437
1835664643
1265582099
1960298005
34457761
1458488084
1430880930
1293911404
1349557506
290723728
668399571
304632340
354723932
430521052
894914221
1995332406
447116090
634843777
1120601743
521910411
1425063329
154255512
559628255
1841191572
1814880981
1994409326
2112779706
846415597
775261051
1029197808
1894266118
485578451
679167357
890185294
1973151256
1310682618
1902993447
1136908958
1866849747
1407615159
1108121961
1227611743
1595167872
800575556
1288321237
1884901205
2003275538
803349500
665357811
721379548
1680875921
334227962
1699620429
1840561456
1961939604
1855008390
2105907231
1304845210
430441306
1702106846
680099035
1516511911
1679765581
1000096405
265773766
93699402
700336163
192022334
1798929744
189941295
1182645623
1763832776
873203044
20316910
16406497
866088263
701276875
970183389
28887252
176740142
501682793
761903829
2020150589
954490253
414839081
1468516205
322302464
983754714
488879945
332802193
1359040963
765395649
577627213
1554484451
2081602202
832115737
955682495
1125497552
1201393688
1182465122
877636116
1512514016
1059137373
429878028
825028088
2092649984
1828594169
543726166
862753977
496506895
1817415670
1645254409
791413291
1916955966
1729248268
1579445425
693897408
1497533046
529561282
1164233406
1547346825
231122605
1827188459
540278313
896747075
587854879
1652175153
1144240761
538411242
1729139483
1898579577
2114923513
370157847
2130292817
984012535
527110198
771053911
1186756179
2130470764
1827284117
518672
127385716
2078016400
695083639
2107164640
963281803
2145531935
1557314768
258616140
54563452
72420495
1695515263
1564513198
983544918
1257805867
114185601
1414499236
844687162
1790225064
2066756178
423093421
612771530
1667017345
1488858653
767926127
157698019
435784935
1318166275
979281473
469046103
1992868631
1988122605
1678558562
41080895
1104351578
135810425
1938179861
1956966131
2017709912
736221207
2016535682
328290420
691599797
1536290615
1240478424
949627092
284070740
520779899
1751900968
51285159
808724866
814820999
193313274
2020921854
1032239226
1471770916
1337139066
2027400054
389680629
1684691900
44877605
491147138
1930292945
398071386
974224097
1369073551
1879377699
1511507017
1314374356
1673008250
1246267579
1611191062
1666874011
1227327762
1117266499
301039325
96462943
2050013163
343598073
269286128
1143909067
1406081125
1095416287
284229878
1047928618
1022893679
1167468718
88660787
1915679738
1754520742
1132153837
1404426039
1195673296
1676600893
1498276364
137605026
2035267810
1626553254
13713668
704867847
1194107677
1133046124
1368708119
32529369
1260258445
532474754
738833429
822994249
122172616
360790580
1460942579
1881389102
957418886
244250031
1269021600
1785932843
794358182
2019615122
544830972
103875596
2080420608
300418202
394666917
1737372083
677450722
2103471907
1176544035
146174669
36369715
1380444257
1860788858
473985145
1251485292
1258463926
436764979
609896607
592826718
1462010993
510870377
558805533
898604800
1745867896
1732659111
923425257
143977530
1763760188
1800700175
2028287701
275978229
1948900930
1757346466
1379456871
298177885
1396364744
1000957992
1861564593
626861408
104912074
173153531
351053832
1024176115
1246534100
1795642215
771016214
553182700
884931037
1711683384
571699676
714617854
1853718154
1895747249
1756627051
25667201
1891917807
1819704767
1463402042
267910803
1651141909
958378029
1332180903
299933099
831475384
930687859
1947445112
911733457
1208390454
665510699
1143484517
713120216
305236405
1917309799
1233668558
312842521
904282591
535737118
1882294002
1133687657
1413535015
1818893991
721591692
951412835
232282283
1990543782
1569091108
615066996
1592208761
458920860
1469117643
1840736342
606281312
2107589416
1660041094
203125034
1570931355
1479327267
1635195150
1376655391
458343759
359715724
575706963
1493097406
1141687447
574535784
1136444776
507793814
390618720
271318161
936549346
1677209359
987346191
721291768
205557461
1650542651
1624067058
1177890436
1300299806
1345247570
868073374
1852782747
1206747329
966796235
1083048443
723789529
1383237295
1558738290
561430277
2063004268
1789251461
735796086
1313977976
1453500531
1356939892
1959917351
79256924
631260528
1026477916
1278197861
1392528886
956201996
1266816271
1228190339
582212609
1311823731
1754326815
20306395
1987164539
608728829
293334695
1601249000
2074362443
1560054103
1201462898
198193945
298497118
319262834
1436300832
44407497
1179976570
2002215592
168706254
767596938
1067469437
880440621
1403189317
1884923112
223982840
2088242336
763698231
2113893945
246077647
1920992654
854386780
1602947618
558264111
388859834
774492217
992306652
339897562
351823514
1075319607
1821745344
1399641329
235947265
1310870493
765641278
410946522
470786502
1178983566
345182893
1135552104
537041039
174974132
885123781
656164498
828190541
1556906380
1984773612
1226608033
1905683078
1244380588
2108788030
330310122
276992959
1823598864
339497264
66465969
402044543
1179080739
1978369504
966947227
1473287340
1053873470
6289834
486541335
1829973216
99048978
416346821
1039298621
2007422096
1775073102
810801190
1351860115
335967545
872020852
1626052436
186400130
1795827584
1739029350
613849780
461812272
672955246
1709934420
1241632786
1023636403
765529104
673121751
213416661
596130937
1161444904
1925633945
1551153325
1929942342
947937706
1955331296
310841831
1638424113
1958745357
1856390236
1708272836
1232677909
842873954
1380409266
1272695121
1249774527
422923982
2059977551
311342723
1466981369
296117576
1128489733
2098855874
904288696
638343853
1964320606
1070319711
1540355505
839607950
175771213
1396762266
1239659305
67595941
66131124
1216755569
1671561449
552203289
1603839536
516344408
219047729
748210345
1654515230
1819209254
1725249639
946480879
1092760024
737574224
1134372284
35159122
361360529
302657187
1518065813
2026392731
639472144
1600154620
860986959
863006427
444466751
1204559791
708067068
1276323849
2108263907
111309449
319652806
1548109295
161054013
1005401271
1377827101
823920906
664111286
1245870343
1377296551
496901644
2009511172
378951435
1747754690
1231751164
299456268
1407311355
297055427
1858565961
1768460912
1348873504
1679603996
431820957
1267581086
1197534162
739921050
1922771220
681974484
824928549
419698011
1528174129
118167983
1774400453
243007682
1863698427
2130471094
1832830427
875554021
878481703
691909196
293908667
510578169
2090116618
52501100
1917692430
1222096834
1247889130
947311308
17394698
294913294
215474982
830593632
1143467524
427518865
1976764840
1914646790
1573632882
1786734969
1390787982
1761599526
1993675940
524179439
905911279
2139292570
1919005916
1823019566
1340654013
973572167
1149504276
955478320
1988895621
1785736592
1790934919
1112387281
2047884632
1076599555
1858994910
387872167
1354642124
1996036221
1538716560
1211146746
1893353756
183895846
508515689
1785753610
2076956445
60289130
1814610173
1737906564
1070538301
919230341
506984669
1823704234
2110450854
360105679
687229707
1102631983
1299348318
385974283
1669160441
1000651126
999035025
1754512929
1000840746
2038494718
26621188
745708140
402145088
721456907
833564987
1690907128
1424999545
1229721471
546144369
703302505
655208447
1939710560
1913620460
1503973748
1404257446
509614392
924302108
1996310405
1851959754
259605860
1656401963
1317276080
1050159637
2012408013
1821517888
1871755631
108945314
1387825154
1357473211
185991549
1371257658
2080442049
660777089
1042596186
1595022229
500237302
89856709
540704322
1614229397
1192562828
938572745
1324738000
1908597551
835804418
674318299
996446074
1191686412
1241034562
1706703870
632870111
161451986
1251682541
278660575
1933933565
1456429610
1193846764
1042848627
1542830822
1640071476
1728687887
751056546
98491556
1785173502
917015877
1943193867
328019093
426374202
2065766622
971494905
596700194
2139012715
1510450225
732740388
1496469218
1977156909
2061699532
1335389979
547782256
313981903
726523042
80750052
2103942707
499345047
126112453
5637982
268283006
1464306789
441608103
403903089
203408656
2042799015
1501980516
116261927
1951571966
1552291931
1739140561
335489410
1425940495
2011882592
1580701729
333762266
315118698
505283784
1154217450
712898799
878848180
408837194
1526532805
449722926
1498263489
2068698548
856251306
727781395
1902536100
2040212517
980381570
1778507206
545728649
158747406
892963068
1414558640
1843090190
1512699002
2020713428
1824190738
1697188994
1777622704
712289064
1368450270
2141312167
1502634343
367714081
1860106948
1898025657
1395124661
1633719481
197406625
2098395407
1755154415
1044877713
1285940872
532812296
2116934529
1957049054
1263913126
1827156205
2145668982
1713180050
2103845021
1005020092
1413802589
2021042915
919427806
1678295277
2058500841
1262081517
1108074800
434976816
621012124
580243648
431750909
90284350
1285615668
1509559609
796542805
81868237
1569925179
1748396411
1279737776
1504076527
984180452
1201807570
1696128955
1141416407
314133798
1131938660
2082913494
1396163911
1920525055
1585384975
1735666496
2076421071
1799676547
2004041081
784928819
306617412
1505574331
387968516
826496120
996060044
1146131143
97806811
1014082522
1254724662
2015464341
1649615056
1066363422
1618999339
1904083083
123068387
383628248
894055842
453458435
2003937489
1191341722
1890280673
74197393
1495068891
2064181137
94052274
188604926
197128310
1715722496
1885062003
410840230
831820505
288685565
772732382
1479530865
762099442
1012850986
2031135580
895640348
1314447013
746670802
1549219793
1645324723
1973180689
1805363049
940316080
560198287
684301161
1274683242
304385822
506463200
1649309339
223145097
893197617
1061656389
1964790647
380364210
1869943998
1873084188
963166343
204995715
799212217
1997002781
603821304
1564424253
1636129950
2055453462
1584390192
48734144
883488701
1092662349
1243434146
1234322865
572362035
1109467332
216942023
1864831602
1848390496
400628770
1006504045
584796896
1796262400
457047274
44528799
1071215637
1565798258
1106711868
1150498809
490725275
1282492445
557158176
1128763112
251085786
193438947
1985624318
492038246
1874759572
1204057820
861375059
943352186
48424301
2118408341
957603574
1200817600
90088694
144708923
1171380457
1408748750
833033075
1340996732
291199459
74075900
1600619687
87433440
615011532
660025313
1292398836
1697630894
614701416
1890356642
1351008376
1053175701
1163788133
506094455
1894263065
434266680
1570658254
1184286054
1417269182
154529350
867056227
1937462294
634235797
1639700118
1929724922
1588727060
2071514269
935433919
110096946
1415951355
1628131078
762397872
1733596702
1649131665
1531945473
1226120828
159679584
1527693185
624876763
1108721911
573553158
1801318770
1687595631
1603244288
1249429507
1066623783
1699919372
422445516
460850430
1687145928
487536908
1382699451
1109128770
969181430
368831515
1313467363
1461562428
1561773010
26361789
680956441
894549024
152433721
5557976
1071105811
1867436323
528779756
914027806
1114808451
1938299529
1820742560
1725719817
258827937
1466751984
735811175
1567578799
967493397
2062831942
1040452026
2065347108
363174048
717699962
2115099782
1185227283
56635809
542786242
97836838
1518746311
578620735
1072739529
1408047338
1929303473
947884658
1063753560
704721645
884374310
944707283
1348703110
963275685
2042706709
2098077221
702369607
8377290
1210675975
423556500
1953289342
351459305
1396509885
1292859132
843891178
1297023858
2120964356
966874739
254981524
1244598103
1469595341
1279472040
1332818869
284809426
50973619
2015123027
208117952
1735041948
169577423
376948792
301588494
736411738
923822905
384796525
1201934558
1682932624
541496931
2050706978
1267128543
34094902
1802367812
2138975349
882439863
644711259
1607130898
2147174367
1244381981
2132200181
828824578
1475748004
1608064025
650370680
88255530
1546976280
445823731
389002534
1025367470
1942284762
81076887
1154607611
827883785
696225582
1972447818
225418387
445677001
70395071
2013952447
2009016362
652614353
1290445642
1082554041
1004309703
211712901
2025807675
1543854187
1659897855
2090674455
838132971
1155602924
376240200
1277184632
1543058259
1167637841
783627401
2056005203
120082944
1746895275
1819948788
1269695695
230545626
719836994
1524974607
30892904
1673478601
561522248
1461277218
1063215834
257095351
264466493
1744682208
1132153718
1402426006
1940857017
1854770436
254098000
1427595764
1914701264
341693753
475634593
1056470417
703505123
1913125526
1775552598
279755874
1015271035
1902709830
665125333
1109089096
302380512
1162956382
1559240927
419315748
1545930829
54797950
1866144734
295879903
1428886916
2140256458
939202356
1169191842
1131918444
1743143182
1035547500
1239357212
1432769831
828415806
1047967941
1683795340
8779214
1523361702
840085980
1767570482
1415802023
1265791801
1189792225
1617688358
1345261886
1108682386
2056740130
1734582798
1042577961
1288714654
2054609783
289579121
758342545
147708870
51882158
105068824
660167134
1528500736
1312484538
2123091829
216091451
454169880
1076291722
980212973
1092381074
811012515
608632096
815026811
1504911911
2139577458
264667591
829569000
1102346676
799160863
1133896103
621919643
800529952
521854809
490560515
660854772
200730720
2131885250
1978230202
773182160
449015123
339636703
262533595
1470720227
858078219
1367937128
2106869161
292133544
740856966
472842256
1370302692
1062714016
412974813
200534987
989684366
1364293347
995384010
521445940
61150173
1253774345
1075872051
369253417
1961923336
1581592114
266077432
902446570
1889986876
1578802155
619876753
825416074
23596098
1442628038
1159060036
497863115
989085093
2029730271
898932102
804381669
833153018
1209395086
370491547
1296337776
1327402417
1592297483
1950071514
2103998931
1444301815
1372942664
335566833
579705209
2119624871
2076470461
482290630
1255334632
1529811896
1874314188
160939873
1234533938
1972382299
1271724201
2111391263
1133174213
1374016295
1200213874
680684047
611390360
2076013272
1388249695
2050282857
581377837
166712609
1620143775
1811266112
1368848159
238698002
297867018
466590369
1521536586
230132426
217635535
635785904
1922544703
1169870559
1801696828
1599165496
1416649067
469674780
1821624735
1520049513
1006700279
1735418087
48894655
1433713431
1655115477
1170142348
2074687257
576752060
1878173509
600038510
264031258
872138504
1455945953
1654958153
673481527
1965204599
895204533
432155249
443575789
1262546986
341277695
2072882375
306871344
1478442161
1791604137
1622515972
878591798
394792214
1695755115
1300738468
127905216
71834665
439405041
2031745701
412525760
1243235804
48272518
1714875107
527896962
1109294577
1608416032
124101388
565406879
178277378
568204481
2100417605
1382497849
2015771250
365383678
1347729373
1777547102
1589129897
252061140
1553828096
1787661952
1938205734
244329995
465492901
256261086
1275360167
944046062
972979998
1934338128
1813469010
1885732846
948280296
1270790485
1450811980
1267619822
1848570114
1271984849
49651258
1265038170
1408417890
1714719996
68430032
1199796679
111338623
809980224
438786435
224769247
272999256
1273425600
642033198
1694116258
1673756280
933505907
2065737614
483957449
1352274154
852270077
387258649
1780663333
276533139
537855065
971407232
1270663730
1467924342
1112279258
232342071
847917051
240394665
896394648
1107065231
647019809
1752225102
1204038003
528310740
1621210482
412057838
1968805338
1283282790
955584709
1629491897
11362688
1994136280
1818662878
1132242795
752059498
1922720291
1973494428
635923481
2087317695
255642473
1615749711
974676462
382037518
2075944143
226398592
1887596907
65298818
113090509
189157168
888725016
1052579027
1872906450
123407424
1786855813
1274329443
800536970
639806335
774451816
313287045
1932946518
2046999857
1238571659
1114882442
1034382619
988555068
1711534684
219982423
1425226874
755472680
1306011696
708218685
1677067121
744235772
1425859876
656919059
625195386
21367731
497685868
157578411
573016926
1378802134
31431361
2133390812
1512406972
1407532512
1866557479
790434177
493372497
677196012
2117528231
1197980333
1796266106
519334016
1073265504
1658174575
1044794906
2041687270
2144235124
1236648761
1008990461
1571801315
1068359458
806638039
101257962
1035518910
758845082
3913641
1352054877
1461848832
2080397744
2063626601
1511383957
1393588583
1586660299
1695200494
569157909
944812825
975063857
450534342
103346672
1780729528
1389072504
846848191
1603417468
2012582120
452766943
1119449680
486540393
1814141022
295336648
888334719
935308289
146117183
1217686160
132135210
298383472
556698159
1987191981
1069946523
1710635730
143648074
521560490
1986392023
509954299
194668116
1169431231
860362073
1097965660
181868949
802196162
608558868
1731767462
969866043
1137703971
196247709
1947847018
1224116658
835332746
1336861583
1658710567
1463277862
328301190
872611187
810394546
959845348
223607572
76080354
929739713
1044340819
852298002
856594124
47072580
874869964
118953939
2099061063
57932925
868578384
1750551229
988541903
1490270529
875005942
256852538
478475696
1562248304
1572177106
941827854
198780141
1560758702
158756409
1044276489
1918587339
1230446868
2000473513
954355559
298520670
715101298
1389026874
79944781
1454654892
1430932396
11416819
756432350
255316210
427214764
1160706627
254830641
856191169
1864542483
1284134757
242208549
1317571978
1728350029
1515128081
2044054888
1134601557
1741066786
497298280
85837836
1714982515
185619571
1561874353
1729633590
1613101338
1560628038
110170208
499782142
1029917177
1099799019
930362604
775851621
217489563
329918147
131520075
697227762
1636217902
1386179079
1609178097
47225961
1305260784
972542583
1025155164
521541467
1666672462
2134861013
452271415
1381045172
1222949028
538328159
332763502
708761326
59816173
308072815
196728788
1443407183
1369248169
519215131
1222648956
1937468996
746876311
708242262
2073325760
1316392098
1225459692
1932868714
739348029
881941861
864726233
1431958782
82017145
1925138288
1810580714
586782208
803662832
1636561441
717588111
235220025
1973049695
1751230538
1668270031
1067915785
1939760516
605747305
1722468355
1446080925
1209673376
752744283
546999904
49893721
1045146517
1508762406
282853866
1543615051
1935706397
1187645976
2052903414
1675406396
749718108
1225684207
1411325025
1182814060
299786141
509035925
1939425474
1417147352
254416187
332913732
1086193289
2039608723
1569834047
216740887
631822497
1881556311
1620216902
892827954
1291181289
561671288
1818708851
1904911006
1153068366
727596834
948103020
438796400
392251002
1935277971
429541135
1605318378
1748921785
1519764006
503151424
1822864929
889153601
1813356181
2136899490
353216002
856545306
1374072101
2138145316
1964460761
1278421149
850363008
547404671
410361749
1379924926
1722327329
1223340590
676859752
760973705
1419942050
2127748886
1177837158
404856460
1194329524
566661359
1934969915
1694494884
1594872521
131578593
1680739788
193724278
338731494
81071461
1063412829
1420506669
879882184
607473246
665587684
289887765
1650754959
897360320
157245359
1417862903
1543263609
323987997
1395220434
1095892645
1847927843
1214754387
249950280
436342428
2098016538
1829954073
1924796224
356478360
1999905037
2137397662
136058218
1807869518
116867623
1394086403
1363586451
1999484820
1517261484
1392937110
1374771823
1013471088
1715771659
563860897
2112245315
454840648
1612471263
1708375748
814836246
449569603
1068847475
418805170
1554580971
1556330195
890766905
1010869098
933798669
543737607
1055042864
332941969
1560772548
391466131
1628852956
10099536
91693439
1345854374
329209967
1114040697
1919559933
396965050
1707387768
1389725562
1085375762
1184334316
80924969
748805432
918724204
590274698
1519883793
368927886
785691113
233590788
360267200
1254429507
1349761550
1572607589
1734504694
1877367680
2088856036
340735896
1556801170
216509142
1031851576
1398988307
2145508393
1161644374
983158941
1213141369
1057244165
822985877
2128948059
2004984946
1616082345
122805159
254522546
2120489445
1574980150
807948128
645087315
1485053149
1233329809
1061939019
272502116
1507928208
1294873609
341467765
972421571
1138790127
1271402425
998269325
1770294911
2108123639
2048792467
1302196871
1016964320
296979767
586948341
1448376516
1136965667
672474263
68504080
296837768
347854795
945052431
707154605
972943737
1324899501
327977564
1875879946
706830815
1973456148
2140035168
1514948620
1175337508
1342911850
266332980
902474512
212124423
352323341
885977408
2118171605
1273748916
1781037916
129698679
149796248
774705852
287902803
501753330
1947419188
476028789
1239271648
2142179330
1044657355
1877351260
1812885096
661824836
1472210839
140990339
950164932
733613032
1130611397
1250440723
882261919
1948973745
833664524
1216341840
1160469087
557463155
1959577871
816067505
1815986793
1252438787
103985215
1775303494
388032240
1897505388
1240898166
1561779945
142918334
1141722192
1158494999
1738704491
1596395508
2106100985
266301394
371608610
743462794
1319320512
1051189909
836694
1177414176
1885732574
943708792
1746934049
324139759
1798400721
2036069969
76054038
487446701
2014074049
1905297529
1206909486
1544685287
595810026
62861021
2090709270
1423268676
56293599
1233713713
1071762606
21288006
1305231440
479357975
1358325928
1632704286
314893436
1014272644
155137822
356226896
2068516883
2097974945
1130900522
1814797304
588049987
636388015
1304806045
1919678798
247245458
73555661
1446897402
2047300433
1995385197
1334374427
659268968
1465410303
1808498725
2102015084
314039991
1702808058
1727950884
1249149007
647227577
949214584
1940983372
1830935274
1235972255
376372354
1350813263
2068878804
1738330251
1748994769
598922447
833713240
2035111652
1149489395
705373353
1100212431
1436127147
1420250996
877753367
1335667926
924270191
1459881386
1225787527
1000340618
75294363
604490858
2080200096
889240312
1123224311
1649737847
982628112
881432954
901460872
355746119
430548785
1361022752
1861068667
881767714
85321251
1622673008
1370412203
755781746
58033017
403340981
1493477735
1091426009
1939104236
313067580
391881910
26916021
1405999077
1863919198
1546001997
1250918526
322762352
123157742
1885417733
2094627046
697336851
1322193078
2085766437
2100936678
1516623172
1402245561
1055601549
1132826176
1967009377
1163337321
1519231759
147610683
549136896
1606579913
1476704060
496628041
1706032845
92371171
1999077863
1119986126
912653727
1642982815
1267438579
949902660
620574822
1820443522
994755445
694572220
2101680095
1126330809
173558558
715891680
1788075266
294839544
1123442379
1019839429
1374296496
1614584787
723151617
1399268546
413034325
1200753171
1154714138
470799427
1396214041
615576318
1562449027
650761273
210501140
987093371
767113322
1529269913
1355140495
1782223030
720556854
738759745
1732070908
1774915671
312342020
1082296872
977037614
1411213536
1456502084
264433635
1192437802
984744410
2090315088
1240702743
424789231
1196962789
1874273274
1620781922
1799184506
176758935
817536744
739682902
67701431
1839101554
1047686807
1253743496
557392908
778936542
526149282
1800807875
1690917954
1606952127
1290053817
939602207
1447036658
92808731
763214195
421151834
192773526
1539311806
478028033
480827204
281853967
1918181734
855894574
1174637612
317178013
756452637
596279819
1516221031
1085912715
1618968799
1390797303
1918257573
2130520647
518184051
1073156572
1974838098
1744148701
755436157
692169635
376139646
1734657201
145585535
872212812
557356862
173111420
1790777902
620886209
611473890
1332418335
2142969076
1433016495
679130360
268376715
891790305
1031283722
445000717
1588991765
77960263
313115571
1198466647
1379810916
1953644906
2032456159
1615775131
1401910402
1865035177
974908227
2129828226
1765566186
2089337503
1990300824
1780663296
275911280
823689087
1062896647
1334970383
2085566872
894331370
789290237
594525740
2100186336
1790527060
699952009
177996997
150808308
604529096
575382515
335067164
771702914
1357131365
883036768
2086959006
669607391
1277110257
293037634
903512067
470442132
1833607917
1057926569
1554731670
1941644641
59981475
938819882
1183402265
1595812988
905621933
1571221642
2063213582
1012224565
92812421
825232025
1225251849
587135060
291595455
287129731
393634108
1558820396
1941385819
4927415
1210685319
580601108
2144613835
1159193597
595139195
1673106286
746474984
405590314
643311820
1709079742
1909445169
49334615
238186563
292046333
1422585336
1456300101
1164672648
339752531
61771144
953015707
1401948223
353209077
740156831
1590575193
920830895
1637691983
391254682
222513260
1011331393
113656146
1105883639
115355888
1756160022
766245386
1974255090
535467833
1651388301
804521079
1028733241
528739490
237277144
39826729
1500420086
1807402328
854739881
1095065184
825692698
377848372
388444025
228441295
1859567876
1427777141
668137209
190081500
1391587411
165217200
109124829
109966465
1370440835
1236999770
465947783
1459011919
1645041187
1502758431
305777450
273234879
938574067
1346956854
1678722151
643037571
1394744093
1679964046
40730366
1655461616
545249580
696969311
1587399239
1229663192
1714132863
937903936
821483372
498666641
1609044693
2100072227
2020180744
1461305338
1535828674
2066570625
1599471444
116266162
2022749611
1686580067
1714529316
1158638566
2004151413
491795096
2083104816
316745471
2076653831
1416706573
1436178122
129504174
1175718007
1295507602
259569881
1051702910
32909913
1213610512
352195978
892871114
2016571409
928754109
1659163567
486914274
1655508048
1325632204
1905098650
11833780
1321844936
529511137
321446391
1628121332
598596850
1803855402
1371096715
1522956695
475584272
210725370
460759687
162028327
200827493
1610865414
488675369
1189460655
339958662
1378731214
986962568
716190948
375421601
403893121
35876480
1680578200
1772882056
493113067
611923296
295650389
1866412412
499776755
939377868
1971538379
2120346290
1316457712
180750543
1332499343
1356986885
602245055
842211074
976803341
1768754519
1988559059
424106352
457233671
1029819531
1606146344
632160818
1125266417
1611675037
1211107248
1229510870
1301540656
725377050
147415331
1560823126
1241530577
1453293387
22954331
1393868304
1992963852
1441018305
2021564916
1102764025
1371094565
1486821645
891671023
1173994795
250770929
1344088289
711390430
1297494161
1435412289
143050825
1221014782
241710342
1534141517
1627810337
1814154826
527340476
346368963
1742477771
589403058
1902615842
1232952664
1165713945
660962034
2003483154
2145267965
1415738272
194328744
1908056968
340160525
476475361
154872664
194683684
1431082607
388529449
1664162463
751497113
1060650184
85888741
423059203
37669604
1752842210
838353924
574192701
1812699736
1841446610
1806337353
135574232
115967757
1302424070
540530619
842286723
100752437
1129094823
1531185269
1334274082
1120254200
1123206151
1344522727
1570538955
1326711408
715927455
241862044
1936313384
651858250
1467524403
832955426
35949989
768560316
79094307
45640256
424120613
696918298
730023748
935057325
223132529
681967241
703195448
1003385095
1851695421
111928423
2132814236
411828728
265637215
2093654039
1523877378
917117924
1510814149
406760115
976804404
1786620360
1612038166
871765410
1627806036
1741867919
1077038729
650257740
337556597
1809414052
306046797
505182614
1601336907
1404331745
1758357685
1195145428
1394658005
233083030
416313082
472247248
2107421471
984873126
2106161253
1279225670
1487045573
360261625
1160730482
655761626
499571778
1789296723
1496514520
591063976
1900377257
116276568
50159606
1218908418
1347272593
542896583
1952338025
1542543662
1108740650
888499531
1557819926
158872058
840505585
229937129
1230246150
774489734
950574871
1181006864
2138497674
1444090726
2120137135
2096156921
640142212
2124569261
1424970958
749259762
2112197573
1799924501
1876436665
1473672460
1084134369
1795078635
2036345389
410070684
782962765
1622886186
658327555
675467541
984403545
656364327
2039232897
1695777406
1675383305
361627671
497545487
2093162238
1848112559
24308905
537873405
1279647612
2136173826
1041883036
346528414
127403434
228319179
1954647911
1710092018
1742898725
1221925995
524081704
1410762781
323113740
1733968564
1456565358
1327879753
1024949047
1352300342
1292411793
1915399193
1334368221
554964726
770670961
1192966470
1280132898
1702441040
2001930299
1816237744
1175204950
1262493191
1584628777
1911148592
761477565
1298382482
1333037807
1817016745
1382972875
1409598644
84816004
1720921267
1213976673
63812964
910146095
299401084
479833867
766708184
1162566488
1448743410
860902184
1585676649
195380473
257113448
568622772
540699854
1539135721
1813534732
842838853
790466759
1040978171
170847888
254817577
636624521
984795093
794660622
660273261
1164693578
691523041
246252523
565166292
429698963
2110449927
344525590
825678818
144567212
937127327
653917791
1722491638
1837398306
338485082
234592271
12322805
950953523
1102560087
90992246
298321858
1668635308
764675383
1357018433
1132472291
314231476
626129159
682905013
1431943923
1979765579
808459635
652050876
410022291
2117105261
531574484
640381068
1844054759
544341009
459002043
686076677
1051009596
1265283397
1234980785
892605240
1842994385
2049988014
2068402477
175153303
1748967131
134410581
2033321870
1133394379
779378963
1519468088
1972108539
965607175
425869846
31506271
1244919535
429452024
107629801
752834633
2065512354
992979923
918145024
1593414673
1399331021
1463051650
821323400
2104984531
829411839
608425396
1635987205
1803821894
807927759
302745532
855396581
1394803849
536799491
410244190
1551594460
754163699
780804499
1856131523
1655050739
82090782
1015271700
1913886485
1680088629
2134596847
307400747
1786183794
717124345
1030639451
354156255
1626991948
944392785
357902518
165924779
1263986847
918701405
207091905
1670139195
270700428
1291729050
1177955827
251842696
29923435
411998647
973982201
1598494773
881225841
1715479975
2103978850
1106800448
491779222
1816310498
250497781
1048257147
102029641
1120225981
648929418
1634768860
654450302
2082469427
375180783
651432289
750848817
902157547
1327344609
620718427
2086529110
2034279907
55253062
925277530
1210358783
1534961497
376828668
430148073
1068707109
207157455
624354398
919267944
1138978290
138890672
20800015
1693501291
2075424146
76743601
1339513807
1137482748
773120042
1552481544
630998958
925238220
549675613
2070861944
709225879
1425107503
896687930
1741288511
2076346708
549857606
834651001
616191603
1166125787
1140339587
1543372881
13038854
100687184
32387652
1025904473
230275948
482326142
1852184816
1894739247
1995006613
1413964080
440254858
1282234491
516692592
1776008923
1506759208
974843432
1040818661
1784930612
1129730941
1485002260
378038386
1434525676
274131663
978437226
1312172303
1170325478
857585873
1683012494
1883872021
1885649226
1690362603
863102458
2058459768
571767606
1856317364
483513132
327089276
1978809059
1912097171
1671859289
1263032875
2065163177
1566813025
982031661
1594299232
1233728605
1322052450
1869715288
176638865
947003901
1293256190
1074794043
1578525784
269876650
331394086
1315306731
163565699
269634933
563823761
1488100563
911609379
1270495155
782167964
1149567661
2020790015
963904800
1878824279
800111665
2081639788
1463823639
911240641
1515566530
823132643
300676927
448090698
1982694904
649501029
504416702
1613555805
608920319
1364223478
1968579374
1780473136
1374859454
338801658
1260317809
1530205502
2047199289
295457989
780229259
778007431
2090449881
1358685047
1225966378
1858805728
1503257587
105157754
7329997
788691700
1272332616
1599603933
195525138
541014456
384200594
1923540476
725958194
1324767951
264500361
166418037
964239465
1061087993
1001693663
1341085208
1778215591
2087006285
1464225544
1223607035
860033573
2019317101
1978442966
54139414
1535548417
1651258520
770775459
801780709
68491238
81002274
2048070567
2054125453
739379399
1409177451
1595759841
12380304
1917339216
1728080077
1273012111
134974516
773959180
623488381
1396505754
1223429415
22257880
426034582
652740576
1264391956
1284917427
511641357
631764511
906985609
868204057
1901688281
675820466
473563079
600272971
2057133638
1905820813
1411809086
728492699
972520546
654779305
1169571907
1077219958
1548689896
1329280432
943840883
1819503839
233888793
1073869941
1079528999
1702036337
1642537919
232522448
1732029643
1081374816
512427951
967147987
552493366
36712734
703113649
1776072949
435360543
627860872
1870517993
782799918
1033400304
1658656039
546825766
1418123649
1630654337
221138945
1535539305
1498113136
1689199324
639225128
1743524002
993538299
1712835868
614145441
1136019405
1948518005
1763976932
1148549289
2084880987
104080410
1227762212
1976616708
1572475913
1668909809
1083246396
1903301953
2027002006
142138834
925567574
1790160997
989982109
2073492654
1973895909
941163707
1921363394
642963019
141748629
809843080
281290874
1044212271
839275413
1029272795
1007088980
1825864853
1916752388
455196469
1150303869
1509335989
1333128759
1198163362
577467215
1012881712
400063815
101239948
732757612
1785952986
1132901583
1086891179
884144071
1370047704
1072097994
1363186828
1725472000
388734912
822411810
1070538578
923885880
1443217350
326208585
61937304
1598183180
2086733231
1169974260
1397115888
740533318
1475741261
1494734424
737761562
2135478403
91326910
1628052412
1587742057
548954377
686466727
1164129005
1940162865
925576007
1931894428
1544392403
2115759579
1537017227
567744426
810724161
57233712
2001807375
1897737723
850785217
1201020393
1350946998
21595655
33437242
1486494427
1834569038
31618040
975937471
100979311
647198847
466349474
1767781615
669347060
1196694434
1658998083
2000591980
797946781
56172752
1350121831
1185399415
802174686
247611736
1934622713
154038164
1201627713
820756003
1158677740
515065184
193966431
113629671
660918314
1268681114
358351935
1276825357
1947174275
654743292
564301416
926113560
229129464
540722377
1917679782
1009521898
1913728386
1170402383
2644561
1497463787
1513008916
786987085
540155722
983843785
1985896242
767297620
331799105
1680010123
815146505
1369125322
602009249
1173986926
118516646
1191928553
1015731055
1044331382
693690343
164875238
804220436
270793634
710758645
1416501901
143739465
2057569027
633469148
1639532257
1255968742
1449880431
643461308
2074040911
451033073
2043067648
1721928053
955159799
930480468
609308222
1441258258
1759487693
859837061
864023564
359619134
1099802480
988531631
1317629025
539655311
1163370696
2080165384
305835728
1252713225
421497387
1705515503
2134822412
1950988055
328434342
963013204
1926155836
1732640774
615235298
125893181
615300772
1226314699
1270585834
158726270
537730316
1022234436
824989852
1450017532
800234168
1993064062
977764128
736832452
1552312162
2079162978
638267262
677055669
1906267077
322233546
1972933535
1946413065
745988704
822616942
223224808
85416747
1080190633
2084700740
1369636375
601342432
704211842
906049877
173741862
1649198361
505421498
1321293001
1990557827
1805145423
1577643192
468538435
2050427143
858908992
298353410
51446125
1366596781
1054493602
1838913770
39084766
1915149827
1438241153
443127839
176302277
1732420326
1205133056
1752997335
1298056152
143376791
257074403
2059877104
770613641
229589230
1825558598
1064491897
229049722
1347982230
1732347407
2127067070
455973881
1331365471
1627353004
570210036
1448042138
1959525562
2084393789
505678212
1340917905
1113837717
655558720
1384297930
57477912
1811109481
883834589
463551024
1978872699
834211004
1811096612
667545306
979386014
78583043
42760796
1421160274
1127603184
83528713
1560257900
331711783
212389269
508622769
1437963523
71967723
528227200
217153702
1127553261
1391956499
2073511922
150249538
1950699941
1928553285
1224376824
912975414
607125283
1259824484
1828826815
158840194
304967337
1690051217
2072088897
2003272127
746020823
1362440975
2074822511
702482391
1903937978
1979255946
832992392
657237551
1683123136
1595948468
1035150646
1011882975
794160232
840153119
748492008
2093457977
376146991
1858104616
457086438
702758147
96118129
549691559
191382719
1786338674
1172708858
112864240
681221379
1052394696
922338980
1214272814
746087457
334874966
1836398422
713303870
1244425536
716745419
1104481110
165371102
548272096
2104271842
1736149698
1607662497
344340525
2010258657
57029948
724629474
467807381
501020800
373205713
1816169151
22362399
35201768
1078111851
1506350018
540038043
1153496479
1480441084
1027764646
1429432501
572485318
1034001066
1018244738
342128623
1342043742
708427353
889182903
158351248
677186503
1957710468
1642879989
1686725644
2013758308
893605836
1480142181
299069219
1344629753
1221841290
1247928416
1607591110
1292022863
1821103624
1351671524
1461285902
1209167822
845832793
1717492458
1568042279
167267169
203215460
943237490
268212276
275547679
1155098021
480270067
1655470643
696966369
1537953045
1263652023
1733765378
189101903
2107369808
116573085
738753531
1627632210
967857984
1747994710
970800010
1802501811
96129248
736568592
1412584436
874898267
594642460
1914415729
1985157949
1243709051
1559683906
1422012860
424630557
677612518
527809985
1794955785
2119089086
1661466554
538511137
1260591101
1828456852
383322994
58619158
1664678180
829218144
1647960825
1180990416
1862056138
298323635
1698501347
212019458
735660233
1178180252
1876270024
820420820
1967708000
20192200
67889174
699530861
1689697149
416235315
1312700926
1464957651
643227502
291947116
1902528864
1918597065
1393911750
575677127
991643754
2083472758
58295724
523690236
1273811046
677773179
1080555765
1779023323
630172480
2067008003
360548902
1694027727
185815763
564306003
1003207269
1010457486
458286726
1548645740
587150540
551767815
727278959
2048028836
1352752536
302501763
1053338292
1748971423
206546225
1088830023
1258040474
1909741803
739894959
1484259783
784129329
1901974511
1191520782
604774799
409945542
827184818
1833589095
741585215
1975104964
1934398269
676775150
1486551538
646949968
578407415
1782437583
31581831
367372808
419298931
1263287510
2049846328
1834569522
39752628
255004579
1632083488
618559685
164290668
1716770681
174554475
274399523
1185392952
693551045
2118661046
909849215
1752189865
611809744
534665572
1052689556
1583083706
1712944059
285027931
1575903507
1294423698
1369748176
332898192
825012509
1830813731
1340682701
1455731383
196163810
537756525
1462729099
1842659684
719635601
287646103
482363724
336341843
720396397
189442593
1390895697
1424481884
1119327632
582763304
1977420008
41153484
176871254
557798530
1153774555
1859097122
2105749251
797158997
1848272593
566516696
1651102521
296383913
1309848398
767159789
162757135
1712485314
1164835304
926028276
943244923
393138707
1822550377
2044929078
794727358
1781905213
1821457476
856411147
1266745435
37649687
1418097191
1185974731
1881576110
1952978695
1572866117
1784617496
162157623
226421718
128791942
2090136665
389431029
1784631994
405825509
301266891
1773681058
1037037799
517008741
647074225
519311167
689242361
569569409
1418442384
545182541
1717728485
1239980774
1175558130
755938510
545281918
1240474077
876567063
724809421
1344692963
136728113
181892901
1204757426
1882234866
139788905
85016517
795975964
1292389785
1545510737
1584246294
1925207752
830578515
889396105
1594153615
933827333
1025493455
1912231010
1773807715
1018278351
907062314
9901345
1055664596
44973458
2102148509
409030319
477417386
955101310
2094939492
1653649479
153434079
1786189353
810554458
1500002685
1234594662
845486920
199372241
774765167
1284810008
853733871
1366924290
116486424
1429725751
1206170774
2014054585
1578166081
666799270
1325660844
238967483
532066891
326330929
2118172912
1295715665
1609001075
1366984501
1128452701
1476459050
673712265
1548250871
393038198
133295614
473940677
504111616
780942697
2031341662
64293228
392008555
7954889
553833309
1082298265
1000449765
1909727992
507773482
48898796
1503311218
1006533971
1087763178
507445735
982905908
1255383032
195787049
647985339
800018636
518101385
1831272757
465598095
2024256644
1245479934
1258143429
1492622841
1755608080
79690780
1480627379
2011341064
1069175221
1632264898
1520033908
744427044
345601086
1721670914
928391920
2014303985
1474864587
1792860035
1255557188
975343294
852064707
1230572353
1962016261
995898942
585973476
96205990
2026371386
280726729
152561844
11437590
1105530547
623389585
1883525029
348721976
487377969
858895325
68652141
637815348
1671671659
257019112
1130601267
1080185813
2003691000
1343568393
563432946
1362123799
1039012773
1498142054
27740503
230682522
873164419
1518630182
774324279
317256333
2072776877
681250105
1535192578
2113123388
180228030
1140557940
918264458
1453258264
1580125717
1390146817
1722957606
1078987894
1197619190
21502999
623651497
1990512719
1047015267
704588951
801669899
353591215
720299256
704277453
2008773954
873430391
1693854292
1565861012
13934699
124768570
1041316518
1562478623
1148181245
194132773
761856018
1216591112
1055016297
2033914047
348694983
33706618
1718929565
2099179511
2048688461
1701651676
1619991433
1398337765
1949267234
1471366853
988503166
839217770
60466894
507322427
1057951999
1982133680
1954427496
153060760
1954267861
1765042609
1879513452
1645624041
561367374
1005793547
1528358892
1075996077
306274752
41455005
949567407
1428428592
879655931
1099806369
1053894054
352245122
1718834322
498430410
1933677570
1448888939
1159324440
646733849
1241062676
31732221
747493891
350491087
156055488
747053829
1544303641
623936645
340544214
482685443
1448505782
1162055682
1453561556
235103420
13269460
1828998579
898194095
1285599902
1244580447
1172850949
353504030
1402464608
442157184
1042372868
2136683897
1024711745
1658932922
905431053
510585129
59609691
1132697135
1945700937
1662155290
1376678854
852686400
941948369
76792099
7136046
1823924537
1518116081
723763360
943414912
1102660183
1773305718
1171149360
1819668765
858316428
1076548497
1000863104
266781977
2006316150
367307856
1475134314
2031194430
1884732298
1311939236
1548135703
604893269
253587185
1432262647
894108906
1345305083
1834694365
2137988929
1483548099
1707758223
1173511806
723109394
689626585
584771236
1364994780
2046950206
404087302
1151992900
1979592595
48601194
796481698
1202326535
1828439122
85334884
1851802839
1917302749
1115179208
1727161487
866655510
1645062616
1862915634
1858971025
2133920619
1826938633
636420025
1842798115
898761771
89112199
912626634
1187630764
1797235330
1776696255
173846250
1256163830
433757153
1596972553
1067078065
745102358
958185249
239611090
611751505
1703326346
1848882712
83368494
1014940814
647652777
1653100043
1656481462
505932126
1313483209
1727886150
161164669
717713016
187014713
1387705830
1499478390
1012703185
1694527820
944226
837220853
858021227
410072584
814896065
1454947536
2054432810
1610161204
1537919781
704583975
718038267
1358540976
952048728
182317699
1901886471
1859316149
1491968746
1499651650
1777200358
56370783
383461554
239913431
1398229398
127943065
707962808
1671509676
1829538125
1376409129
614385619
877723757
838012656
1280952366
442854187
2019484054
489454743
1403497591
623633289
1684490863
961016040
572075193
583481132
1157053322
1130759269
1588241780
357864250
1670238150
1933837113
1982844493
1016159705
1806200991
2138705392
640239858
1618221936
1723172744
399844966
718012099
918735400
778445870
869359566
1994975221
886358736
2084700360
1363249715
634930162
424990791
289614415
1351528803
1210057702
769660424
1388740287
1705728013
1411510688
8284807
1803797841
403668988
563840443
1768474937
1584591679
1287642506
1214887523
340083385
1327467028
530730913
1494868800
848735347
1108593655
565438213
704907916
1867547360
247494968
2119586584
1432980852
80078459
1553897391
804819370
1747142784
1684865257
811005057
483285490
796077476
851018322
823848834
1600280829
834697975
1405683621
857017500
720302071
751589158
460166852
935668717
1908863285
1007028462
808738827
1049463526
1050288671
2033598804
1492856823
1393176260
1099198579
1576185759
1743265768
948366755
576423251
646847940
1011106466
628275351
246731958
33095749
41988870
1332301874
185609049
1385031099
1642431060
584026882
1739538984
589333830
739100846
1022504474
1068551224
1882165554
1122345768
1916451175
1835160519
1382704619
1195987346
512388302
300767244
1966048517
46548830
662138302
298182960
1481660269
43770471
1210898823
2021479189
1809433983
641027114
1964731646
1536218050
20878469
864594022
1357372152
634976583
1205188538
537999662
1254165364
1205277443
2032225997
2042409691
1401062989
507466768
1336407539
470044000
1584654334
193201444
141395044
1309590926
734795179
1671603203
1253962767
2095196958
1685913247
1244703811
1098746050
412981797
317915075
259351789
1681197960
1451770141
191562573
514177558
308021778
1486433576
811846281
1736835376
246950761
1563034123
1894535157
712349630
238899385
1535027452
1485334353
1664558143
959239932
785799095
2048444262
1892366377
768886169
1260738384
8874939
984728130
1816697128
306137250
2025426185
1574602698
906563305
212991670
2043241788
353731739
934602477
1168436781
1326510099
1627494386
798933663
1610312997
1941621085
1811559430
2003676491
1099715630
1676327328
1195436703
1995149636
1670267994
287941574
1153377527
1628698467
1708570207
1935625012
1967291928
1617204684
1806087556
232203347
663866430
1425542845
1771029983
1577576861
1501196965
1979505799
737304469
895567293
86611628
1835202777
2092934825
173465915
1306324426
1669304501
1274383899
1715778962
686602418
1297203995
853559621
585788187
1277021061
941404109
1666832514
529887683
207604072
1688195376
945740268
1530212829
22860531
1964855351
1467844338
1915135677
1200422103
2032905203
572923051
1948528656
1942988289
1167836941
1982417454
281366173
162278917
117526329
1727539910
784359930
1482718224
644950980
1341154451
794499045
92132269
131335596
1891656503
1722935733
711368383
926950232
1406173886
506966767
1522825320
415048294
689791802
1214089708
1963592209
1713053214
2119596016
1591504476
1506904747
1273433758
779144704
1877244369
16368059
220060797
594975045
1061720883
901257658
1235295715
1890666456
115601333
1586386843
1394192796
1004249955
1355011912
1768612196
1744020045
740598412
422292472
36123569
1538435729
786187423
2132622017
1476171289
132280432
591645979
944683443
948024230
1262056517
687899800
1627466799
335278954
36290150
43195302
133968028
1037784540
182582846
2063244806
1537006333
384648968
869427706
992720554
853897535
1970141491
117686144
118583321
165051631
1621373940
1011812797
1762162233
713674254
1027018483
1773572842
1365735134
1605178002
1537106000
2059752237
819457619
811574322
1460987757
493212101
128904087
1827474033
1044953237
407789093
1090968474
691764432
8343766
647238107
1126192294
2140504247
808824785
346675985
460145584
578217441
737028212
547483188
1729996968
1277944443
1428299854
863440012
1289278905
800558105
995022280
884300771
1856220957
1010684330
2123370187
599487063
1733279764
617321993
837237694
1141067914
899462888
1135367383
1727402486
622158409
518502820
2135739861
190684222
784117830
1708710818
3906795
1236994155
371576478
203420270
90511866
814509786
1405207324
1441828409
604597315
1721939248
1143314164
2144964639
612705484
556982223
319004688
1392608304
143496675
124481144
505515030
745801678
1974238254
252505181
426890595
7365538
1386029287
1239107600
1532508241
2094628016
713639641
445277792
1950823996
1866062023
1053239773
93162590
268071467
56454463
1789871314
416247222
1512821875
1938356292
627274654
607886655
1171301806
86861393
1738035838
1095762772
1812635979
769882711
829750602
2007047843
1927453872
2073895356
152173835
2080104915
1437016892
1341809682
1069548227
1458925799
197622347
1429067767
884851921
381980772
1122214121
1851343693
642886868
1009362419
1380848480
64630231
1761050682
1359189420
1113028801
2092493037
1338269587
1700713678
887444576
1007060417
1345806512
1672276980
1840714571
240376115
584624798
1051294961
1766445658
1838237878
1564269804
1187789254
166009466
539837609
2079769535
95252526
1033887467
1256469992
1284454593
1322724907
286798205
1264127567
1136298798
201825215
1199709892
800193161
1303859413
1042020303
506091236
1840161332
1679506477
940302771
336513924
1465078117
520415917
2076906435
1367254707
1374837649
2119808670
870612960
1585931709
187206599
317766538
2057857724
1190632333
704997985
1233853396
1271931140
1294447742
1773855684
1824493334
340469025
1366467567
1030277551
714153896
498426989
1876180823
1468703260
1318652202
556321974
2107101627
2051705959
877133034
1647149430
428776533
1639554446
1628899265
788414899
915105503
2047792754
1679889656
937941283
1449174401
1662116980
732802684
395994443
426781448
320415556
1482746663
1122925253
918437335
63834709
1275614310
920460169
1849351042
1512139863
1213198843
2023209683
829075583
1399421745
840366271
35970378
1111238239
2063288561
124912971
1320780478
1966518354
1500648348
1348834468
1023525944
1056528338
1676983370
1484116362
521136229
1298288337
1898226439
474700441
388563282
85310047
1434367380
1908618085
1180919356
667750718
136778204
1023772338
902705002
1938486206
663255605
1896825305
548161420
244140310
1572424400
803130818
1284936731
836083685
1072991474
1347519659
400367551
911163606
220839285
794120979
180427948
205612472
427628881
1678320105
328301390
875972587
1470869524
1219829251
1791327295
1264599772
482713645
1922496796
364697610
554402732
2062656038
231517145
2015771298
366190414
2021639443
207855667
1621785247
1482198605
501649035
194533123
1048087527
1546193595
176138818
1132648560
1129300912
699955798
241678720
1002670563
579974332
200324191
1741803288
2138269159
1898406415
1352073426
1773601875
1853692765
1469034326
440427523
2036731499
456970513
901890319
1131010907
1522554352
155856412
1696150791
1508414059
870636778
1986240835
116421230
334010193
187060493
9646643
1069855376
178728101
1701055001
181609296
733175485
219209909
1326485958
1221756599
1972010426
1464105631
1355712891
665064367
84433534
1735198918
660288566
1421924713
1090627575
1404725880
1940133689
435214975
328783143
382860670
878274278
1500684515
1956693237
1726147748
1008613313
1675525820
609393629
729210060
144304991
824946274
717602086
470097850
342227637
858688393
885713311
1974460620
1842326896
1568918626
2011129316
1805293879
1925259537
1700929010
211562206
1640560457
1357056966
1780096422
1485878197
67526016
1038385296
1689554350
163696169
314960576
2142694624
1115269025
1089232159
1574289285
2081481955
958608055
903260591
538852294
551965859
1908320820
479753795
1568421727
102198764
1815192595
789254883
331062
1269191740
350508529
449203182
1352860669
2119893094
142043481
1470453350
667643774
486854043
643205631
2071844866
49326757
106117157
1099630689
248723941
1300099325
123247050
1238933642
756279782
1986073128
1592736975
746678970
1686499369
358238030
1509907669
203936284
173224576
1545107147
1243560105
1203832131
1363187330
1733909114
457389208
1496446243
1591016084
1888434991
1266074724
1649911792
1758638080
1612776899
402749059
134979269
853842851
1051067503
91042699
1146285429
543407966
1957217518
1947803927
499886221
631689283
1790112260
170859350
447459411
2110072530
444065152
897336339
1901680339
542339272
1175546636
562758852
770044176
1396009210
1467948995
1526622229
1952672094
714790404
458798710
1563626240
1108827341
198031521
1863604244
547537413
493872896
497467417
781039748
1514994172
1940929972
933441474
982812183
1827630604
1528958387
414290307
835206175
1357066433
1939208291
2061919965
745240116
1126000308
1061279192
2067691609
1112496709
1739557381
898532209
525830959
745720508
610014064
419442870
1534986636
799339841
1994495702
1417017491
219326007
1130261397
1810441664
397252505
96193012
1808250140
71530636
1772040579
1382794657
561772365
1370026343
713083667
1838441009
683325227
2052029680
2022944587
668574405
1095583731
950977539
1506196999
115731357
1624216564
1543154131
631474898
334427212
753447885
1635020483
588510769
1938300148
1831146093
484239894
1804359975
1261520538
269635335
570580175
1226517370
381910037
2080854623
1152457366
1195938069
1831673410
756922125
2044513694
255819411
294579383
1045883746
1014468327
1296498356
1878786830
170706322
23001462
38515374
935313071
226488257
1247112915
786367685
867318157
2044752510
2122116276
999841356
274132517
992790404
2027866485
1786535505
185880181
1646979329
1864856320
116342275
1154497155
1118933440
400029301
1668646797
957771006
1867363577
1453621381
1240582195
546222642
