100
1762
11408
9113
826
19426
26423
19065
18073
28556
32441
11535
15859
4290
13980
11736
10457
12090
31496
25865
26028
11887
2725
20149
27137
31682
7946
14211
26965
23014
8041
8599
15655
18820
26031
21461
16323
2492
26199
31746
9175
22544
3380
8393
25601
32421
6503
9072
25826
12607
3895
17168
26243
13974
6579
9579
821
21488
18622
17292
8105
1579
13910
17778
16081
4402
24446
15254
25619
11659
26499
26669
31627
25041
4038
5123
13335
21802
18105
14978
15599
28967
15322
28250
2537
5495
12796
8989
11213
7913
13493
20688
6425
11519
29123
23860
7065
23937
22680
23821
30051
5000
0
1446164895
0
473473519
0
1242521698
0
931194858
0
1878642717
0
2043566425
0
1514938504
0
1005317896
0
2124027123
0
903192180
0
1536552264
0
1343045873
0
371373894
0
1093558276
0
1268893706
0
1783902032
0
1022256057
0
1188373999
0
1403884093
0
677121462
0
864566381
0
892809865
0
987159466
0
1877971987
0
1508025550
0
783416956
0
666539735
0
1258623393
0
969443201
0
473449418
0
837456191
0
518379699
0
66445214
0
53215258
0
1035644054
0
714656643
0
358161230
0
219130069
0
2132098725
0
1271137233
0
836154675
0
118636757
0
1063150483
0
1306224741
0
2141382353
0
534766798
0
606511291
0
1677879175
0
1507525468
0
968473370
0
1353368977
0
2073091062
0
1666790106
0
1964620074
0
1808511093
0
162400413
0
12025954
0
256746060
0
836383597
0
1818645164
0
834523597
0
622396222
0
220458617
0
838684844
0
1840997847
0
706428553
0
1655089655
0
736151994
0
853272791
0
60003671
0
1311868054
0
351779829
0
341105812
0
1331528441
0
71422500
0
2102082474
0
1446663721
0
267307513
0
101581467
0
30216504
0
1042642036
0
218139532
0
516528895
0
1172237091
0
773810859
0
278140981
0
1791051795
0
929238566
0
1211497778
0
1350697639
0
125586236
0
1898927098
0
1513258019
0
678693912
0
1522929767
0
23005376
0
104297972
0
589359452
0
1169729800
0
1583443962
0
1325315710
0
880751286
0
182085031
0
138919042
0
497614605
0
1107344817
0
1051054417
0
2018589944
0
494533502
0
862854224
0
33874577
0
246849184
0
2003313131
0
1435175051
0
450759053
0
1732580802
0
1754769541
0
1018751336
0
266586621
0
870451505
0
1019841171
0
1403574290
0
1912713382
0
1291099331
0
1331686829
0
585965969
0
2117519488
0
1051036732
0
1721358149
0
2114201506
0
1120288080
0
1692627311
0
271344168
0
1373648995
0
1469453715
0
1046647505
0
966063958
0
1660570786
0
515723890
0
527419938
0
1681886797
0
144151718
0
396370610
0
306569276
0
696552579
0
1025835456
0
1217790876
0
1892097022
0
536803978
0
485657199
0
2002684993
0
1615477920
0
701652419
0
839500456
0
516603202
0
273631193
0
1156972524
0
1920270930
0
1609273394
0
1648882640
0
1641549592
0
801579735
0
985688514
0
778001840
0
1996481944
0
440048433
0
2107816810
0
1186884758
0
2144014370
0
1821403577
0
2098014301
0
1792356814
0
1387856429
0
1883112136
0
1999163913
0
418744829
0
540429784
0
1295036525
0
932113330
0
135532445
0
1561137295
0
79318019
0
1658084193
0
1673228279
0
649327688
0
1886041809
0
1846054143
0
1935733192
0
1637989541
0
1097344694
0
482711622
0
1888496235
0
147918985
0
1435801316
0
238976673
0
686523221
0
2113623663
0
2145899014
0
1284360580
0
1890132063
0
1871476417
0
1858646557
0
975554237
0
102416414
0
1178268851
0
1217869770
0
1070584833
0
1701293665
0
2045351497
0
1451872550
0
1912750636
0
1917227309
0
1994742775
0
1274606108
0
1155478331
0
429689296
0
1947976658
0
1255492491
0
2035464462
0
636716124
0
376883067
0
1344432066
0
46799528
0
580652294
0
857413290
0
929893660
0
1484244401
0
525604055
0
1227112274
0
1790526977
0
698557028
0
354871447
0
762322010
0
458584068
0
103621793
0
2109720881
0
976351350
0
614592723
0
63553391
0
842469978
0
1033235575
0
1037539383
0
357196441
0
1183790522
0
1678797446
0
1908520636
0
1690577660
0
182598163
0
173193978
0
1030846561
0
1687570378
0
1178817117
0
1842641844
0
419798721
0
1073323452
0
484622964
0
1800166524
0
1649149932
0
1838958942
0
798290570
0
1539267181
0
1875499305
0
751848469
0
523439535
0
1355246633
0
1418600749
0
1059339449
0
1678685713
0
30624105
0
1450741102
0
76373276
0
1557912473
0
1714309487
0
1758939857
0
242291997
0
572598867
0
794935462
0
984541847
0
833322394
0
1908613871
0
1110094658
0
22991870
0
2024786277
0
1557087177
0
728461497
0
448108532
0
134947295
0
316455833
0
1503675259
0
682520117
0
1405447792
0
1188406791
0
1955019237
0
1508517159
0
455954831
0
1011192121
0
2067878936
0
2113417951
0
835981077
0
1495942465
0
1713953826
0
76312724
0
540215009
0
1980280394
0
871020752
0
1997240912
0
311121727
0
2047668891
0
1745607862
0
1657234967
0
285188779
0
2131792196
0
414271624
0
521200994
0
239310045
0
1994539131
0
2146928694
0
1410323164
0
1524405409
0
1201800353
0
1574832836
0
479525377
0
2024367695
0
964430444
0
2123388399
0
905576147
0
801696340
0
797985102
0
700233799
0
619074233
0
222364316
0
655513232
0
619781114
0
1365495048
0
1865019894
0
718046846
0
1502728229
0
1945656083
0
908294112
0
1385377508
0
1022076182
0
312698521
0
631558238
0
1735122592
0
1524961131
0
1951885419
0
378045561
0
1555115901
0
1956964117
0
1983860614
0
914236176
0
321915747
0
926653036
0
706168008
0
1571077134
0
1781951273
0
448104249
0
62962914
0
1655741274
0
950494292
0
1974199258
0
1744583056
0
1613189701
0
898261332
0
268168514
0
1687523392
0
389123415
0
909530790
0
695388184
0
783201514
0
1340573335
0
1765100668
0
707827418
0
1543493593
0
2041845438
0
507597406
0
1384556758
0
112632814
0
1086611891
0
485117949
0
1529444831
0
20027
0
336593789
0
659885525
0
1090465567
0
829341071
0
1566511267
0
205352249
0
349028214
0
1339352741
0
577930133
0
203209950
0
850630920
0
755234361
0
1595551557
0
806718410
0
1452053359
0
656640205
0
233463502
0
368455045
0
1428587014
0
1394770838
0
2129467261
0
2141278372
0
934641778
0
1828968688
0
395816058
0
1723632047
0
1676899546
0
75286394
0
470555875
0
1597802871
0
2137330809
0
1159943494
0
313756192
0
1227965559
0
1099302443
0
1174344360
0
1830942590
0
1358932267
0
1086025624
0
1369146715
0
961561400
0
1148006125
0
1545858227
0
982059783
0
2066945686
0
1460670730
0
1607390253
0
63702911
0
1207968971
0
24096859
0
1268983577
0
1146880282
0
1951167749
0
1201067753
0
2146926518
0
1373751132
0
1038586627
0
778357173
0
1526112734
0
1979524217
0
1046855795
0
171826694
0
1673224490
0
585645965
0
1034179554
0
1870608907
0
163307869
0
231253417
0
1878262096
0
2088920219
0
1419459577
0
461276116
0
251715942
0
47052604
0
539133332
0
980404231
0
11886986
0
68594531
0
1817047725
0
1903653735
0
1496951139
0
1486868568
0
1680305884
0
1491034338
0
827441923
0
1859785536
0
791021467
0
1774020939
0
306966825
0
935707681
0
416247586
0
1518939623
0
1680131872
0
713898301
0
497609118
0
1015124808
0
1592556288
0
2004839855
0
1325021555
0
231855495
0
1259968807
0
2106979829
0
4646973
0
792263919
0
1181075233
0
1140091810
0
1673952136
0
2077774052
0
916908097
0
131735407
0
21345392
0
122234295
0
1397429533
0
1716997539
0
1839873234
0
1132410685
0
1426303081
0
1663414553
0
1066275625
0
143395160
0
565802186
0
379751186
0
156784218
0
109917057
0
540040579
0
1196119031
0
578134450
0
1489682122
0
1723067728
0
782324701
0
1636362773
0
1673542329
0
1632598744
0
688532689
0
1527013987
0
2094497859
0
673574589
0
1381813986
0
1259504044
0
738159029
0
225771684
0
2088572386
0
2015881287
0
67291890
0
1398396908
0
795799988
0
482244800
0
485069822
0
720574342
0
1032680561
0
299353673
0
1830480837
0
40700537
0
1154125613
0
1316877987
0
801861527
0
1426799364
0
1414508346
0
997798932
0
306850701
0
1131495260
0
1073140635
0
1706984939
0
1061829500
0
579299930
0
1750551659
0
995768913
0
548059720
0
682352057
0
728347019
0
671560433
0
1889632446
0
2064348086
0
752480470
0
408062107
0
1384547478
0
2104147501
0
1793834158
0
447773273
0
942700223
0
1975784042
0
462760333
0
1574630944
0
1381293827
0
1107126319
0
1673725825
0
421648722
0
2101519201
0
569668998
0
944751060
0
2084463149
0
1671411732
0
183393317
0
652445374
0
597899236
0
816475139
0
77156843
0
1842421160
0
1005730027
0
460778252
0
474050282
0
198759204
0
1208870543
0
144431934
0
810993628
0
291198287
0
54378096
0
1252109497
0
1012059126
0
1607246442
0
1941638728
0
2108085331
0
1404949911
0
1410455412
0
1599613898
0
363006893
0
55809524
0
1687799776
0
739342009
0
780763721
0
1170775677
0
1981629525
0
2071028999
0
1369435617
0
1522170020
0
138839429
0
1307042561
0
854097564
0
1037061600
0
917032148
0
69176917
0
867790992
0
1401755767
0
1413568379
0
232159092
0
2067556292
0
985707537
0
1097721401
0
371575230
0
182445134
0
1896202869
0
824297803
0
556168224
0
1670509024
0
43965490
0
193615862
0
664067429
0
508765744
0
1693460701
0
1393228016
0
1969061671
0
1296504227
0
1977460727
0
725517717
0
364121953
0
1616753768
0
669993285
0
1320379774
0
1674337167
0
2106539128
0
1187719854
0
1147087313
0
1135770472
0
2059668368
0
1557354983
0
934509645
0
1755693004
0
1507008448
0
868852818
0
2067996173
0
1936336563
0
1041427703
0
1283681271
0
1210403935
0
146347514
0
793891983
0
626659470
0
1005907402
0
1294436230
0
1580373500
0
1259668404
0
1353073902
0
1408732831
0
565482442
0
1448264719
0
1405477135
0
1681574592
0
1339373224
0
922187914
0
822790199
0
987671560
0
1894801257
0
889725036
0
680045991
0
625001403
0
1056062744
0
294195953
0
1044026677
0
2014964349
0
1836184100
0
1406161310
0
295601935
0
1052046034
0
1504827687
0
724024690
0
1040620928
0
609115728
0
353495247
0
1254848727
0
1953141149
0
8263201
0
1440665799
0
391963868
0
1404384127
0
491258312
0
1651310716
0
1648033631
0
257157211
0
1304147513
0
1589149709
0
585041424
0
1611077202
0
1900712638
0
1458057741
0
640557070
0
507153079
0
359203810
0
561902953
0
1417335212
0
1264295560
0
1812273502
0
1120182713
0
2069207789
0
825130205
0
1661446756
0
205766151
0
863028187
0
810187071
0
1767780317
0
647531574
0
1763524869
0
2140661036
0
1296493861
0
1803239365
0
1754781091
0
1212872186
0
828052778
0
1389007286
0
1898212912
0
247352152
0
1866761719
0
2075612210
0
1090051602
0
314282257
0
1479605426
0
2015246169
0
130281899
0
1362040200
0
1781448027
0
579983315
0
351301472
0
891294301
0
1284879082
0
2014660589
0
1025857074
0
1581124602
0
998537836
0
1988191994
0
697295838
0
632887587
0
455171118
0
724229612
0
189777688
0
580386421
0
683853073
0
186119167
0
1368649737
0
1198786742
0
317196640
0
1069516626
0
927807792
0
786799277
0
1678633960
0
1308295081
0
430364734
0
415161242
0
440625191
0
1063970281
0
52184198
0
886487810
0
2106563431
0
1596180375
0
637844301
0
10801083
0
1145175633
0
1218419417
0
1718567374
0
306802668
0
324204629
0
741187164
0
1727512748
0
327848196
0
1849075617
0
1178039182
0
1652790181
0
743598122
0
1446294561
0
505286334
0
1197075300
0
1617762004
0
435546561
0
1606781751
0
574028032
0
1192591500
0
1420463049
0
146760844
0
1298278352
0
1730408544
0
1752851334
0
991700992
0
897988177
0
2119703370
0
1248319507
0
1738206606
0
1818376901
0
620794650
0
1220125424
0
326655965
0
1138602023
0
257422144
0
1461909150
0
946678723
0
122956838
0
656307852
0
1090057572
0
414620047
0
2082179061
0
1937450362
0
433694673
0
546871193
0
34131591
0
271516188
0
2117305488
0
1749306026
0
1535251552
0
956815759
0
844912777
0
1287169075
0
1847867294
0
197107344
0
1363346934
0
121406248
0
365345486
0
705836429
0
293196175
0
1420627007
0
754919303
0
595339045
0
737017942
0
374875298
0
1959596835
0
1134795453
0
704909564
0
1895245296
0
1910237568
0
482282726
0
1122492104
0
80953033
0
1220477080
0
1941971063
0
1251188735
0
569197721
0
1613933109
0
507817706
0
792171564
0
1776348395
0
769814171
0
1825282469
0
718559088
0
1522044935
0
184019481
0
438965487
0
1086612564
0
496429060
0
509242825
0
1121826480
0
1778712347
0
1846049789
0
1862555514
0
101401479
0
1300125482
0
562867749
0
452792408
0
1547439935
0
1796022375
0
717914393
0
1424074305
0
711598320
0
496534097
0
127116037
0
1840488741
0
739818599
0
200877263
0
299866157
0
1853864837
0
66081136
0
376607253
0
1003793462
0
125185002
0
1597838201
0
583638472
0
1653983055
0
1464878617
0
1462386711
0
383111862
0
805090928
0
2016250796
0
1982662359
0
102517214
0
724930804
0
1237293397
0
1105969478
0
1558051961
0
1911200656
0
1636517213
0
2121731762
0
979765499
0
14136497
0
1368903909
0
1175688252
0
795415317
0
459530244
0
973616296
0
1891180379
0
163170606
0
71757823
0
1295405194
0
685882272
0
2078612055
0
2116322636
0
262897991
0
1152672858
0
522744819
0
416573056
0
546662972
0
829528538
0
422301842
0
193605159
0
484182108
0
833150673
0
1169982671
0
1538479565
0
1522939075
0
179444932
0
863931736
0
963749585
0
1417609421
0
1577958929
0
1480162900
0
647293452
0
2056375709
0
2052209992
0
758481077
0
328532547
0
466060992
0
1214231935
0
59034104
0
48741014
0
998952791
0
372406091
0
1261824079
0
1076281628
0
810563115
0
1645500884
0
638951322
0
1436633854
0
1346540957
0
1131192213
0
274797000
0
1423337950
0
1220581717
0
1553121475
0
648901040
0
1157819814
0
1128288431
0
863056807
0
1291203411
0
933475742
0
1558754459
0
833182660
0
1707588180
0
463082752
0
551076136
0
1987131888
0
59963472
0
636243461
0
1022770614
0
1246598910
0
737420238
0
693813229
0
82736593
0
1131998942
0
948589421
0
23803419
0
632104791
0
183620628
0
177894057
0
568179375
0
1678461063
0
549898849
0
1527822102
0
644101135
0
2090195065
0
1370959829
0
1369797340
0
1159197540
0
661409196
0
929000300
0
1501928410
0
1388000032
0
1680463
0
326254230
0
829092819
0
1689107197
0
1238330286
0
1353093725
0
1741897992
0
1582475640
0
83113385
0
1022291145
0
1778098015
0
110906453
0
2136433622
0
1113307114
0
327648687
0
643411501
0
1236934662
0
1519161274
0
1110452935
0
1749586115
0
1947740081
0
1574310146
0
284609135
0
979650076
0
221705783
0
324967336
0
675101831
0
1280366516
0
1333891472
0
1132178871
0
1825172477
0
1017407191
0
1297861723
0
1170575882
0
771158607
0
798898204
0
1014353584
0
1515496402
0
1791974994
0
1413058630
0
254742237
0
1517868788
0
862477203
0
139733571
0
1302501626
0
1844014311
0
2012015120
0
1660616178
0
1278627234
0
19066309
0
472391960
0
244628761
0
1191885769
0
296660367
0
1661243482
0
1084307327
0
407016447
0
990009034
0
378537482
0
1232897560
0
239581017
0
106314594
0
122987054
0
1164148164
0
114684531
0
1210081158
0
1163885416
0
2141129836
0
585680873
0
1620878310
0
1271693975
0
1603382881
0
1431278411
0
1531923630
0
859005527
0
1920817155
0
52258734
0
2139214362
0
604564060
0
1163022463
0
522380647
0
738385193
0
1879426385
0
182288972
0
1419071782
0
386056492
0
903363457
0
120237509
0
49701936
0
2116783316
0
1563095810
0
783824919
0
1080722935
0
293682219
0
999633927
0
1082840608
0
1525673978
0
1047803066
0
1060224862
0
1527436475
0
605319087
0
967859370
0
1771289212
0
1639471370
0
232640933
0
1575923391
0
1628614086
0
290378740
0
1312637196
0
393847541
0
851021533
0
877816111
0
242722687
0
1368754756
0
816357428
0
246271713
0
887692622
0
881002245
0
104985650
0
1409745363
0
403238590
0
1920075845
0
477963446
0
1542797142
0
1074011716
0
1314857777
0
1207930409
0
1523468972
0
495489223
0
1893271542
0
949608795
0
2124036708
0
1064287275
0
1084935062
0
219940357
0
718223612
0
178667097
0
675760773
0
1617786475
0
846830658
0
1308740337
0
1471331385
0
392392490
0
18299493
0
469417330
0
1789629879
0
653416471
0
1886740986
0
712220100
0
209372322
0
1342402068
0
288361494
0
1768522026
0
228532855
0
1250933149
0
568531113
0
1147670688
0
203135862
0
1752917551
0
2104610111
0
978985840
0
1942793213
0
36678256
0
123641903
0
1432777072
0
950115293
0
2046814006
0
262457549
0
192615105
0
1024213706
0
1878326037
0
1016092959
0
684400969
0
804672651
0
1428720198
0
1485710679
0
1547018284
0
1151784959
0
632211855
0
1983045276
0
95752292
0
843520041
0
1501775240
0
961155489
0
768310889
0
181942012
0
2030166003
0
1779828885
0
1284351132
0
1731339527
0
220013439
0
1946512786
0
274515904
0
993924772
0
1765836638
0
192373326
0
1255601347
0
1717523607
0
2091563522
0
748296511
0
955223545
0
2001859490
0
626150881
0
1047986667
0
1998523222
0
388069427
0
375023650
0
157981605
0
907047543
0
1909128795
0
1174487738
0
2093212989
0
553600969
0
1472327179
0
2096316719
0
1178383551
0
998149023
0
1895862844
0
1551948569
0
263222721
0
167959027
0
1093854631
0
1954764897
0
1528792073
0
1914018203
0
1746389408
0
1907776707
0
2072264839
0
665362027
0
792237860
0
743101620
0
1691520035
0
988709259
0
8055527
0
97772528
0
437888141
0
159527518
0
1119403570
0
1859053270
0
1368728687
0
378215745
0
120431095
0
1155818191
0
1846749022
0
729662663
0
1308752671
0
1678628923
0
1223638222
0
1384193482
0
449504023
0
2114128062
0
2033398419
0
272469775
0
964373021
0
1158280038
0
273338611
0
534514144
0
655122807
0
500359080
0
2136579555
0
1418519398
0
1839556839
0
109727214
0
1644316572
0
61572361
0
1907037120
0
379444365
0
1442494612
0
1064052901
0
1440778538
0
139284594
0
198996128
0
895884917
0
1129950902
0
886919493
0
771925024
0
795166841
0
578361406
0
1009164320
0
198882234
0
1129152106
0
346457003
0
1074682404
0
1849692758
0
812909734
0
282937124
0
795448610
0
1019085695
0
1591191040
0
533953189
0
1964570357
0
972917474
0
883497260
0
1236513462
0
882503815
0
1719552523
0
1831816382
0
1012368882
0
370864593
0
1123670957
0
566582581
0
610948069
0
1084879376
0
1431509402
0
1119222073
0
956116838
0
1983049412
0
165266044
0
930045937
0
1896080293
0
911646618
0
1896371028
0
1503062469
0
1120776822
0
1316979517
0
360792590
0
1494724649
0
573473137
0
456405823
0
1080077
0
972984963
0
2017784883
0
1996258804
0
984701747
0
1373278047
0
1677381620
0
1735053171
0
358202384
0
910805347
0
642031213
0
1660754363
0
1453618882
0
1198581502
0
1162695254
0
1465429925
0
2138285679
0
28574408
0
1361221975
0
914442334
0
1639329606
0
2144980679
0
882289764
0
269481013
0
124373968
0
851691645
0
1402970260
0
350715760
0
1784650952
0
724452615
0
1790305462
0
1270521717
0
1228595498
0
949268981
0
707750104
0
244077195
0
511650595
0
787027577
0
1220704766
0
1473722371
0
1922988546
0
39605272
0
2073359581
0
1884821645
0
666110618
0
488904915
0
752472983
0
282228098
0
1763750510
0
1638042029
0
1979510510
0
816482246
0
196604192
0
1496805858
0
1192614448
0
1806150085
0
1283128250
0
505714576
0
1952087653
0
1629508752
0
294644673
0
2143212776
0
1233915101
0
161523428
0
304924588
0
971568774
0
1838216477
0
1204583197
0
1101451710
0
789852830
0
1460091703
0
465618052
0
212190296
0
1459450852
0
432253530
0
2095384556
0
543905539
0
1729992341
0
1200178454
0
85380107
0
464382153
0
915272273
0
555728850
0
728401147
0
1581289729
0
1626343678
0
786337130
0
353780272
0
1750296608
0
1004094050
0
882200224
0
912065880
0
352972874
0
1065260304
0
258764289
0
397020048
0
484255507
0
2066767666
0
616172237
0
840641425
0
365516362
0
1430265714
0
1691394327
0
1023418550
0
1399041027
0
884089786
0
457679709
0
2083929256
0
1288206669
0
2106840476
0
1957508396
0
394139532
0
1463546976
0
556332894
0
143150420
0
747424300
0
1328358797
0
486306967
0
38433887
0
1713244709
0
1043085187
0
1223727448
0
736331217
0
1717990105
0
1342060820
0
995457299
0
1753214163
0
647317054
0
305570876
0
1096312955
0
322143425
0
458269888
0
1265649474
0
945185983
0
804279422
0
1262171336
0
470179086
0
1707561089
0
7764315
0
1645823385
0
1764258335
0
1583122216
0
212697982
0
1402194866
0
203570684
0
471036317
0
1082656977
0
586871408
0
155363585
0
2003141990
0
706291911
0
1506031208
0
1624249314
0
2093583381
0
336328372
0
493989300
0
306385798
0
1907805127
0
402436132
0
1318066121
0
1443476842
0
392523335
0
69927761
0
602324218
0
25219968
0
817723717
0
1734654466
0
99618390
0
1396519717
0
1458105556
0
1444183775
0
1536528031
0
935761842
0
1326531513
0
1987399484
0
262482150
0
606084112
0
940732663
0
1119257827
0
1557034316
0
1987510317
0
2125252381
0
21266916
0
950771810
0
195993343
0
1967684950
0
1780274497
0
183817428
0
1338028010
0
1935496333
0
1952067622
0
1292847735
0
652341799
0
1004597858
0
759766692
0
461027382
0
366210898
0
218430384
0
1109911165
0
1233992313
0
1459225512
0
939931444
0
538071976
0
322063115
0
1255983365
0
1695649192
0
1667974254
0
391759040
0
109323578
0
1302857261
0
1378720815
0
812186575
0
1013705693
0
1363810600
0
1471789769
0
1654001437
0
1773824891
0
1306955383
0
1536380565
0
604784427
0
571763338
0
1784585088
0
1764960014
0
491339287
0
864773894
0
85513562
0
559876691
0
1721688130
0
1217741232
0
1057730314
0
403757532
0
2051999451
0
1514885784
0
119252856
0
680508141
0
1949905512
0
1461486964
0
293449562
0
1384335022
0
680883156
0
1810331676
0
696167836
0
1001910796
0
695472245
0
48531094
0
1765794645
0
1634080622
0
1972136118
0
1429127428
0
1887574348
0
1833633352
0
1485412614
0
832407123
0
1558039703
0
1705180450
0
798553935
0
1670675442
0
693469169
0
742571114
0
1365240281
0
1878118219
0
1818263127
0
856078679
0
2121406700
0
1958899406
0
150524485
0
129283229
0
1757262686
0
2118850058
0
1939090252
0
78038492
0
1627910374
0
1347993038
0
1913997463
0
1397812228
0
1706501463
0
1525982956
0
1945829018
0
1667329010
0
284561367
0
176813300
0
1731249299
0
851035090
0
1105668610
0
796330779
0
813314549
0
644211888
0
1804137089
0
1810442830
0
416849467
0
897335355
0
1885142251
0
1759568366
0
68224525
0
2040807824
0
248288084
0
417101667
0
841093461
0
1520434473
0
1034272058
0
1277839988
0
1820208316
0
1336615497
0
1817710459
0
157322191
0
561694680
0
64374548
0
1758753795
0
1410115257
0
177596107
0
2002984666
0
209631090
0
1396548550
0
1942701787
0
647565121
0
179865651
0
1492505028
0
1923008636
0
377257902
0
1201832970
0
2123026755
0
1269876380
0
1119834774
0
516364310
0
553540643
0
458428097
0
1777184490
0
1937160954
0
2012065358
0
357482597
0
1698247120
0
234193563
0
1901172037
0
589242146
0
1345651505
0
1214557978
0
1243871511
0
2142665479
0
625429010
0
1800402652
0
1322785934
0
1312478994
0
2029913821
0
1836373305
0
291162451
0
1599566091
0
1706998291
0
1286236564
0
1207540446
0
1411811772
0
773636301
0
1639311969
0
1848555620
0
1028384191
0
1104707081
0
1815782052
0
2106324094
0
1868610710
0
939349242
0
1490421197
0
1259799371
0
1406752624
0
1643881745
0
1343369560
0
1516614009
0
1248243020
0
452689597
0
1966979105
0
654555817
0
1708376385
0
825542305
0
2145160515
0
1757309769
0
762690392
0
207529401
0
433199879
0
820803023
0
1948942880
0
314916469
0
1401388275
0
1679581276
0
49965917
0
111061042
0
439643651
0
1747096677
0
909944908
0
1213018469
0
1139147512
0
835521179
0
208887720
0
1787630842
0
1415339964
0
2089900776
0
719811900
0
1103219749
0
440513245
0
1329977506
0
1922145366
0
900664541
0
2004196531
0
1250093322
0
1485944253
0
1177729208
0
738024457
0
111503727
0
1437399505
0
1329935432
0
1215007648
0
211540613
0
1277646906
0
722562789
0
92770938
0
128027244
0
2122759261
0
1069072016
0
2045182110
0
752468888
0
213403433
0
373807941
0
1200396912
0
1609520066
0
1499731650
0
974276711
0
105873402
0
1297807698
0
262577707
0
64626964
0
1706142213
0
1930519147
0
2052364753
0
1212065557
0
155941057
0
971295659
0
1542939966
0
1326971037
0
784544764
0
294255968
0
2052698782
0
383640019
0
1091891039
0
1164928858
0
350906707
0
698929887
0
179061719
0
865721786
0
984348877
0
1885042898
0
89742495
0
768593271
0
632968992
0
1823344953
0
366982381
0
299843283
0
1469421519
0
505529333
0
986192199
0
653501047
0
1160726171
0
583306649
0
372001188
0
899070299
0
979575001
0
1107403905
0
2044146433
0
525714725
0
939659317
0
259400781
0
357122857
0
2094547881
0
1514294343
0
916322204
0
1022049991
0
2019990031
0
403475594
0
1608434779
0
439182217
0
434226380
0
893336154
0
1242564101
0
1643862079
0
1012843098
0
1898561964
0
1818901822
0
853207309
0
1106931344
0
544264647
0
1323069556
0
1784346654
0
2052567070
0
317440082
0
866079026
0
546030616
0
938939481
0
1046019011
0
1140383535
0
134523270
0
1779802246
0
836629459
0
1655880504
0
1143049255
0
1987606370
0
1592131505
0
1307962915
0
1290101713
0
1744590279
0
1734586662
0
1107520209
0
1851384114
0
1322242615
0
770851149
0
2073902539
0
272898516
0
1727772067
0
391255335
0
233488231
0
784075348
0
994715844
0
28998213
0
2041661669
0
1713959117
0
165238561
0
468139156
0
1782195931
0
265103961
0
1721188649
0
1412898653
0
1860976092
0
1473343336
0
1994998242
0
1273272683
0
219440826
0
912540683
0
1890535954
0
69737866
0
1705726247
0
1381829526
0
1520684824
0
946954021
0
454923030
0
849581890
0
304056327
0
1411091676
0
1555884711
0
1993451905
0
1053790488
0
759095007
0
2056919469
0
453766077
0
732025642
0
221151431
0
1745391507
0
168440129
0
589801357
0
6892547
0
2026404138
0
831189593
0
422365816
0
1268816177
0
480872129
0
1036908442
0
490389289
0
2078026684
0
867926827
0
1537250965
0
201211698
0
1625747908
0
1510648975
0
1925647991
0
1787224447
0
1027510140
0
1446917453
0
236813943
0
844742110
0
566252453
0
1504937714
0
425764832
0
414019620
0
580737060
0
134591805
0
784186344
0
712741969
0
390490017
0
255690487
0
275237362
0
234567496
0
1743413027
0
1275865121
0
840873352
0
2116029804
0
1783721508
0
135672836
0
1773205185
0
1628974876
0
2059208976
0
278804580
0
59258306
0
1669420381
0
1074495412
0
854401861
0
1856413985
0
2107422279
0
998453182
0
565412216
0
267976337
0
605088200
0
1382308855
0
986832739
0
681638592
0
1622042646
0
1513336304
0
1994429907
0
311200926
0
1231282837
0
1018218967
0
2056479073
0
1641965093
0
1342454101
0
1162880125
0
277589528
0
1112715812
0
1127054208
0
1594307316
0
1369596393
0
2076848605
0
395305897
0
1739290708
0
711526392
0
1435123848
0
1737673879
0
1454768800
0
1197900505
0
454596910
0
1810933991
0
81857806
0
1394611362
0
1596637776
0
1882931967
0
1118547177
0
350558001
0
1280679086
0
144804521
0
630612396
0
870741627
0
1600954331
0
1416827854
0
1327064242
0
203557552
0
250326793
0
321945478
0
1426341953
0
169252610
0
1360267642
0
2054836779
0
1957217246
0
1943232423
0
976029785
0
1652500709
0
173409512
0
358359205
0
1399012247
0
400384326
0
1193101031
0
1394215978
0
1393869829
0
2018594527
0
571559983
0
514281250
0
2050773222
0
233007804
0
1299473347
0
339853039
0
1751009100
0
94045212
0
69913892
0
369227935
0
1533647362
0
1912481840
0
1694540231
0
209535903
0
1944224288
0
466435664
0
1068893298
0
1188952331
0
386491782
0
1776831546
0
300198440
0
996094277
0
1721485174
0
2101627034
0
234534582
0
1190227429
0
342227398
0
854671520
0
2093605504
0
708149633
0
516510157
0
857307525
0
1299784952
0
1282030980
0
1391250509
0
945356227
0
1518086683
0
229671174
0
1055307759
0
490064940
0
921660335
0
545704534
0
1900930248
0
820461717
0
507580232
0
1095913340
0
48265061
0
1589545308
0
791422876
0
2078051061
0
1277631066
0
456339909
0
1040747126
0
582641867
0
2083911996
0
998117849
0
1371921426
0
351488943
0
1894635751
0
255549341
0
50480187
0
164462344
0
307161919
0
2067168892
0
917126678
0
1657942627
0
1441412164
0
51218541
0
1836559787
0
1277881778
0
375089199
0
1259663648
0
1273139810
0
133727962
0
1297962572
0
718061378
0
1746967553
0
887241487
0
1888710888
0
1608108309
0
1394651868
0
129938471
0
2032496745
0
150420386
0
527174983
0
1859895406
0
490122910
0
1895962125
0
1073080689
0
699472517
0
709109541
0
1617298384
0
1233419809
0
427085372
0
1133498930
0
389083973
0
246629096
0
451777762
0
1674153789
0
1171988729
0
894558019
0
303612686
0
397268330
0
362163787
0
918112511
0
1046968682
0
2069118503
0
1471984050
0
624314910
0
255593128
0
786408296
0
1549867234
0
1789447375
0
1881039037
0
1516327372
0
725702255
0
1318168472
0
1016206452
0
444394173
0
2132224992
0
1245823055
0
582527135
0
155611272
0
1871050105
0
1136071714
0
680191721
0
926801866
0
1060070171
0
1075028485
0
1223825184
0
231496522
0
1669160537
0
1002264598
0
199371518
0
762613706
0
1066151446
0
203802354
0
69746713
0
1854417776
0
769392321
0
1177700460
0
254856821
0
1296198429
0
1132881035
0
741540943
0
1231025460
0
987451022
0
335702738
0
716376897
0
1353182797
0
1091447449
0
151962669
0
678521600
0
774365630
0
1012242590
0
395758596
0
757868213
0
765545534
0
949260761
0
569596564
0
1874836469
0
348982052
0
563508007
0
476190379
0
1807631131
0
405264608
0
1611622019
0
320033722
0
1507713566
0
1982352809
0
1342361305
0
1750741400
0
2037262253
0
787418403
0
1346866407
0
158579422
0
217139627
0
890994736
0
545057421
0
1762320292
0
1222688220
0
449895397
0
102016292
0
895869338
0
868114649
0
399008025
0
1683930241
0
128576674
0
619611036
0
654477749
0
396287509
0
1057374416
0
864630787
0
1975281507
0
606589176
0
839408723
0
1122330318
0
1656783025
0
1279334173
0
1163171847
0
885593888
0
2114801906
0
473792645
0
163621439
0
1206457113
0
384103217
0
286925237
0
1251670744
0
80388396
0
320557609
0
1722747787
0
1847527255
0
924522812
0
1410715239
0
1671558993
0
510925297
0
1481845973
0
1017413952
0
1411493850
0
1872772188
0
14349637
0
656180595
0
1098732820
0
190625187
0
1939400232
0
992905058
0
1807372616
0
355370297
0
556559372
0
1802082519
0
1639023192
0
1290047875
0
839735013
0
163835407
0
507649995
0
120936434
0
1059116176
0
73620049
0
381582871
0
877142955
0
1813891677
0
399562527
0
266027120
0
56852786
0
2042035034
0
1546653731
0
1467193629
0
1716087749
0
1581418233
0
1638626759
0
1069649385
0
1011604658
0
411453707
0
405110209
0
1164121673
0
1816933941
0
2138769694
0
1720963572
0
1924996808
0
1580210001
0
659224358
0
715650033
0
2021681431
0
913547983
0
1640357878
0
99795360
0
75887213
0
1978586220
0
314325745
0
63024595
0
544930194
0
1771499750
0
883016242
0
1741978524
0
788493317
0
85593182
0
1898050031
0
1804778479
0
1852866325
0
463959128
0
247942039
0
1043574293
0
854197402
0
567555219
0
1925689406
0
335802705
0
249038619
0
146441530
0
226535248
0
2036890652
0
984371337
0
115044471
0
817141797
0
544259614
0
1238479925
0
1720592751
0
2135059202
0
1635750291
0
2116975590
0
499677634
0
1420934868
0
1634171836
0
1357686169
0
1617693008
0
1423414436
0
358598272
0
1122044022
0
1139973447
0
1832108842
0
1632776808
0
1533770690
0
1837771889
0
174843622
0
839125858
0
663185557
0
719528569
0
636242926
0
1013778869
0
446195985
0
203024571
0
2029933361
0
17298438
0
824555121
0
585944556
0
1757631197
0
1869963494
0
53269813
0
1952549939
0
809214966
0
461997111
0
1632060672
0
235091173
0
1954917778
0
1950779393
0
1116419402
0
1096265575
0
1673311412
0
2046544019
0
19753334
0
1281802900
0
1852877243
0
647457954
0
526193529
0
396983557
0
2018434917
0
36478360
0
1058957125
0
1695417186
0
2063616706
0
1345078692
0
177224475
0
51932936
0
958494670
0
1145082543
0
1801339434
0
2034895479
0
1811237078
0
880873721
0
92366429
0
1919379069
0
1652151096
0
739914762
0
1817088804
0
446584841
0
296076422
0
436814455
0
1441439739
0
514671566
0
20879646
0
884375861
0
970774940
0
1381150321
0
842704624
0
681963603
0
642051582
0
2003096146
0
2083275450
0
1037107462
0
1687834782
0
1327687851
0
2094619427
0
569284318
0
921885241
0
30732382
0
1123068994
0
1186808675
0
865287389
0
125889439
0
552408978
0
765887265
0
250282737
0
1728979933
0
1364506374
0
280761505
0
737042076
0
780495436
0
956676976
0
659870543
0
838663093
0
1475428790
0
538001621
0
1287090277
0
523509308
0
380437797
0
959237060
0
737529391
0
380864053
0
1680870711
0
246663492
0
1029871334
0
329315718
0
743914107
0
314603515
0
436537691
0
1084834485
0
677026365
0
1413754749
0
1216996035
0
1418106217
0
1337674713
0
292600948
0
6581406
0
1092024645
0
1262961253
0
861412223
0
1567967534
0
1058511601
0
649946259
0
1544946371
0
688881520
0
947365663
0
930939183
0
1876480286
0
59326960
0
675804512
0
205424201
0
1558325478
0
65749934
0
1252546180
0
1908939366
0
138238182
0
1939302467
0
1497252350
0
106870904
0
882954636
0
706566482
0
1825778711
0
468963794
0
609501268
0
390815086
0
1424157876
0
2116176117
0
2095320452
0
1613993258
0
1518741949
0
505308601
0
1571316769
0
1514529424
0
572361277
0
1096727626
0
849067981
0
256722352
0
437923241
0
749453218
0
1068645271
0
1315329836
0
551891434
0
657459845
0
1124251100
0
1727111394
0
24742459
0
1382164542
0
708847795
0
1513100656
0
181377618
0
1134330633
0
1482614412
0
1047666343
0
909805048
0
1009875096
0
1407476231
0
920642712
0
622383949
0
14186306
0
58560125
0
672510549
0
678362882
0
254275851
0
121770227
0
40289598
0
689924781
0
1301584114
0
1455775656
0
940260121
0
1767179021
0
1278967937
0
1450294336
0
1157511702
0
244817341
0
66382535
0
1147252952
0
1772181498
0
1603736643
0
934505404
0
1684414517
0
1825352465
0
1894981860
0
1777636010
0
935923006
0
1887731214
0
175112920
0
1070250050
0
369563078
0
723944822
0
1845763099
0
1339123978
0
1028077686
0
248244840
0
1837783406
0
368409841
0
668843386
0
1321380104
0
1307014301
0
379131744
0
483240759
0
44283559
0
1244434251
0
863218424
0
1860016683
0
380941802
0
840114507
0
99540124
0
81103055
0
1594413187
0
1001486643
0
9183715
0
1879359068
0
1198375800
0
2000429034
0
206797006
0
1008738996
0
1640396354
0
746461492
0
178830270
0
1270725737
0
362592344
0
1678419069
0
1991589338
0
1961881624
0
880538530
0
901262233
0
1312187740
0
1429775137
0
2036201276
0
135447140
0
127416160
0
442205061
0
1847041607
0
1352171464
0
1273842894
0
1213042515
0
1543288634
0
744583172
0
822160735
0
1145688347
0
1245669027
0
141262186
0
1224130167
0
1062378509
0
1216559605
0
525478148
0
1258476972
0
656029101
0
700056809
0
1939370597
0
494829613
0
1544624507
0
1721764213
0
348984566
0
605760805
0
1949362855
0
930985353
0
504975829
0
273385059
0
1315165680
0
2087888836
0
1264874672
0
807990651
0
1359771376
0
156545058
0
385322231
0
1447540712
0
2121993368
0
1081610247
0
174349474
0
1123915010
0
373414058
0
1022856272
0
538769269
0
1304048331
0
2069681482
0
196553868
0
651010390
0
102443265
0
1629553608
0
1048539465
0
551980973
0
14858171
0
613176945
0
2038376309
0
184004772
0
191751324
0
1539031968
0
69758061
0
2045143612
0
105433002
0
338455839
0
1890588817
0
958206307
0
593532896
0
445842757
0
708772516
0
247886503
0
110180741
0
676810273
0
2076863799
0
650671455
0
848413661
0
2144467994
0
855527557
0
1448633834
0
1166741999
0
759596436
0
1894502084
0
156491719
0
1636337305
0
1245501653
0
1623174662
0
1211776393
0
1738412650
0
986391115
0
1849198612
0
1097732500
0
558116123
0
49109165
0
744015707
0
2022194715
0
950377583
0
12671095
0
362212612
0
1738714286
0
1761020073
0
844743957
0
597294982
0
1398196396
0
1720762098
0
686306937
0
626022122
0
1031417801
0
550982823
0
418820297
0
1808820460
0
1066964288
0
980335966
0
1012040778
0
1298871606
0
963810287
0
290344288
0
733602432
0
952457197
0
605005241
0
2135500589
0
464207012
0
119161133
0
1286403327
0
1862842540
0
630480167
0
795852471
0
1364326581
0
1553947848
0
1652850169
0
1751816438
0
778073096
0
1046597889
0
132167846
0
846896724
0
271627952
0
1848239389
0
8457068
0
404021174
0
40579604
0
1269088329
0
759963499
0
1621278984
0
1563370952
0
1113169219
0
157531069
0
1924823579
0
816233845
0
316695879
0
1243161087
0
939987546
0
1480978290
0
1466651300
0
1191098834
0
2103029351
0
180956284
0
495421036
0
747252633
0
590635175
0
1135969791
0
1114655507
0
1515253368
0
2002269850
0
1080620460
0
718868541
0
280570565
0
1822880790
0
1155729428
0
354909281
0
1398198048
0
1748527262
0
1331466886
0
1184351262
0
365736391
0
833325823
0
1966245074
0
1202598682
0
2107446457
0
1404812828
0
1253985078
0
322694288
0
1126689741
0
1911161388
0
976539937
0
1636690785
0
743989072
0
1574540270
0
2004819556
0
983856262
0
48113534
0
1190314666
0
1808419657
0
773119208
0
1538464506
0
1269842462
0
549774948
0
1592901642
0
1366753592
0
1542532432
0
919998040
0
524799880
0
596244931
0
929858415
0
891881686
0
419640542
0
562292646
0
1524454522
0
2027242544
0
2037377353
0
574420456
0
1345610727
0
529202132
0
1570450297
0
1984120049
0
979592927
0
1408686187
0
1929020381
0
484924708
0
429126991
0
1087251111
0
491070254
0
638103557
0
73149381
0
1061000383
0
1676716040
0
1286068346
0
527784167
0
1361032659
0
2027575616
0
1192867516
0
1764496667
0
1293800846
0
1638892847
0
1246823107
0
210531923
0
1504463252
0
1041416586
0
1096837852
0
554152716
0
8120773
0
1194362050
0
1113325841
0
642393376
0
1305176963
0
1711246683
0
1822000557
0
1394038926
0
565640512
0
1957463562
0
1788098141
0
679299669
0
966469431
0
2032904556
0
562048922
0
1723152548
0
60410794
0
1711933374
0
478314312
0
997351063
0
1369451006
0
1780812943
0
643544762
0
1329168642
0
1212470000
0
510963617
0
2125890213
0
3891105
0
973292325
0
741167076
0
1389893732
0
1764325305
0
561203359
0
396677089
0
1162594535
0
1920129339
0
1377037104
0
431343209
0
1828005038
0
1379619684
0
887092329
0
1529296029
0
1794072107
0
152014822
0
1555057071
0
968208307
0
1193422430
0
353518030
0
1637762608
0
1578249057
0
2061376902
0
207914863
0
469208772
0
431879220
0
99323680
0
738296041
0
381048721
0
489618493
0
2008160194
0
1295384306
0
334817656
0
873189252
0
1935998413
0
1800591594
0
203366834
0
1339896661
0
1129658985
0
275637768
0
521740197
0
711760278
0
1071078556
0
1409361538
0
394742756
0
864514509
0
20997161
0
711966819
0
247445849
0
1294043551
0
1423068488
0
986701177
0
617959705
0
817845043
0
1626296901
0
156091
0
475937790
0
1857335102
0
408766522
0
338748501
0
366908110
0
1199054233
0
517950583
0
1444227190
0
118720289
0
319589160
0
478410973
0
474448843
0
454922990
0
848909610
0
1889948249
0
929598166
0
812844037
0
1326251292
0
1572692431
0
1012960541
0
1724942818
0
84707626
0
2046895868
0
1638312183
0
77537847
0
1803504447
0
1915046971
0
1857024008
0
1622660605
0
1161954982
0
1908580303
0
545917282
0
1181618590
0
1682358321
0
1626604645
0
877442205
0
400935486
0
1866512563
0
35530965
0
168474889
0
1174012677
0
551313703
0
1684953163
0
140957552
0
399113823
0
1314593580
0
1062538724
0
1761809463
0
1227119805
0
1917100494
0
2010846717
0
1350619780
0
964493670
0
1038544134
0
64177322
0
591460060
0
2114910104
0
144792784
0
433348637
0
1173495082
0
442029126
0
1037585709
0
1135797523
0
366830878
0
2048499656
0
675889688
0
1636977233
0
1263353314
0
1008330509
0
1217406286
0
1870743833
0
283525504
0
2094416682
0
1456716397
0
1718908579
0
1746467809
0
1077978667
0
1415410177
0
1122487020
0
2142989892
0
1782871007
0
873688058
0
1729496267
0
1452597324
0
1209125372
0
132375643
0
44373609
0
610420954
0
815592159
0
269297512
0
1335239955
0
173812535
0
689515825
0
870711563
0
1095668683
0
231282156
0
213794822
0
509431923
0
5029272
0
775112271
0
676135995
0
1481691688
0
571829604
0
750834103
0
654859349
0
367387768
0
670731651
0
845195254
0
1739792720
0
558907488
0
464678838
0
1606689774
0
1175654240
0
223775633
0
753197934
0
1729061320
0
584894036
0
1281410733
0
1704177415
0
1120413866
0
1659228966
0
1586075267
0
452502258
0
965856179
0
315912780
0
966518076
0
702997424
0
1970163021
0
479540854
0
137005987
0
557153925
0
1057316555
0
2039644607
0
25452788
0
435762163
0
935437271
0
166434010
0
1232697676
0
1175097923
0
1611174049
0
1380936520
0
1544318511
0
873856735
0
269483312
0
163013261
0
1722227702
0
1696393248
0
1288421564
0
1423613447
0
1555892502
0
2124395242
0
647717272
0
589583861
0
646404569
0
1821010
0
540944012
0
1347731933
0
1820573022
0
1023778298
0
1002874722
0
1863790998
0
1538828244
0
940736087
0
1176804995
0
237162095
0
253681833
0
875527936
0
440071108
0
341431888
0
369436832
0
749611947
0
1588919927
0
1018062644
0
1576642059
0
822365280
0
288508868
0
2097953197
0
765381886
0
346312472
0
793033534
0
1231092656
0
2116814194
0
2082062356
0
2123473074
0
181225225
0
720545129
0
541697670
0
1129560057
0
760438519
0
1015005536
0
1735435431
0
340395263
0
126749633
0
2124787654
0
800534815
0
603587250
0
1925645969
0
1753240693
0
1093206764
0
1803482463
0
1545561883
0
296373469
0
1134316090
0
1238190211
0
1146336847
0
1407590292
0
690182292
0
1334604197
0
226046064
0
257626105
0
594914383
0
42174649
0
159722233
0
97011281
0
528511694
0
703677066
0
508004233
0
1779647206
0
378355826
0
327288815
0
1037493738
0
1737524573
0
1092866505
0
379716744
0
1725401171
0
1345795556
0
1488139488
0
1565821854
0
1503289840
0
647233925
0
1055905420
0
1945018779
0
934544019
0
185933175
0
390165840
0
1249698589
0
1294117663
0
521185225
0
2121764109
0
1523421528
0
1845581562
0
435515266
0
1080806686
0
1701285276
0
1904357574
0
441471330
0
252642925
0
594470356
0
1169347448
0
1599704839
0
1891452280
0
438043419
0
621801217
0
957627817
0
1608269701
0
1959683565
0
444982916
0
1289810358
0
1142754088
0
1321701895
0
272904697
0
1831656134
0
466564393
0
1084957954
0
604686201
0
1068362603
0
859496054
0
1575169856
0
1848853223
0
1735230518
0
1191389766
0
550272534
0
1365894956
0
2143822709
0
747640797
0
672056582
0
1638474101
0
651410026
0
376674576
0
2135291123
0
1238679244
0
775579890
0
2092957587
0
556026849
0
1441903046
0
1859021374
0
832652615
0
1389056453
0
577079034
0
931174586
0
1537931213
0
896721599
0
159679747
0
1530432726
0
1571185763
0
1460195229
0
58095887
0
1459997071
0
1022621675
0
890864784
0
508437804
0
476740415
0
314667948
0
1519463122
0
1888644977
0
500342132
0
1851734519
0
769048509
0
1841703117
0
1822483208
0
916019695
0
232748522
0
1236688067
0
1669606403
0
2053483519
0
687812896
0
166871271
0
2139292362
0
1915510060
0
1050226243
0
984371408
0
116237768
0
1545531653
0
1935781506
0
302519292
0
1347948195
0
1160321162
0
218771327
0
397689225
0
993695111
0
53407858
0
2125188607
0
1096900945
0
1614556767
0
252219477
0
2067514408
0
281763149
0
391803608
0
858377954
0
2110615979
0
987877907
0
1067907992
0
1808783565
0
446870023
0
794163002
0
886708509
0
1520884230
0
3403369
0
1365847961
0
1353977744
0
1567219796
0
1376180917
0
1073793829
0
1947798262
0
404674566
0
284720713
0
707457875
0
1775035333
0
176017607
0
1242938930
0
1501162141
0
1394218831
0
1441820200
0
466628652
0
17475320
0
1649927248
0
2018407072
0
1715971092
0
1768247681
0
2060067381
0
1821115533
0
1551826087
0
352151394
0
143547826
0
984176001
0
1126999613
0
676729151
0
713446345
0
1491519214
0
386818267
0
821614000
0
546647790
0
574364664
0
407914583
0
1052595257
0
2145684060
0
1966595996
0
658093795
0
1041630515
0
397375261
0
11869457
0
1921468275
0
258214339
0
1891428633
0
40608290
0
1751213931
0
1389156182
0
105740690
0
1214800761
0
1029358098
0
293292854
0
898027313
0
629978475
0
953849615
0
385054450
0
1241912739
0
1433839180
0
1621095273
0
623223822
0
1245029935
0
137461177
0
1765081314
0
382544740
0
2010889709
0
2073186324
0
1120374893
0
1004209755
0
679370512
0
9644085
0
1026863070
0
1309030198
0
2048057918
0
1841533710
0
1122743406
0
9618453
0
596066046
0
70821867
0
597178231
0
1583445986
0
1359333078
0
1380005160
0
923336520
0
800058418
0
1186717459
0
1479703724
0
1519857008
0
2066236038
0
271035029
0
472917116
0
480991065
0
888382147
0
1732430685
0
1379236769
0
893890865
0
1975657290
0
479923116
0
119232480
0
338048709
0
1490405848
0
1001828728
0
1463639016
0
2103249174
0
1728037798
0
562428958
0
1667966659
0
264109875
0
45970776
0
1684202959
0
417180806
0
23698987
0
1024399814
0
711275899
0
1520055291
0
1103811125
0
1789835089
0
1954897294
0
1606504805
0
214363904
0
1484058509
0
1696284505
0
1608261610
0
1823698128
0
2007827312
0
2143087473
0
1275431227
0
2138351482
0
1134525429
0
461583490
0
1122783466
0
682906873
0
1463204943
0
1250235204
0
1723071380
0
843703865
0
296337914
0
536743205
0
1611729035
0
2118651634
0
751661731
0
1679901263
0
1133020132
0
931860575
0
182446454
0
1918388109
0
29471905
0
1413068525
0
421047502
0
586749249
0
249720919
0
876439395
0
726576992
0
987487702
0
952183498
0
299913442
0
501100185
0
1707429408
0
2089569042
0
1586809503
0
2055388475
0
492153683
0
1667425584
0
1907680585
0
456742385
0
1362710317
0
159202564
0
2100352633
0
290513445
0
1429140484
0
2107006540
0
453578750
0
1878588047
0
1124727735
0
1147981251
0
1127800909
0
1259209141
0
76691602
0
465566614
0
1495155477
0
1371948392
0
804706505
0
1997704376
0
1658110234
0
2110899366
0
1455795922
0
1280870783
0
1219172353
0
1488260844
0
1457968499
0
1288150423
0
1161513954
0
938673648
0
873131074
0
958200767
0
500422116
0
1048541960
0
593914438
0
415968210
0
1118434485
0
604027204
0
730018259
0
842803702
0
199683902
0
1717884300
0
1711279832
0
231652153
0
2137367107
0
1770003980
0
1513413616
0
1146329044
0
1276445271
0
2001519814
0
1359667290
0
554655303
0
2012649541
0
1585911690
0
1998230913
0
1917683005
0
1063690859
0
1798389585
0
1848907217
0
495224029
0
1731123278
0
880483790
0
2128730700
0
499315880
0
1783386331
0
944803938
0
825700048
0
501379822
0
2112321173
0
1729786054
0
2028080139
0
1082450989
0
1419798386
0
1860671685
0
652142181
0
1944585426
0
93631089
0
1699683219
0
748389339
0
367900094
0
691460145
0
1336643098
0
134116819
0
1391031230
0
1554901368
0
498791633
0
1562301590
0
320271261
0
1205064245
0
596490858
0
768186210
0
233945706
0
2030406732
0
1530793894
0
1198885398
0
1975308032
0
1052394851
0
924944065
0
2048263469
0
1001262073
0
529803019
0
932139871
0
581607032
0
1871309327
0
1197848574
0
1729276240
0
2049570829
0
1499225123
0
1051012010
0
1305855495
0
230432125
0
959709334
0
85103921
0
117491345
0
1139563822
0
1389992408
0
1275289190
0
1898619270
0
634560117
0
648095417
0
502615935
0
1412835894
0
806185579
0
1086697330
0
1921091222
0
363535509
0
350324048
0
1643598309
0
874628002
0
347265899
0
1784895594
0
541183415
0
1076410860
0
835081692
0
1412364299
0
1470023002
0
2024719526
0
435203120
0
129536158
0
1713273095
0
1520168689
0
862207664
0
2052042539
0
91582153
0
1622954219
0
1801758186
0
482925755
0
1192462272
0
1396011700
0
1509798425
0
515356023
0
787130210
0
798173950
0
1726718488
0
2011105905
0
1411825202
0
999354311
0
678301790
0
1374986254
0
322445611
0
1242142696
0
1003759185
0
1696575110
0
50008904
0
833543551
0
1330632276
0
41962874
0
895387102
0
1353108785
0
1995011412
0
1494620873
0
976793552
0
1604230796
0
649800287
0
1239078614
0
1045340539
0
474722866
0
765460257
0
1663493869
0
251855990
0
253355693
0
1836543897
0
1010818548
0
84204819
0
38669560
0
1379233526
0
839385764
0
736458405
0
1708155174
0
1402616322
0
844530735
0
1308640122
0
1934501527
0
264748709
0
45435579
0
1279081568
0
1212606906
0
664459112
0
649330984
0
1941437681
0
876572049
0
808609123
0
1017012045
0
1099093842
0
1963354647
0
2015315974
0
1303494534
0
1351949891
0
1844832777
0
735587653
0
2105811839
0
1849075513
0
1176291254
0
192651696
0
1639198643
0
2091369185
0
1777041846
0
1687226893
0
1848315663
0
1290394186
0
217733049
0
127220055
0
1441235620
0
1379010827
0
1391450965
0
19452925
0
527796131
0
1562111607
0
1422194274
0
1326172008
0
240166243
0
1352273388
0
839395915
0
907066262
0
76255381
0
1723934855
0
323742661
0
1566825576
0
1192976318
0
1445648234
0
379886680
0
286548229
0
1357748229
0
513251781
0
1928356915
0
71469881
0
750931294
0
140864839
0
988370079
0
749908208
0
125727613
0
2127566690
0
263152633
0
1137473658
0
620344412
0
95426299
0
1807006631
0
646711343
0
862804334
0
1342856994
0
1491851835
0
1682212120
0
1316888085
0
971578613
0
2003580550
0
1634718890
0
1962088159
0
56804981
0
1238576399
0
1194547622
0
2084750798
0
63477534
0
1715025026
0
900101948
0
1138630568
0
737177959
0
916797370
0
418230365
0
483767924
0
314411126
0
1498023062
0
175325606
0
349896358
0
897863420
0
22912471
0
690327284
0
1624001094
0
69233488
0
1818579789
0
1883249619
0
14873400
0
869130748
0
296714742
0
427640460
0
1872928358
0
491615180
0
1206740251
0
847836289
0
1030511378
0
349116991
0
683944133
0
1716564587
0
1005699911
0
2102102287
0
1779660812
0
607031868
0
1837282226
0
535012169
0
435494394
0
730010982
0
720499163
0
1916630755
0
558394285
0
429210605
0
345067962
0
1351390434
0
1031973566
0
1301790590
0
631050494
0
1791403772
0
402465064
0
1804326245
0
694620428
0
764428304
0
1499328974
0
648952120
0
2016321374
0
1021383158
0
1549946035
0
966372135
0
397650684
0
345936524
0
916926439
0
440009401
0
1451805986
0
794009488
0
454082358
0
1752793115
0
13214259
0
901235372
0
860734913
0
921836599
0
1360689935
0
562380642
0
855919647
0
1596039523
0
418028384
0
1384040551
0
26676353
0
1672866295
0
1007913541
0
651876051
0
1766705810
0
1915645248
0
1174847312
0
1694122266
0
1774732736
0
1532720769
0
1371618818
0
1708007228
0
1063571547
0
1940596448
0
1770354547
0
962942244
0
733531116
0
1901332832
0
1144240064
0
526696763
0
264902807
0
487877018
0
656477280
0
1790150321
0
810550577
0
1434774718
0
164813263
0
1910090258
0
153927203
0
1484189833
0
1755963326
0
1755343008
0
2067076617
0
1513744400
0
263364791
0
408245870
0
178084925
0
1628614204
0
292361966
0
284978226
0
740511572
0
1110256239
0
591200090
0
2040561608
0
405103066
0
1044069272
0
583374867
0
1518541114
0
1424842050
0
730186653
0
1525518013
0
573982958
0
435032782
0
1561632686
0
1962903615
0
877272091
0
1836796782
0
966089449
0
2088998023
0
579627758
0
817905914
0
501872151
0
1796960088
0
1445671255
0
766800627
0
568772342
0
907039197
0
1768857573
0
1573103990
0
1487581713
0
781232017
0
451491961
0
1165663676
0
1963574598
0
1417065137
0
1020112329
0
1665959502
0
889560528
0
62643682
0
585376344
0
797626701
0
1119039133
0
28927905
0
859995113
0
1372919881
0
2100136599
0
954597301
0
66511170
0
1161737750
0
405045726
0
80355892
0
1921746528
0
639845216
0
1427924783
0
1002072656
0
1268369618
0
1565489604
0
214131384
0
1871062163
0
1338730520
0
857680021
0
1117874283
0
1926130425
0
1305558097
0
1674514880
0
798394225
0
1133913119
0
907907555
0
1330964950
0
1338247498
0
1329463855
0
1879147597
0
1939149997
0
1082172707
0
1037680106
0
574844255
0
2025949579
0
1781351068
0
1097877049
0
840067519
0
1457296455
0
730525150
0
772186151
0
888961036
0
724399873
0
903870668
0
54998198
0
936745576
0
680279675
0
257561097
0
1649808574
0
23853154
0
1468000936
0
252110969
0
243820452
0
491538288
0
2061900054
0
410595939
0
1020988962
0
1367144804
0
1675181575
0
1266118855
0
244137862
0
1531280864
0
793455600
0
1882304977
0
1318144482
0
613006522
0
1321560595
0
45559244
0
1210035576
0
397788742
0
518793683
0
581823361
0
1212183536
0
2138814110
0
319979637
0
598706971
0
1507175402
0
1527365049
0
1552345952
0
499587861
0
2059603704
0
470547135
0
1450909691
0
762364952
0
1180310262
0
1168126095
0
399777791
0
1736485521
0
809388717
0
1234746521
0
1250297486
0
622361307
0
1781125859
0
1607756680
0
1927274206
0
1201732541
0
435116552
0
822071429
0
1792206052
0
1001483142
0
2097826055
0
775989939
0
394716542
0
423935811
0
1885918378
0
1919032973
0
130282918
0
1379166533
0
1860918060
0
497999512
0
1134025825
0
654673650
0
1541311969
0
1882512869
0
517218032
0
2017144415
0
1969331363
0
1534250377
0
1309936710
0
103935926
0
946903271
0
1749451427
0
1831522512
0
368263086
0
349815748
0
1690534797
0
1609683369
0
2096881524
0
2081126598
0
1428573897
0
1174313419
0
1310917203
0
1550696248
0
690300144
0
1167859114
0
207595418
0
1542747598
0
241325708
0
1512048820
0
1830522789
0
745787801
0
1741007515
0
1648614230
0
1425350016
0
677636627
0
933009948
0
172605642
0
1880101644
0
793948750
0
1580742439
0
1017975236
0
107575803
0
1992773894
0
395877846
0
614619316
0
510501942
0
808969429
0
630224046
0
786194118
0
97661235
0
714870337
0
1802232641
0
2014639999
0
679800944
0
801463768
0
1184114792
0
686352395
0
1390034728
0
1986561430
0
1209694101
0
1101069358
0
806113707
0
2026228273
0
22910185
0
651906482
0
130675980
0
1542908626
0
800239657
0
2085317685
0
1001212755
0
1848399040
0
544227778
0
703412273
0
352595576
0
1166463759
0
378184050
0
1735216877
0
962125479
0
2038547290
0
910198792
0
1185079563
0
1868873063
0
1053748819
0
58764124
0
1953638095
0
1917983682
0
1822201904
0
483110661
0
5210120
0
1667140960
0
1418972311
0
861731042
0
483907526
0
513218293
0
1365524099
0
205796404
0
1371490358
0
1696463655
0
324268366
0
1812414923
0
1349561813
0
363111477
0
1813552812
0
1146709413
0
1226856113
0
1780196344
0
1017783604
0
1181784073
0
168663808
0
54207016
0
524251584
0
2118452294
0
1696321645
0
84989943
0
349346746
0
250469124
0
566618948
0
1222168238
0
300492511
0
1643578280
0
538000599
0
1269913523
0
1744097175
0
2036922322
0
1516649027
0
1836790546
0
861280997
0
1509935799
0
676717194
0
512485046
0
1926743652
0
874646051
0
650615442
0
2054486817
0
370373206
0
1454864236
0
654409710
0
1400239683
0
1702548355
0
1658089857
0
1768423127
0
713821009
0
1346046121
0
1404418149
0
1063066066
0
2034911869
0
2086703808
0
675461899
0
889578451
0
363875543
0
1770308192
0
183853759
0
1948643127
0
1719418739
0
1730792341
0
1760876572
0
580406297
0
1017909005
0
1141915033
0
104606392
0
1478007098
0
921951237
0
1139927154
0
1054062391
0
1034001434
0
1024429714
0
1213805199
0
1476816740
0
242957154
0
1014474331
0
1397407584
0
1348100696
0
1575921822
0
1602243903
0
1615827988
0
142794354
0
1205473979
0
1040439255
0
1850704911
0
644296029
0
1070811229
0
1211363943
0
1248816441
0
1500241756
0
957693665
0
567493390
0
886529403
0
658133335
0
1706179295
0
406272674
0
1374318105
0
1977767250
0
1582282484
0
1131707787
0
350114630
0
271393630
0
57473182
0
1731612371
0
510735253
0
435260112
0
1087400702
0
857762544
0
357354697
0
1696115467
0
914723591
0
2071448711
0
1981084260
0
1496694732
0
1472403413
0
1230097910
0
430503701
0
603295964
0
1324969461
0
1503795284
0
552296645
0
1025390181
0
176504892
0
842803337
0
193549347
0
1693633471
0
2006112
0
1504469679
0
1149435175
0
1941581460
0
1145582055
0
1606703030
0
1398447832
0
1651679656
0
1406357270
0
1441618008
0
1363355002
0
257005124
0
895504951
0
1186313281
0
1129135019
0
59275794
0
1963341197
0
1789261824
0
909967027
0
1584772502
0
31767373
0
1338293555
0
2103543854
0
238273617
0
1755162911
0
1187669985
0
308939030
0
1870302411
0
1454480538
0
648048365
0
1859296618
0
1163711229
0
1361052574
0
214803374
0
280296211
0
1506780406
0
1331118218
0
1766739127
0
328120420
0
2129377091
0
625791182
0
1444976515
0
1975207329
0
1507363177
0
388332180
0
496146027
0
47274488
0
2120854073
0
1260832005
0
1582363086
0
338901954
0
798509034
0
916024335
0
310733002
0
1956818757
0
1688278741
0
199372176
0
773672712
0
103787999
0
608177829
0
1770095930
0
911333619
0
930764129
0
1081831355
0
1743027983
0
1246881554
0
1192850652
0
1481063419
0
749930756
0
504691849
0
1942984140
0
1098104698
0
371196968
0
267446641
0
292422116
0
1295919276
0
736123858
0
380391039
0
173375354
0
1931749346
0
1253482876
0
472119862
0
2113928616
0
828793144
0
947436766
0
2125967304
0
1299559542
0
1788532404
0
1535506969
0
954641984
0
817498351
0
94411751
0
1935367571
0
1935448335
0
1145365236
0
110109744
0
1631047341
0
383906232
0
1271165636
0
1313523896
0
264228912
0
2046625635
0
1391473446
0
397291092
0
744724721
0
1053691131
0
1236685555
0
1627387219
0
1145261541
0
514791526
0
2037047366
0
1470779888
0
1860800646
0
672106061
0
322584007
0
1420680621
0
1656009801
0
1168660287
0
788008147
0
521275580
0
1492876947
0
1731400328
0
1241895846
0
1149918529
0
1475377550
0
1824294588
0
1295112297
0
58129687
0
2028073671
0
973743313
0
1878471451
0
1312582410
0
1620542886
0
2076673748
0
1751451592
0
1088557315
0
969604412
0
1035439048
0
1564088095
0
281289738
0
1025119519
0
2069939599
0
239758993
0
950073579
0
1345726808
0
332691852
0
1652023423
0
741598298
0
47507298
0
1738724449
0
1931829614
0
455063505
0
1063061568
0
1959313983
0
675869183
0
1292349698
0
871768528
0
1680210262
0
2031399031
0
1028494011
0
802968174
0
698862670
0
1196829247
0
1777316527
0
2008823166
0
1700536475
0
56677402
0
1241839793
0
207835758
0
1287174684
0
1942137757
0
1905331146
0
1771910405
0
1342443886
0
991196620
0
1010942561
0
21007663
0
888473933
0
1127594340
0
2082371252
0
872637205
0
1247679072
0
1711833796
0
952190513
0
417814547
0
2085049386
0
786878756
0
866953866
0
217080967
0
2052579763
0
530771333
0
26724093
0
327748828
0
178997641
0
1936246487
0
1675004018
0
429402003
0
1414410501
0
1500801664
0
1778132833
0
696092579
0
1884550044
0
396279905
0
929573988
0
406484391
0
637678430
0
1517974480
0
491359000
0
1196090285
0
95000428
0
1091843675
0
368882110
0
16333881
0
1793114798
0
1242391635
0
892709664
0
1450564906
0
1410014398
0
629942541
0
349906877
0
1074656253
0
1410172901
0
1146418815
0
637742821
0
452710370
0
168627269
0
1587579690
0
2115019502
0
1983444970
0
370958409
0
552952822
0
1316338785
0
329428101
0
485251541
0
1627241928
0
850839351
0
2110850531
0
635026077
0
2037034196
0
1249431698
0
1103447920
0
2127899595
0
1563319674
0
251339873
0
168911862
0
2075766947
0
1543232714
0
1952219379
0
1695943987
0
180142878
0
1856891923
0
1550191657
0
799573795
0
1631593286
0
969669259
0
2125322577
0
1201051088
0
1866837863
0
1207880771
0
689203106
0
2057294271
0
310612350
0
2076504240
0
1050014283
0
1716926982
0
654021735
0
1321994799
0
900774931
0
1712037614
0
82792345
0
2069022806
0
2011088218
0
1114559793
0
2054071817
0
1985402794
0
1063851672
0
206206382
0
1819539663
0
835982761
0
1524245453
0
660903508
0
1019836672
0
1327959597
0
219403508
0
285337057
0
328933248
0
758191758
0
1908399055
0
1794649440
0
1265315965
0
1782351161
0
726570924
0
885502826
0
584322872
0
271791973
0
309973042
0
2069072919
0
705853762
0
584511906
0
1301402764
0
555309853
0
128769509
0
1713105234
0
846412509
0
723361035
0
623989578
0
1230189145
0
1963890346
0
281390832
0
576722730
0
1385224199
0
592895466
0
469974982
0
424668808
0
1320497075
0
1498331427
0
1063048867
0
1745848276
0
1402905771
0
1414332784
0
194612045
0
227045934
0
2030055666
0
2072878573
0
242971130
0
1249368963
0
49060775
0
2078208624
0
1778308760
0
1505414021
0
1988605640
0
1206993219
0
804502171
0
710946485
0
278561487
0
268561549
0
1850811696
0
291547877
0
1634969932
0
1886383759
0
1150756852
0
532686682
0
5740031
0
1983420549
0
2107998309
0
2089854804
0
2094644143
0
984686130
0
1110803128
0
1192828925
0
1115897730
0
918458859
0
425588577
0
1746669129
0
166596613
0
1818082650
0
2117769034
0
950189060
0
1139132328
0
580323691
0
1777033610
0
1548804441
0
1106954600
0
935128239
0
1414984127
0
404315611
0
694214969
0
392329832
0
1112690134
0
695484062
0
247139413
0
438740993
0
1608509200
0
1689975964
0
807311726
0
686497136
0
1675213068
0
1795421706
0
1359888745
0
2129165841
0
1370279726
0
676724454
0
634503866
0
1850168507
0
218888589
0
221028012
0
1818572021
0
1752692843
0
475426402
0
1852371574
0
738613659
0
1424287153
0
2141451009
0
1688668190
0
302390578
0
1332135644
0
1686748733
0
254331484
0
1056794058
0
1847972116
0
1958850698
0
1479372776
0
252581266
0
1705651190
0
120346527
0
1881967462
0
2087980818
0
663332499
0
1041699116
0
1550352268
0
1351479225
0
376800256
0
2100111236
0
528321360
0
1799700822
0
264547359
0
956313423
0
992086213
0
929946583
0
226237615
0
1329540115
0
1013365770
0
2093175680
0
2074032253
0
305518067
0
208752092
0
1655614693
0
970531072
0
1577428139
0
1149109958
0
770626635
0
447979388
0
111907734
0
1785094213
0
1731889301
0
870130469
0
2066640060
0
618981842
0
817032426
0
853544864
0
337767288
0
1055530395
0
2084424545
0
1022594304
0
430840387
0
1967010272
0
1178379586
0
931509268
0
720480646
0
1605415536
0
1234372644
0
1408997688
0
721966747
0
812511279
0
28554880
0
1033014879
0
1623269005
0
649915547
0
1028769787
0
1142968112
0
623835969
0
795966329
0
1130454340
0
758267371
0
1031743099
0
1723299015
0
374598016
0
1594285555
0
1003859266
0
1231152830
0
980674965
0
267146030
0
1682503980
0
1927211811
0
153059776
0
1937729773
0
834788056
0
772191341
0
976189366
0
39611282
0
26886004
0
901503358
0
1069808321
0
1535358363
0
604504589
0
163493366
0
1201417849
0
1588539049
0
1059097039
0
1899468137
0
2016565904
0
836231574
0
1411078250
0
1330233929
0
1936879433
0
1575509205
0
1109840925
0
53468633
0
999150385
0
1545884802
0
1428705808
0
1243857949
0
1914728945
0
806928320
0
685043435
0
865180478
0
476519909
0
903590900
0
1795388363
0
799492944
0
272730529
0
1051898205
0
1167749331
0
509956184
0
226349311
0
1059331140
0
1539036350
0
143406335
0
753620411
0
239697671
0
2066918372
0
1001604332
0
1987182738
0
914599422
0
2132023975
0
14813983
0
2017992876
0
1197029861
0
854068731
0
552465369
0
1713650802
0
1425839297
0
311047806
0
805278644
0
876226314
0
1440291919
0
550613649
0
656563820
0
1097144454
0
1412245236
0
1616414808
0
1415543506
0
1215863876
0
1717262727
0
2001920656
0
1654167843
0
275643239
0
613691294
0
2093105364
0
892231241
0
1999644133
0
2047351428
0
704974515
0
839393106
0
859855399
0
1172230330
0
660178732
0
1723428322
0
400377118
0
1071956175
0
1127118542
0
528085207
0
2125644645
0
171597023
0
2108111287
0
1841192403
0
1828847598
0
508140075
0
1915260053
0
1143325888
0
194526260
0
932741086
0
2096292949
0
778881161
0
1742844462
0
309927754
0
1307917503
0
526862229
0
898406222
0
555851097
0
635522829
0
1796010472
0
517860672
0
2080576660
0
775700519
0
1972885543
0
1139811521
0
1258102207
0
799804687
0
1217227836
0
1019018330
0
458987485
0
441400371
0
1207518659
0
1045637663
0
1173518640
0
837968432
0
537679598
0
169817010
0
108720207
0
1899419099
0
1192384238
0
84494262
0
608370767
0
717837602
0
133447968
0
887070708
0
1165911882
0
1840205546
0
275127528
0
536071105
0
1053162570
0
943095416
0
27858205
0
61416389
0
1433099363
0
2071892836
0
855558547
0
1969482764
0
1931363337
0
1208280554
0
965905046
0
1137220449
0
659628043
0
1057932887
0
1660918296
0
2061357166
0
2023695558
0
405242120
0
1233666203
0
273262036
0
1395001766
0
1715706863
0
1622318172
0
1849134492
0
20067660
0
122229041
0
1309125555
0
1503239370
0
1946468282
0
1674020823
0
1084712814
0
779585515
0
696020258
0
669050997
0
515730887
0
645018517
0
328765163
0
80670810
0
772122413
0
1965200117
0
819875559
0
1393440961
0
1253060992
0
1971450062
0
636002471
0
1267418978
0
620468653
0
36061139
0
489174719
0
992101517
0
1187160911
0
342866900
0
865363399
0
1403389509
0
954582762
0
1969637844
0
242825603
0
950980321
0
1552954073
0
2130342920
0
1826093656
0
1467277115
0
971753304
0
644644893
0
491717536
0
779553896
0
164599725
0
468640739
0
1622366824
0
519345009
0
1258024855
0
1647233270
0
1837875413
0
1914771490
0
1521982135
0
1276023528
0
1355736154
0
1056045608
0
6191201
0
976300151
0
1901574777
0
915642385
0
333750293
0
113888487
0
715871532
0
1449447830
0
1962670889
0
1260813503
0
1271399972
0
957041754
0
348243448
0
1034692461
0
1901102268
0
1564118210
0
787432543
0
1584517387
0
39016862
0
773887299
0
1562868061
0
1251014770
0
1940335260
0
1675535125
0
765782764
0
641418077
0
2093195846
0
265478568
0
1574757557
0
1361794871
0
1953170818
0
506910084
0
570154139
0
508581259
0
740304953
0
1932578000
0
148285125
0
1147065355
0
766722366
0
1400923362
0
308239426
0
849476218
0
675510670
0
1709272648
0
856649017
0
969659231
0
1956781981
0
1070184509
0
1415499138
0
470170900
0
1569978987
0
505263820
0
818682502
0
669084785
0
1083605803
0
1501404461
0
1171923777
0
1950393402
0
1071519606
0
232154300
0
1987017148
0
279011939
0
1396857372
0
690622200
0
138203365
0
1354133148
0
2031611177
0
299064539
0
1265972993
0
2087602522
0
747762568
0
571178132
0
538962434
0
255605192
0
989167944
0
1274723381
0
979001995
0
66826651
0
21575976
0
1850175936
0
343747792
0
638129714
0
512770080
0
274859149
0
320392546
0
1096017593
0
1800445232
0
2038427994
0
1052674567
0
1331163583
0
381705035
0
782869656
0
58003223
0
2050076870
0
1414321622
0
7012311
0
1891794039
0
1887019638
0
1100556970
0
784343179
0
1201184167
0
1956012969
0
1030301707
0
1120143788
0
1414995314
0
592335520
0
1796380795
0
299428392
0
938799423
0
839547852
0
1313187774
0
1057477399
0
447982421
0
162883365
0
1686549277
0
1197041786
0
1054492206
0
1815451198
0
840628210
0
143411857
0
846428665
0
994894927
0
891362547
0
284405957
0
1859804724
0
1113514183
0
1660373723
0
1498653343
0
31040138
0
2000556792
0
206542065
0
1018912903
0
834559543
0
1226540644
0
773076155
0
814872735
0
1062840226
0
386702636
0
1025687430
0
877401541
0
1864979285
0
35531383
0
175500215
0
1137066174
0
214211765
0
1074541983
0
1637120658
0
1526413642
0
594434032
0
558849980
0
1645625529
0
586376190
0
422169247
0
112564641
0
2088311927
0
1933314168
0
1783642466
0
954697589
0
1752051586
0
435238238
0
719764384
0
304618337
0
119375511
0
594487079
0
1450410909
0
969270466
0
1865259567
0
451263663
0
1623626484
0
215614159
0
1022257824
0
1218071968
0
173959325
0
1009131708
0
1798255997
0
1751177348
0
774305701
0
5015887
0
550150576
0
1463630497
