1000
20697
18767
25620
24296
19539
25472
28433
30650
25397
12251
26988
11611
13578
9469
24792
11907
2539
9540
3731
12973
24052
27765
4166
22866
16735
20755
10329
30060
11736
15797
12462
30501
8555
19874
24573
22715
20149
26778
2525
29695
7891
470
19575
15631
6867
26915
28628
21578
16739
26495
24386
1972
14679
431
30340
2886
26564
4453
28874
26512
17256
27749
24192
18086
11313
7661
5308
18751
24230
3793
9843
17230
21504
26824
19212
31268
26184
4273
17335
15296
8980
31420
24279
25669
32549
23483
21662
18466
9415
32712
11324
9834
22283
10641
31474
12933
6332
12203
27678
20131
8725
542
21694
11199
25781
7263
8202
29499
22853
28025
7004
3450
14146
13996
25546
3576
5382
12796
3760
13705
6703
32578
1316
27434
5205
16910
18145
24974
16602
10215
5719
864
25158
21261
27702
23618
29944
24736
17811
6386
16288
13415
25823
6794
23119
488
30595
14943
6545
31041
9696
32236
9953
28137
25157
14826
14115
27119
30257
3020
20925
26162
3358
6006
13390
24796
962
8630
15888
1643
16128
4526
4611
22993
5412
23530
31248
14402
27809
21436
24688
19696
5175
31410
17343
10595
3199
17978
3187
7629
24900
16902
12999
625
14028
8160
32634
14614
16461
6126
2857
10075
18574
1157
5221
27462
24954
10650
13438
7571
8686
825
21824
18853
25465
12069
14554
31697
4601
19947
4370
11637
16650
31282
4221
26004
21256
18961
5509
14194
32764
3376
19917
28534
15195
26590
7684
7597
13507
25512
8733
32750
26899
31374
11230
28245
6807
15401
3219
31055
21128
29967
21510
21737
30852
12345
31097
11988
26675
7992
700
20200
29974
3883
14950
22
30533
26169
23383
12335
15804
7236
16270
4153
3474
20474
8203
3728
30040
421
23943
15163
13741
24812
17375
20833
21356
30922
8977
10548
9738
12261
23977
3974
5166
23318
30904
11864
32095
183
18076
20085
28111
11767
3303
25140
22677
13003
17821
21302
9226
32346
22594
31287
27105
17161
239
14083
6193
13120
2940
24870
3341
7280
22725
23188
9749
1268
31725
11171
26944
6154
8271
29195
18824
1459
5362
9669
11957
32066
12838
24519
10836
28105
8775
25528
24728
7483
28256
5525
25539
19013
25413
31153
25239
21983
16628
18900
30779
2878
4328
14068
23317
15977
30868
15089
11709
25200
21482
17429
22299
9663
3206
6116
23857
17824
10200
14423
23854
3190
28393
11548
27446
13146
14762
20498
15838
8307
26726
3328
18386
20281
16604
8288
25473
12019
18808
23070
21568
8496
16575
8565
25444
25271
32458
15432
12960
14749
30182
25187
23261
20931
19018
12881
29343
23785
21828
1402
22793
1909
2335
16197
13208
11957
26628
4358
4503
21451
17315
7807
6488
14035
24512
22920
232
18194
31459
22084
9724
15652
31070
8763
8124
18012
9757
3824
5886
26401
16996
13674
11304
189
16473
29787
5856
8883
32084
20081
18687
17082
14520
20542
16135
23641
20898
29087
11096
30379
31122
4796
26586
8804
14374
23323
18998
8488
20056
3512
1279
32512
25090
25310
31006
12833
2964
3206
9512
22380
828
7044
28727
13254
3578
2358
9002
31968
3906
2672
3265
10544
8059
20817
4353
16652
6305
22887
645
23213
6045
11288
16127
25428
4926
11621
11169
21088
4915
25533
4455
31721
12534
23820
26254
27981
31026
24916
30443
26507
30066
11714
3384
9003
26110
8119
32518
26192
1811
13579
32106
23878
13132
19113
6159
28186
2334
26262
668
13230
26532
29926
25410
983
963
17168
16691
29717
13557
16129
16743
28311
8207
5726
26700
19896
24219
10536
22726
12857
13338
6315
26528
20111
11225
2433
14667
27991
30187
8447
12538
20390
1452
9293
10879
30695
27436
16697
7482
6865
26623
6746
26896
15194
8233
16271
16111
10435
7674
23921
14803
10707
18421
5107
533
11305
10112
11712
1868
21153
22915
19820
139
7881
29351
12607
7858
10123
30327
13290
19191
2870
1722
27233
13598
8904
29112
3565
5340
26867
22507
3969
22564
14198
2861
11001
20871
6534
335
23914
25767
10278
20722
10781
13323
21514
18814
29245
13637
12411
15954
22918
6126
27589
27327
6072
4939
31571
6223
23350
14970
518
16336
32586
4980
945
10729
21749
8919
10503
24906
18934
7895
1486
23125
3374
19267
5952
17504
3696
11003
21635
926
30058
4976
5511
21797
26543
8142
25239
20384
7792
20381
26119
24620
23022
1937
10198
12950
6459
30852
9072
28480
2095
4757
15404
240
3013
6771
29487
3324
19550
19065
17236
13127
30757
28159
32733
7510
27065
28339
13643
19551
27096
29324
22691
15887
17397
4712
17217
27272
12792
6350
23960
12761
7755
12690
24342
4977
17336
19973
8527
22568
19727
12853
12156
23473
26076
18723
7090
10132
15119
14617
6757
11733
20730
26776
19423
3508
29930
23709
20545
25314
31550
24035
29943
15641
13905
29377
377
9390
5950
23690
2933
2902
3783
5615
18962
30485
5290
29931
31348
28659
24375
7635
26344
8849
27602
14632
25489
21086
1522
18234
16997
30261
19783
27027
12098
29237
3793
8454
32297
17768
10186
19208
27929
31404
23600
25572
7713
27633
9188
13161
16588
12833
10836
1470
28261
10641
29946
27003
1715
6343
4924
8994
704
636
3060
12326
8680
1911
6218
31267
7422
14130
5795
8100
13915
8124
26728
134
20656
25569
16337
16499
12115
19627
30539
27684
12375
3354
3974
526
21852
670
17910
2919
5179
10695
7693
21912
847
465
14660
6720
27822
6850
8350
16535
22811
5464
16757
27393
1909
2095
3665
21144
4951
2523
24552
314
28820
11416
16263
15500
7070
9915
8875
28181
22821
13826
14846
21393
25547
11349
2445
25815
26222
19438
28098
30033
14081
10200
22954
15206
2097
10545
12692
24048
12694
18487
3270
32020
27316
23614
32595
20871
2415
16821
23210
28352
2354
4845
25967
27500
5121
13312
27824
19308
2467
8480
3459
6614
5992
6589
17365
21770
4546
20321
24500
21192
18859
734
1256
6994
2594
6765
29857
12178
10664
15728
3367
26189
28505
24685
1395
8157
24154
25447
6119
14453
8912
22707
28302
24752
14618
29426
29619
28714
3698
20258
14491
16920
10746
12825
26884
12976
19089
24822
17963
8929
26362
19779
25661
31944
12329
19568
24117
28958
31659
6334
27967
19066
12712
1699
643
12266
8294
28221
32462
8936
12040
5000
0
946708403
0
621788598
0
745540284
0
1875956590
0
1994986523
0
1076311450
0
1311781469
0
1044029381
0
2060410477
0
1145079064
0
1742867881
0
703530887
0
198657427
0
1645788151
0
1172080497
0
289419148
0
217159981
0
1233084414
0
1232552548
0
883415274
0
2006058407
0
330388549
0
1595115548
0
2068649735
0
35851215
0
1255949345
0
1123875052
0
1849323599
0
1050905362
0
1660906206
0
1858160536
0
1396933878
0
1976458542
0
1061663598
0
2085952310
0
929936895
0
63411399
0
603494081
0
359754586
0
1228860597
0
1109820580
0
1859013865
0
706448852
0
1996254948
0
919893955
0
922926932
0
358563843
0
543395819
0
1753062889
0
252338583
0
1921845303
0
152472994
0
665619287
0
821039386
0
1626528527
0
1745610626
0
1703689515
0
1510213154
0
1043255385
0
1936761587
0
1742355130
0
675659418
0
2061796637
0
819950067
0
498213270
0
431689237
0
1201246693
0
859403804
0
24724106
0
1073705671
0
466126756
0
172043836
0
1027762790
0
1398238709
0
284433042
0
167538672
0
471399087
0
737281426
0
508283592
0
32382978
0
947348555
0
643405027
0
1128126144
0
282982845
0
1563881457
0
1103292166
0
1657625764
0
410863017
0
1214801614
0
1043694469
0
726511787
0
2039070914
0
1120812772
0
1921191167
0
2043311124
0
1519061891
0
1587606501
0
418148332
0
1252522940
0
1518344686
0
270960301
0
1364447267
0
1434833803
0
1157854858
0
1717272939
0
26070093
0
73389063
0
794368463
0
44924242
0
1274975197
0
916306213
0
753289254
0
1116392913
0
651064952
0
1019466799
0
1553955027
0
1773507622
0
269582594
0
1831645835
0
293469100
0
1712710188
0
649325328
0
1846377289
0
924397073
0
1444903513
0
748262715
0
387214173
0
1033155201
0
1834177212
0
2036133046
0
1136189177
0
506908715
0
547145356
0
347021838
0
1977929661
0
16956867
0
1526222265
0
1672928087
0
2046451685
0
615379443
0
401054549
0
1720120757
0
644706985
0
1535297780
0
1733769755
0
262666142
0
1550954009
0
727521977
0
1837465068
0
1460554016
0
1793261702
0
1563923516
0
1810177779
0
257104604
0
419981664
0
2000562806
0
307619363
0
1165495612
0
1286406597
0
1917801430
0
906576187
0
429499444
0
904617741
0
1873635874
0
1645418357
0
1399403680
0
536747816
0
1689226112
0
1089451044
0
958122186
0
1327194896
0
251975683
0
117552297
0
16500439
0
297487810
0
535692454
0
1131626154
0
1125592446
0
648793499
0
1497861874
0
1761206184
0
1825227887
0
1948683061
0
243105830
0
1365788216
0
349843529
0
9966417
0
1846053
0
961841713
0
1564259422
0
1013298980
0
970636150
0
1195990438
0
564355546
0
1835876470
0
530791194
0
360527920
0
1341383253
0
345006965
0
326213855
0
150510194
0
2036578039
0
25251940
0
1355077121
0
717096212
0
557808120
0
1314953685
0
672372518
0
505959512
0
1773759711
0
211475123
0
176956476
0
1990124684
0
967761963
0
134169763
0
133377391
0
1848366716
0
958310
0
1073930641
0
2099713899
0
292729342
0
17015717
0
367830568
0
1670420310
0
700432939
0
1818536566
0
1156800658
0
1179202715
0
1880936489
0
1940286783
0
860782186
0
1716353910
0
1759818866
0
2130894378
0
357030027
0
534354071
0
112259543
0
1255497135
0
2113516170
0
339264163
0
443704756
0
1282611708
0
414127770
0
250930463
0
1877892580
0
173432101
0
738012528
0
2058496671
0
1191996327
0
7325026
0
705144103
0
1542174975
0
1354669182
0
303316380
0
1859704329
0
1573659065
0
79309003
0
1506552281
0
1791988637
0
1642356531
0
1478901626
0
923897804
0
1643624018
0
1306719165
0
1861231933
0
1478295729
0
1478005160
0
889379271
0
1311224577
0
274280125
0
1326154413
0
2091930725
0
477426391
0
1106448345
0
1016435042
0
2138822656
0
463612259
0
860565697
0
225306934
0
719970077
0
1614216941
0
983214836
0
5084987
0
1711514276
0
2024468814
0
516453830
0
2058103283
0
1022775152
0
1322869076
0
562362941
0
558418940
0
843587190
0
482864836
0
168596639
0
1072781280
0
2109756395
0
1573235148
0
1544470572
0
1282062315
0
1917897854
0
379690708
0
1287814119
0
1951703567
0
1616626291
0
674970993
0
1228855897
0
1030827680
0
1370237411
0
2113019896
0
588321633
0
906975043
0
690621295
0
122993030
0
1264586796
0
264626013
0
130767554
0
934509197
0
1748163468
0
1659632069
0
1918576447
0
1047385024
0
476643909
0
840175253
0
1120498146
0
928239279
0
1596350345
0
1347046444
0
1036977634
0
1653299233
0
709300498
0
531745389
0
1365297756
0
696616897
0
2106828082
0
1749202438
0
1941731683
0
1522896369
0
1609168837
0
2039076788
0
1219537090
0
1175944662
0
809930893
0
1757163965
0
459646211
0
775190018
0
1982829824
0
769617822
0
672728473
0
46044256
0
771697672
0
1269029071
0
1911497940
0
190518460
0
145639543
0
1779925268
0
756776566
0
1745587228
0
1310439329
0
2109002518
0
1787726291
0
872067660
0
265270845
0
231040743
0
451333825
0
655355571
0
117456334
0
551133945
0
811244104
0
205981125
0
181128911
0
1249279378
0
690889327
0
332839560
0
1987068132
0
1135900027
0
2089615606
0
221927004
0
1895545036
0
505516807
0
775667717
0
1421582329
0
1778630628
0
472598556
0
1569404086
0
1580320948
0
376426940
0
120756518
0
182751611
0
604710867
0
1482924065
0
1957037020
0
1061657688
0
1986622940
0
96009024
0
863447471
0
1414642318
0
1101982689
0
1124082295
0
1037489406
0
1664716649
0
1475766627
0
1921060786
0
1999481304
0
1458168072
0
347406540
0
2001165234
0
1842692171
0
1265644610
0
863436735
0
1234202366
0
694618989
0
740243031
0
891854946
0
2117705009
0
2021604532
0
1768590137
0
1373274432
0
1616624315
0
641760361
0
1403512093
0
867368403
0
741753385
0
506570860
0
1311267312
0
992527270
0
1900340641
0
1648355103
0
1365169821
0
693896999
0
1490658983
0
961301379
0
1072800472
0
284832692
0
442005281
0
636822794
0
22202110
0
1636191839
0
948138238
0
1030705326
0
1461317380
0
1738218568
0
2019422235
0
1597946457
0
255613417
0
1127405519
0
1056340352
0
664986315
0
920097217
0
44184072
0
1719839889
0
219125803
0
2060400063
0
970050966
0
2098221185
0
974488908
0
1524784734
0
1134664687
0
654609049
0
455562962
0
867500779
0
819113170
0
1464870920
0
1333023232
0
1572054720
0
1032369999
0
1522189080
0
459180849
0
1543785472
0
505004850
0
761141006
0
2084286310
0
846762306
0
159948273
0
1748581914
0
102519403
0
761721327
0
1100323122
0
1149027137
0
1526137735
0
252232377
0
136841061
0
2080209937
0
1054637999
0
2118310502
0
1460707148
0
71983932
0
800651863
0
423329339
0
282878062
0
1950277223
0
1266382800
0
385294183
0
976137976
0
1323383199
0
613293614
0
1851748545
0
1004783491
0
1732216876
0
2080716200
0
973465652
0
1506790318
0
1497709202
0
1342731527
0
1530611613
0
282772278
0
172365535
0
2139590589
0
485360308
0
1307805250
0
787709705
0
1947811827
0
632661521
0
950647150
0
248316370
0
892504469
0
149336188
0
1632412020
0
1845229715
0
964473678
0
702538590
0
700990924
0
459172226
0
1398858711
0
2114872068
0
1653005379
0
65463614
0
735333234
0
2124759000
0
318947037
0
423667947
0
1678895424
0
1407753235
0
1281281646
0
1682095853
0
1510272263
0
2036700348
0
2080899303
0
1903394126
0
1428669970
0
641528683
0
1804667241
0
2130772906
0
462933770
0
194619309
0
349131982
0
935897870
0
1465270462
0
1605674685
0
1294922593
0
1164741853
0
1502880966
0
217739548
0
236448748
0
1149360686
0
689644837
0
891532600
0
995003081
0
561623178
0
1010124081
0
1297199832
0
783592080
0
1462365156
0
20836977
0
167237978
0
1860085970
0
1545448411
0
536733212
0
1443776684
0
1137000535
0
1258500739
0
1055481070
0
1255419270
0
804839115
0
2078996999
0
2143625503
0
1728166849
0
583905468
0
1846417533
0
1600777981
0
600397051
0
1995062551
0
206630399
0
356058794
0
1390710216
0
454586364
0
1633687369
0
1805183888
0
76640800
0
1759221047
0
673285033
0
810213588
0
65967889
0
620748571
0
445675671
0
48041761
0
2131509502
0
2105484507
0
642573883
0
43990818
0
619303558
0
1929145944
0
447778402
0
1028903326
0
1239874438
0
1535852625
0
321631435
0
443188546
0
1196604826
0
152956427
0
200743130
0
192976473
0
655274741
0
906430171
0
122892179
0
1717067686
0
871350216
0
1092091419
0
237748224
0
1514817348
0
1116532651
0
852157871
0
648896054
0
1074020112
0
1455969349
0
2048174725
0
1657225312
0
122917194
0
2137494791
0
1768505321
0
2095255567
0
523471063
0
1885137729
0
1683567112
0
467918512
0
221315870
0
214150486
0
44625830
0
554532007
0
2087897316
0
1407398032
0
1753835766
0
357180440
0
914861715
0
97931485
0
961994793
0
1989591335
0
593699908
0
1105329794
0
1544301208
0
583045214
0
273030437
0
1797484667
0
1672335920
0
683835504
0
2038320631
0
1395708273
0
705068130
0
265296764
0
666661376
0
1155560033
0
1802854810
0
1734016147
0
108809192
0
1247506347
0
956328368
0
1243266828
0
569692886
0
1346236676
0
312108740
0
1456527206
0
686659089
0
102189845
0
1665290962
0
390826983
0
1624110755
0
1912305915
0
885252403
0
670430805
0
83843826
0
413911150
0
905165417
0
341008171
0
1837959801
0
1185596959
0
1974813047
0
1323116544
0
426590323
0
1403144975
0
1139667118
0
978604633
0
1978298105
0
1914427881
0
41912966
0
56583346
0
1808524248
0
383496498
0
827217239
0
231005195
0
2001362236
0
858737491
0
1710903397
0
347360049
0
1219790997
0
1148392317
0
1594136230
0
641637638
0
1488390279
0
1485898897
0
415430916
0
678068815
0
1754342723
0
287672151
0
920152460
0
972653173
0
736357647
0
14715468
0
362251271
0
240972452
0
2017326169
0
729103547
0
501624647
0
1932127654
0
1169254491
0
37376540
0
1122282856
0
859089191
0
1179474356
0
3955835
0
2061209435
0
1688264288
0
2103944252
0
525311862
0
611191817
0
886584718
0
1587812540
0
1733562158
0
1068550657
0
1872635985
0
2020153110
0
996860700
0
1717854653
0
1213002703
0
874168350
0
1211829323
0
480523513
0
1620170271
0
109100737
0
1852535868
0
1352419270
0
1143751042
0
897638597
0
539279604
0
1291314088
0
646140434
0
2004955006
0
1112880765
0
1751935632
0
633883007
0
5325882
0
1465269247
0
1585254180
0
1684878578
0
1034891104
0
944727875
0
1694792854
0
160403370
0
807462605
0
1074836842
0
150364930
0
1742609638
0
658208080
0
814934863
0
2107025522
0
772609224
0
1557098006
0
910464500
0
1355866625
0
1101388058
0
1867537313
0
78635039
0
916657568
0
216061798
0
2103275556
0
23956425
0
1056192986
0
335689600
0
495566531
0
1045103451
0
784952144
0
698640687
0
1760928260
0
1449126513
0
857263364
0
557571025
0
1625065314
0
775709852
0
2129745274
0
371391922
0
1396554872
0
2048955641
0
1897178642
0
44245438
0
603734604
0
107257353
0
935552038
0
2095322979
0
1656464547
0
221641721
0
1395760949
0
1590393662
0
17323025
0
1237788830
0
842777321
0
1903782082
0
1506595521
0
371239670
0
985139155
0
134859715
0
991982420
0
1332981279
0
866950649
0
163012848
0
1715286411
0
998232349
0
1148839279
0
516291976
0
1485306752
0
1200668136
0
1873014540
0
1940076054
0
1614027177
0
2088818582
0
1858730165
0
233270246
0
1415368747
0
426173010
0
831816325
0
218432305
0
1142197412
0
555582951
0
423760301
0
1083605455
0
1495555625
0
1654784887
0
2056367159
0
1908510142
0
1514205002
0
1562251664
0
1628648626
0
870892520
0
1989529335
0
1699149555
0
369033079
0
406186217
0
2068718953
0
1199198141
0
789128692
0
26922572
0
1516101734
0
1228371683
0
1482577570
0
428462849
0
662434752
0
985650816
0
144411554
0
468466968
0
849281274
0
1694054156
0
630007966
0
1449504852
0
773555996
0
289625834
0
1543447936
0
1274488239
0
1321937695
0
2088511650
0
995091335
0
2044908156
0
443091304
0
1709742179
0
158121946
0
1118275083
0
72441437
0
2047487457
0
843730271
0
740143556
0
1367462268
0
568348082
0
218952318
0
1292121315
0
1328302741
0
1691657422
0
1150288921
0
1258104953
0
845956709
0
1652665023
0
787551263
0
1432360780
0
395946590
0
1769999724
0
1441883024
0
1522511620
0
1585143335
0
1969390310
0
377488959
0
790240675
0
1536151677
0
1052831105
0
1814614102
0
1803941267
0
666746123
0
432419215
0
585085057
0
196933386
0
587118475
0
12851360
0
1244442820
0
1007237607
0
28871548
0
2060286661
0
1211587199
0
706112739
0
642171051
0
1863527982
0
1413285626
0
1922380362
0
555275019
0
1690798118
0
1740352122
0
1370842314
0
1542206382
0
1882526631
0
748515966
0
348636436
0
1197190836
0
1412091909
0
1186931566
0
783232779
0
1866044190
0
753520542
0
708683035
0
891462983
0
1972433809
0
2137452771
0
1062275181
0
1627409556
0
1520679500
0
857473553
0
1942733901
0
1187305119
0
619087109
0
438771248
0
2117004985
0
993719399
0
461616274
0
1673784154
0
1401984225
0
958294691
0
2079002784
0
93370351
0
1612426947
0
963556736
0
323879925
0
1726337977
0
2058308469
0
176368960
0
705677860
0
1923094286
0
1816777452
0
1656142718
0
1255112659
0
2094078979
0
75909370
0
203495272
0
1351070480
0
2096957629
0
1212739686
0
748608925
0
1910998349
0
383827111
0
2088862636
0
451662096
0
1877638974
0
206043353
0
1226994907
0
1965423455
0
278550031
0
76020557
0
2072215181
0
1978243668
0
999505222
0
1067179320
0
299411496
0
654828351
0
1993888029
0
1941275615
0
300212434
0
1231291435
0
1162725553
0
1974665218
0
986038188
0
212521817
0
588873358
0
1589882530
0
16662089
0
866855713
0
714907143
0
273347436
0
682835919
0
270681065
0
966295109
0
1250558349
0
711718454
0
368142588
0
472089509
0
1603785745
0
1759762718
0
1187214942
0
1250965917
0
1119262889
0
1642111350
0
1653111853
0
1854972132
0
1496519025
0
666779511
0
993571331
0
120521045
0
520124194
0
1468885268
0
82693364
0
405449139
0
418067242
0
2037126957
0
660982178
0
194559715
0
1495019271
0
1230217797
0
297960863
0
2043843284
0
1873140423
0
1908307988
0
264086371
0
1798422695
0
257903340
0
959435734
0
1929159662
0
678336828
0
1963869920
0
2085574697
0
1025846145
0
1397440899
0
1908025901
0
1965501103
0
1583579967
0
1463668098
0
444546701
0
400795794
0
1666192766
0
515061282
0
128385517
0
1701802631
0
2009608471
0
2014255728
0
663809188
0
463476551
0
727204988
0
804798239
0
1391994067
0
557433651
0
1463704143
0
1050355016
0
1001175572
0
1223464359
0
609561688
0
1406294026
0
378676100
0
1415166639
0
1324311148
0
1176946928
0
475146379
0
1440992307
0
1584616530
0
1705313263
0
883258379
0
1516607789
0
1143703480
0
98264063
0
109182298
0
1075847948
0
2111637943
0
984157679
0
819061759
0
600806243
0
282417907
0
658903079
0
1758364821
0
1315080180
0
650890336
0
232179334
0
260279939
0
100745834
0
1018118202
0
362921718
0
771756946
0
117763542
0
1419411507
0
1800847273
0
205596493
0
159069828
0
2016942328
0
720338801
0
1368910268
0
1282563965
0
1759194816
0
232420616
0
20539219
0
1605270213
0
939412630
0
408299666
0
1082234297
0
2072823236
0
1460405818
0
1449981563
0
195703185
0
1385966738
0
187846557
0
336122409
0
1327336453
0
483640535
0
320867850
0
494517333
0
591101841
0
389290665
0
1573017893
0
40549434
0
762021139
0
1844296112
0
305793586
0
544432631
0
1998892997
0
160426911
0
1203116192
0
67818792
0
1664104234
0
1920325957
0
386628536
0
1927772377
0
984557950
0
1103965515
0
89700525
0
63203481
0
1403983549
0
201194807
0
1341860871
0
1929881750
0
2077051609
0
1659710478
0
1088912863
0
502848707
0
1030067604
0
1480541961
0
575720738
0
1724613831
0
997874058
0
1569493383
0
933651980
0
225819231
0
740211168
0
356333505
0
1712810699
0
191130058
0
1834832541
0
165345667
0
120786051
0
679112742
0
2119754636
0
2109947169
0
484606472
0
1522985480
0
959373767
0
887680293
0
673788742
0
686116163
0
1714650798
0
1052902893
0
873671371
0
1449037858
0
1514722426
0
1668662244
0
1217388735
0
1575764176
0
1100171228
0
743628326
0
1953933189
0
435177599
0
1848088358
0
1765046345
0
1942304404
0
411199981
0
435704621
0
2115812524
0
279380195
0
1143685023
0
1935540911
0
553806421
0
630391649
0
1455614092
0
372337620
0
111031982
0
2098715878
0
698859571
0
1144744354
0
412364205
0
675464566
0
934402720
0
2106088176
0
51020531
0
656089364
0
1712897050
0
1642431315
0
588312667
0
756283481
0
2048242221
0
644146937
0
712505632
0
713341352
0
1874385510
0
1359648727
0
242666962
0
432184681
0
938239413
0
17394370
0
289400598
0
2052873778
0
1177314144
0
204494750
0
969428050
0
218806561
0
989867063
0
139914532
0
48945859
0
146815412
0
67919081
0
1202177810
0
1476301694
0
176513620
0
989494833
0
326295863
0
1528818650
0
213214195
0
1488252169
0
1312167774
0
1094206575
0
1427436764
0
1389871911
0
1397579758
0
2094345467
0
259805892
0
723372493
0
816564184
0
1573736158
0
1375011054
0
739259211
0
1536661382
0
1029508452
0
672808885
0
1397528740
0
1236885941
0
700307427
0
1856540029
0
2078360140
0
29870878
0
1676156795
0
476772219
0
849197776
0
290703270
0
324561965
0
304482375
0
2129229471
0
292225489
0
138692934
0
992384743
0
1652372999
0
174471189
0
1022095368
0
635157623
0
2100444171
0
1828992611
0
797889919
0
1247976765
0
272709106
0
691841844
0
1309407250
0
1942719941
0
952679399
0
44586961
0
2048744371
0
493847399
0
68939338
0
1169768033
0
78542346
0
1506249964
0
1005914112
0
1407211200
0
761233989
0
1499567944
0
370353616
0
1125615106
0
1029640119
0
738252507
0
1796856430
0
1850974896
0
886966630
0
1564156583
0
1432367554
0
509797208
0
1849406973
0
304688533
0
1299159683
0
1510553132
0
314814690
0
1838272269
0
2142279341
0
578058585
0
214619067
0
1477615756
0
787117184
0
579245968
0
843612325
0
905308781
0
603043272
0
1372942311
0
329633962
0
1797673721
0
554799204
0
136226354
0
338763976
0
626996435
0
226827216
0
501545887
0
608408334
0
1349226171
0
1164427324
0
511559357
0
1401074158
0
695184151
0
1648986177
0
1234212304
0
861646955
0
1218140964
0
1333575097
0
109831540
0
1250240007
0
1803795401
0
362659908
0
666483570
0
314658238
0
1356267152
0
1390594406
0
655651341
0
793495430
0
404244140
0
1640485519
0
97574000
0
1396195339
0
301251804
0
1520113849
0
2087995431
0
908933190
0
1388943219
0
821438843
0
1897751385
0
1080402451
0
1349758572
0
1522556343
0
189319149
0
1463656036
0
241820667
0
1240890145
0
1426970998
0
4193690
0
1763871126
0
1517751494
0
1038600592
0
1013066928
0
1365505480
0
2040350518
0
1152280730
0
374700464
0
1168645444
0
538541846
0
1776717264
0
526944513
0
133869763
0
1533728332
0
1125860983
0
867127564
0
988939606
0
1732013909
0
816933478
0
1338009475
0
1623978588
0
1838458793
0
982220915
0
480123916
0
1346594433
0
2029963345
0
521239526
0
886917369
0
736226956
0
2113159125
0
780859789
0
637906906
0
1063003318
0
980306233
0
512318247
0
1270836506
0
76803280
0
195055113
0
1231238869
0
279248791
0
1082661642
0
665276063
0
1494924559
0
1785876860
0
2000935548
0
129843216
0
431545960
0
940673801
0
129964193
0
317322752
0
1041597363
0
1987673244
0
568599176
0
144121882
0
2042400605
0
1248354587
0
180312519
0
413080916
0
1983808108
0
31767834
0
1346041582
0
1328131176
0
955648114
0
547656085
0
340909553
0
180487075
0
1199359961
0
1361353785
0
982289357
0
1630428610
0
722312550
0
181971359
0
375917385
0
146600221
0
746171238
0
1742982233
0
477961304
0
1506796548
0
1602416812
0
226942257
0
287556327
0
1120982139
0
472775042
0
240636994
0
674250857
0
2010432027
0
823375891
0
93978769
0
1100690038
0
873333408
0
63861011
0
1717672024
0
291040747
0
1701570610
0
257515171
0
877930292
0
14279107
0
1618266532
0
325214069
0
526976068
0
664214648
0
835591830
0
1396319077
0
233432723
0
1998636039
0
136701099
0
1875352250
0
427778731
0
2049365408
0
194198023
0
1858512768
0
874446161
0
1586031506
0
1864494778
0
482356822
0
220339929
0
991379275
0
1933341499
0
95510936
0
1082017043
0
568918905
0
1222839891
0
851546247
0
1106749721
0
1786694180
0
705247259
0
1128434220
0
1165848883
0
781381353
0
813898466
0
1868170319
0
2127632293
0
1365742254
0
1724843842
0
568701641
0
1866251137
0
2084195124
0
1461682851
0
1438238724
0
402303636
0
1238689496
0
947885254
0
1073770532
0
1556245583
0
1616176668
0
1708091820
0
337825644
0
2036319687
0
2125580817
0
1246323474
0
403134680
0
173660475
0
281327052
0
1652255917
0
354157662
0
1650639397
0
1102593433
0
651438468
0
854699270
0
412516107
0
1080997833
0
618925611
0
2019441656
0
1924355204
0
1534189808
0
291953527
0
2010278541
0
391220336
0
1792743685
0
1447546385
0
69855832
0
1540897162
0
1353302561
0
956837350
0
1207792714
0
1356712754
0
289892632
0
1732554628
0
1314863123
0
1297780631
0
1955146285
0
1496329248
0
1772164766
0
1322521919
0
1170146183
0
2139142102
0
1537573887
0
1333594458
0
435231867
0
612686987
0
246103144
0
202037086
0
465658495
0
891915797
0
992944119
0
316387196
0
350093200
0
2058703267
0
369288005
0
395760205
0
784910676
0
1688011
0
453113466
0
501010800
0
205135713
0
1004674956
0
2055552778
0
1106110557
0
1781683067
0
235333301
0
1729395780
0
1911195962
0
1557625155
0
1180323155
0
1384818746
0
220897836
0
1778187636
0
1617166600
0
1166009768
0
1337891901
0
1795396017
0
928133722
0
1969737493
0
1917626346
0
111423046
0
81393938
0
40832827
0
1230039996
0
1604626750
0
862148224
0
1053034459
0
937417486
0
1235652810
0
1449911180
0
1160259751
0
1334120297
0
683073352
0
2113733849
0
1850311469
0
474167276
0
17593715
0
1492308366
0
765194049
0
1484303307
0
1515637197
0
2010832912
0
1118599145
0
1223984177
0
756208226
0
783431436
0
909905095
0
543881378
0
1323918414
0
1018717531
0
1845909633
0
1654437269
0
508918727
0
2117162335
0
1490817202
0
1473004465
0
594560639
0
539250182
0
796818534
0
421078246
0
1103463657
0
244907707
0
1585163897
0
167492197
0
1837777409
0
267618262
0
1029372616
0
537296880
0
179926525
0
368130699
0
272271086
0
1919974292
0
918645822
0
1420392071
0
1101317245
0
677383222
0
968999407
0
1604538248
0
1522178757
0
285682188
0
1834582671
0
260747871
0
1522828017
0
460376773
0
168843670
0
929664003
0
1919366496
0
1440836685
0
1116561223
0
1332367475
0
1288165056
0
1407450785
0
492971790
0
384964404
0
1875993264
0
463882794
0
1112480148
0
1461216654
0
45316686
0
1428330564
0
1379582982
0
270241815
0
26271300
0
1307591465
0
1489592504
0
216858002
0
452690655
0
1984760911
0
1013142326
0
485236019
0
1366363674
0
1431631547
0
1024629441
0
275649594
0
720499779
0
1926983867
0
616972262
0
1401759718
0
1479972836
0
1747855098
0
771824773
0
1257731931
0
1019026896
0
602956247
0
2057796783
0
166396946
0
609763028
0
495248112
0
2135886259
0
503711761
0
503030653
0
1940550379
0
996072864
0
1361596883
0
773070149
0
713929893
0
1028575862
0
31154284
0
1771524967
0
1306838361
0
1717075458
0
1001974220
0
1761439413
0
1450140396
0
717725769
0
401354384
0
316996661
0
2003436867
0
1367322356
0
364330745
0
830953618
0
751301285
0
2064336282
0
554090642
0
1112326702
0
1029733379
0
158189680
0
109196774
0
1319146080
0
266994932
0
1290483541
0
1719522534
0
1327791259
0
1685114036
0
697266416
0
138392033
0
230108930
0
1970221910
0
1469288277
0
413614686
0
217462263
0
2018570694
0
170998752
0
642905178
0
1317098589
0
214552047
0
351210616
0
1511761156
0
1290721235
0
1419478298
0
775919963
0
1366113557
0
1522882422
0
1374761608
0
841787583
0
301641045
0
1619636395
0
1873665040
0
2135611319
0
177762475
0
504164348
0
1667209421
0
422112691
0
1309511596
0
1548979516
0
1901956478
0
888440151
0
559820266
0
773353155
0
1175444441
0
992651134
0
1834639242
0
1211536668
0
2004321869
0
1209165441
0
805815326
0
1306306100
0
1361299419
0
68559995
0
1236601173
0
209178945
0
239798476
0
1613664360
0
285920557
0
1545883160
0
1401108714
0
1275966843
0
403031359
0
584628075
0
1106371500
0
1872384774
0
2093017127
0
1556715629
0
926305202
0
1302572911
0
894617659
0
1305982166
0
211907975
0
1009449099
0
690195593
0
1558154104
0
1480434410
0
915594728
0
1680262741
0
765929937
0
967471041
0
1687094650
0
1773191209
0
1394080244
0
1260072138
0
1696180299
0
2004355015
0
1766250263
0
701717760
0
1937686643
0
109902146
0
289431402
0
423112959
0
941146696
0
1635459517
0
1524904266
0
996155364
0
600690736
0
488575405
0
1656849354
0
246642029
0
669142693
0
2056865559
0
1695184354
0
297892929
0
902076546
0
2113444449
0
1281332963
0
397097025
0
1778007946
0
744600417
0
1111997450
0
1938445956
0
2134257502
0
1046480273
0
302879381
0
957513077
0
1827318168
0
572813829
0
112834502
0
181414813
0
1759466998
0
512016196
0
489232643
0
1965630185
0
1605577494
0
1808917103
0
543759542
0
1423704409
0
937207189
0
1996158425
0
1445115541
0
16850017
0
1877877962
0
2075231022
0
1125875827
0
1116610672
0
15973171
0
25629122
0
1251924054
0
42802272
0
2118247406
0
400252676
0
1127943128
0
1502000227
0
447544704
0
1396108334
0
986442416
0
563930872
0
1140831493
0
1220902435
0
500977960
0
1800677480
0
1646852836
0
1886372116
0
955072951
0
1618309779
0
1052066398
0
1847085435
0
2088788660
0
1355831111
0
504504260
0
937659464
0
1007609762
0
1988713339
0
869606665
0
1853000820
0
576932946
0
623357217
0
1339516053
0
1175231270
0
1704853431
0
1744796543
0
906298416
0
55969541
0
82238201
0
1345459186
0
129736192
0
780277239
0
1584407291
0
336117037
0
1237049249
0
1297541336
0
80798867
0
776892765
0
536127595
0
2002590000
0
18930569
0
338493427
0
374846686
0
1478714951
0
2081418373
0
2037469028
0
2115202181
0
758763629
0
782416717
0
1035392038
0
773991025
0
1158707296
0
1011812876
0
1763489986
0
1554382455
0
367355430
0
127226885
0
1556027430
0
97162844
0
928347388
0
1265854661
0
98796598
0
469563455
0
2098069107
0
565997609
0
1516741900
0
1250223410
0
1524849622
0
77753656
0
1135639016
0
1997771023
0
630762716
0
1249686220
0
1086231880
0
540724013
0
1945176034
0
1430045157
0
131976475
0
1925491621
0
1306597504
0
1963959153
0
1437830081
0
2124175323
0
1246505933
0
1322239446
0
717589766
0
263035610
0
1318151744
0
735058956
0
1809935948
0
487618281
0
602851815
0
302608159
0
694052217
0
1951924262
0
1030879862
0
99776638
0
1908710206
0
581713356
0
1510813148
0
389936308
0
1686921559
0
1011534419
0
1378430481
0
227510331
0
1245241457
0
1545027784
0
2057189811
0
702436777
0
1137303480
0
2055130060
0
443940072
0
942600426
0
298495863
0
298170049
0
1264665092
0
1580546885
0
2026266452
0
664584638
0
611562819
0
679564391
0
1120684791
0
1917698147
0
1318182453
0
1251185119
0
508423609
0
238165050
0
2077960989
0
1911274609
0
731961637
0
1292903043
0
1581903355
0
1202137625
0
800912399
0
507190597
0
989768836
0
636496990
0
988865223
0
481858828
0
440489359
0
928525504
0
2111966626
0
65881919
0
1323334428
0
1941083064
0
1358975071
0
1805432452
0
2106772301
0
811691171
0
1277385253
0
619928112
0
1688606787
0
1417874004
0
1729838116
0
755602526
0
1340849771
0
2116193226
0
235387768
0
497339002
0
770252490
0
602175314
0
1817557734
0
1885440410
0
328275738
0
444839423
0
1025607154
0
1675686456
0
1161719234
0
93847314
0
1038809500
0
229216390
0
2001687659
0
2033154558
0
468865242
0
1100621451
0
1868075346
0
531421082
0
209637301
0
1500936827
0
1902333727
0
786413153
0
1631498833
0
1529681335
0
1827459108
0
794108762
0
2122580476
0
211716168
0
2080716144
0
972524460
0
720561903
0
823618288
0
2020461501
0
1885020943
0
1868228457
0
957274012
0
2104320007
0
398175206
0
571643190
0
1912741299
0
1760300350
0
1633261378
0
1088004092
0
261520039
0
1615753711
0
1041904462
0
706635196
0
833171262
0
1516021994
0
2035665150
0
1862195693
0
496340873
0
1174567563
0
1287348117
0
562058894
0
1890751952
0
1552532605
0
1489181185
0
1893754157
0
470984512
0
211970342
0
2057651268
0
2015693635
0
1208392020
0
691830461
0
1118093169
0
1309980133
0
833746287
0
443048934
0
997629589
0
1755670194
0
1123640778
0
59364128
0
1300487088
0
197928850
0
138012747
0
297900069
0
1022078526
0
352094129
0
1328578618
0
2033354867
0
1687974958
0
1536142236
0
894156218
0
2140477867
0
365456125
0
417862455
0
742755495
0
169164454
0
2026113397
0
239672900
0
1650592175
0
308933279
0
1773645354
0
436960671
0
1751408404
0
362696599
0
1283149207
0
857938875
0
1173466167
0
2103538368
0
146070415
0
431656384
0
649086322
0
2124370741
0
235928965
0
1003302393
0
461722907
0
1318481338
0
1979578020
0
1951122816
0
445878822
0
1314916971
0
55320320
0
2055682736
0
1142831016
0
467147144
0
141835776
0
127039062
0
546769916
0
479452699
0
802868549
0
1171948942
0
225857910
0
1390289121
0
1967177287
0
1837917044
0
466980060
0
1628622282
0
428128912
0
1492406534
0
267619978
0
1058213428
0
2081003589
0
1508645281
0
461817638
0
763141608
0
1348665772
0
335735919
0
1274049964
0
398300711
0
533522078
0
1161338721
0
141016264
0
1385886407
0
985207087
0
1276592839
0
186727896
0
862139805
0
911536326
0
42693384
0
288166790
0
643615545
0
371334876
0
437782750
0
535704628
0
1336234572
0
1857954925
0
88713448
0
653269518
0
1564385562
0
985850313
0
1349873986
0
1314835794
0
838462128
0
245293682
0
1629794781
0
806966782
0
1331474269
0
1308437343
0
673878521
0
47548169
0
278159699
0
2105645221
0
1196210434
0
2114344671
0
1378978588
0
849610092
0
778047341
0
613733604
0
656725887
0
1673520876
0
1272038173
0
945867726
0
1524915788
0
1189805618
0
1842784509
0
670085729
0
726602435
0
1415108203
0
342177296
0
12607206
0
1435913836
0
2130100313
0
2043565101
0
1492686036
0
670242798
0
1218977471
0
360362717
0
712300079
0
1553579375
0
1902375399
0
1486794457
0
434722307
0
638446655
0
1544630173
0
1816992675
0
978428385
0
1163581616
0
1330130530
0
199052440
0
1842320701
0
1464799261
0
128650419
0
1859043251
0
1200339354
0
642142760
0
1388041145
0
692666654
0
139603391
0
1262050013
0
578587072
0
506965488
0
1501329167
0
2053941166
0
1937035084
0
2044051915
0
1084634346
0
1608257486
0
1754386060
0
1016037110
0
1893230473
0
259362112
0
1854696621
0
1160972942
0
435819552
0
1899974194
0
1931931315
0
16868565
0
42130551
0
1566050794
0
1056117126
0
1208194227
0
1662490804
0
573211711
0
357586335
0
1294288039
0
1237211010
0
1868774816
0
1549995137
0
1791629449
0
2047934756
0
1919033623
0
141207468
0
304484741
0
21511186
0
761250406
0
1775488463
0
1349322576
0
637222512
0
297811595
0
1682579655
0
1051597889
0
415305613
0
719584941
0
1583687130
0
1117272992
0
410167176
0
257220162
0
214681323
0
376468701
0
822633645
0
503952129
0
247928335
0
813251165
0
1726400647
0
964119512
0
1192521569
0
245132732
0
1072191778
0
791930869
0
2025954824
0
1869503783
0
916841624
0
1162007343
0
641127983
0
1512553282
0
1719081035
0
349968507
0
2110471663
0
709842542
0
1051944309
0
1942619259
0
1408000672
0
1144988011
0
212540110
0
896323809
0
2063957805
0
635478644
0
1053393177
0
523939971
0
1176139897
0
1943761891
0
1284863873
0
1759042926
0
1974572680
0
1578235669
0
1836364786
0
147983618
0
374604500
0
1703262143
0
769822891
0
1971839509
0
738987259
0
1260931412
0
1105612888
0
2007294772
0
1782622281
0
988317470
0
2013192392
0
2119673859
0
752328130
0
2142651021
0
382433404
0
139665557
0
159390328
0
961134887
0
422053075
0
307545484
0
2071294906
0
1543567272
0
1132684744
0
1737445400
0
1909689541
0
2009011172
0
565386023
0
1975234233
0
1959538705
0
157804543
0
78650156
0
1170728987
0
1196910695
0
998729416
0
913109760
0
717594858
0
348616854
0
868076162
0
1899640663
0
621243092
0
167155530
0
474382434
0
1486270574
0
219755314
0
1903173205
0
2010618017
0
1801826174
0
1625600071
0
1173436163
0
1599261140
0
876654128
0
40627229
0
2069521704
0
1806132316
0
984484667
0
2019781781
0
1198385138
0
9889153
0
850753652
0
670507438
0
1371814657
0
704506007
0
1555113738
0
1920610576
0
875252775
0
110407475
0
192561317
0
120198790
0
1546435350
0
2091831456
0
956495955
0
1912417890
0
619732581
0
549800917
0
2029362625
0
1162356721
0
70673088
0
244133225
0
1453346805
0
920750657
0
289131917
0
1832119505
0
1811989849
0
647794036
0
1879756409
0
1434035046
0
618047841
0
151663148
0
2086923094
0
66034407
0
1738716597
0
1799861050
0
810015708
0
1035166023
0
1270324214
0
56646224
0
717831147
0
24958783
0
722954716
0
237437086
0
580488276
0
248246411
0
1864187203
0
1755394738
0
789019080
0
332157335
0
1258330792
0
346665488
0
283722505
0
1110445195
0
1619499935
0
1727665467
0
747112782
0
387643065
0
1799092104
0
771242168
0
55824284
0
1935871096
0
1808258422
0
210726210
0
474877567
0
1218036317
0
1722256615
0
34850392
0
1614986360
0
1029938087
0
1451233389
0
1907789944
0
147255451
0
1021203613
0
679816867
0
1069081629
0
59264154
0
1767707717
0
1574827021
0
381792672
0
108301068
0
1297400867
0
2014903678
0
816486603
0
269832291
0
1733336020
0
1562816585
0
385857638
0
1856191573
0
516827442
0
1894949226
0
1229156372
0
1785943711
0
977016658
0
1059006044
0
370115172
0
1413054092
0
178472071
0
1692926085
0
997871492
0
1526366621
0
1951635732
0
476523446
0
963037259
0
182964574
0
2036496361
0
799973441
0
1905992667
0
5191970
0
1362093910
0
536668350
0
353641050
0
1557876101
0
1103005283
0
1130950477
0
506907342
0
524069345
0
1203045068
0
1019921371
0
604012043
0
475207332
0
317945731
0
774587181
0
440882953
0
1101208921
0
1004265401
0
1614612834
0
1194537546
0
1915403466
0
1406184532
0
685894089
0
129736727
0
789268984
0
237326569
0
870512704
0
2048412764
0
1362979491
0
388242688
0
1139537630
0
949783464
0
764731297
0
149281384
0
711321192
0
133811095
0
547695256
0
999256550
0
1182716310
0
804385538
0
898179301
0
1036957144
0
1308923803
0
259877153
0
1921056120
0
1921059842
0
1983615496
0
1089505244
0
1869061586
0
2074771233
0
1988136692
0
1915318771
0
2130199314
0
1559991261
0
145277404
0
2135906036
0
836103800
0
1411064279
0
1095423332
0
402635193
0
368717054
0
1537204983
0
1575875871
0
829945446
0
986823657
0
528997418
0
277305746
0
638159032
0
1005517706
0
1187266499
0
2117484416
0
461581628
0
1091488832
0
847486750
0
1598260346
0
1236178546
0
1696021544
0
1483643377
0
1161611922
0
437738177
0
1934049864
0
1263583256
0
577998409
0
1350724682
0
580097937
0
130269779
0
1158339360
0
1270363465
0
716337781
0
695760185
0
592971380
0
1745861580
0
1626506099
0
1368663230
0
1425563593
0
2119741619
0
1891170450
0
2143777550
0
2136137131
0
425150171
0
820830428
0
262055068
0
2018051526
0
35276764
0
191085976
0
1093946367
0
1349088202
0
993065988
0
217155832
0
1163352171
0
1768815709
0
869495742
0
2136201606
0
1508781496
0
603699496
0
1664680844
0
873991992
0
395264064
0
1036203477
0
1526944416
0
925218062
0
210880107
0
913940799
0
1799965449
0
417166054
0
1923245770
0
67801746
0
1377612112
0
1505568077
0
282857538
0
1605330355
0
1950219224
0
291593607
0
256070395
0
217900177
0
788656704
0
684154844
0
963017070
0
1991131698
0
712777085
0
980684629
0
429568878
0
2071594979
0
144443242
0
1001047184
0
1213130890
0
881123612
0
2144800819
0
6866391
0
1586800246
0
1899806076
0
1253855736
0
296326941
0
352319994
0
829724379
0
1566317882
0
1250097848
0
1562012735
0
1907936217
0
458182115
0
1937932310
0
2091343768
0
1349858327
0
1051654981
0
1374850857
0
194311879
0
1624606913
0
1661298833
0
2014591584
0
2013573686
0
2085631176
0
1975088698
0
1661015607
0
1549379496
0
34485750
0
1928899207
0
595836937
0
515154198
0
1690024729
0
1626905081
0
1631902763
0
1876081904
0
1953655274
0
59227488
0
1151462255
0
1650976668
0
328656189
0
396628439
0
344933985
0
1247122642
0
949849374
0
1872480667
0
1557207131
0
597044728
0
1487144712
0
2026490798
0
140200566
0
561352003
0
747453150
0
1813240747
0
196800252
0
497018984
0
1834160905
0
1762061297
0
1164726549
0
1245666638
0
101110263
0
700625464
0
759336947
0
1828237755
0
995927009
0
1057695545
0
1966878596
0
1112784701
0
137387984
0
534926563
0
1144197999
0
1967193955
0
2118056120
0
1480276168
0
403505081
0
2104022788
0
1845266414
0
1581273771
0
1358137572
0
614488641
0
461730864
0
1452214637
0
1219755904
0
558584266
0
1474737625
0
1806493348
0
609898550
0
625482719
0
555606168
0
813968420
0
896403550
0
1256681145
0
538335770
0
460681579
0
996750818
0
2018551526
0
1996325823
0
2111090080
0
366158826
0
1490739927
0
174243540
0
1490965919
0
1825007437
0
391063558
0
1305259486
0
950727097
0
1591985599
0
1003204420
0
962574343
0
992669950
0
3396107
0
1243795527
0
865602391
0
1125160759
0
1983364678
0
1168974412
0
1772539728
0
1182057312
0
466024387
0
599011700
0
186304764
0
193011222
0
1239301184
0
491107235
0
1259643224
0
929873642
0
1147801875
0
260512124
0
1855595482
0
1235744240
0
839091543
0
86453352
0
1322541692
0
1502470994
0
1917274732
0
644297489
0
1095349449
0
1308367259
0
1643460380
0
703938946
0
614454099
0
2028667117
0
210372000
0
964121038
0
1218169051
0
1805633306
0
1187558185
0
577400077
0
2031976993
0
4883110
0
466051184
0
1049388879
0
1943180189
0
98132947
0
52999333
0
1701559873
0
77058412
0
188091343
0
155273417
0
487688414
0
1781577146
0
602602701
0
410716455
0
899017727
0
95997397
0
668032482
0
577418458
0
193422813
0
1714460180
0
2144153461
0
2011622367
0
1502067448
0
1577328051
0
1614414589
0
10117478
0
393244633
0
1455365012
0
481017354
0
1330221370
0
1725800320
0
1611841858
0
1867384148
0
1799358178
0
948180592
0
1742549004
0
1786616089
0
1540255469
0
1305786545
0
1219073122
0
1967969074
0
113095624
0
275124973
0
493129220
0
883406767
0
1863081258
0
347646299
0
1735827453
0
486658076
0
1644555556
0
1930692802
0
676017044
0
1629965878
0
1535110414
0
732193040
0
887125970
0
2094700316
0
1928785741
0
836297522
0
371982639
0
587317256
0
1206279980
0
1701996180
0
967619220
0
2030055456
0
2069349103
0
1052710956
0
1942753506
0
1516806354
0
186018141
0
1818189402
0
1764466251
0
782599134
0
1953790910
0
191378093
0
1708589492
0
112264360
0
1336456454
0
1292158405
0
1951674371
0
1125929119
0
2012289316
0
1974061056
0
1569305689
0
2074046216
0
540194208
0
1630677987
0
618624495
0
1253552338
0
1639567696
0
1851592015
0
521467428
0
422298989
0
145654788
0
2036147983
0
1387235336
0
34336673
0
1570845715
0
39975787
0
1858154245
0
1291201041
0
893643152
0
2107312193
0
1295721427
0
1705843009
0
1196764813
0
694374289
0
922537425
0
254570635
0
781237621
0
545678389
0
1461511233
0
701338645
0
2008351779
0
220386107
0
1767492921
0
112234296
0
831170806
0
106612707
0
838404951
0
1431803490
0
1766991795
0
279744202
0
819099731
0
1239001647
0
1899239817
0
326675311
0
1463750245
0
1825191330
0
1334269562
0
1044286560
0
2087850636
0
622847272
0
1358805026
0
1094969784
0
1369788545
0
1011379975
0
930173820
0
1897926227
0
1871488298
0
2058330524
0
547047345
0
847234608
0
1655477046
0
804581590
0
2045741618
0
1566185256
0
1168536313
0
851860776
0
2098071330
0
603359570
0
246511856
0
628808729
0
621281416
0
811266998
0
590760583
0
1096218400
0
880441187
0
1412702079
0
704640521
0
1668406889
0
1220604544
0
1936774864
0
1965501669
0
1593092729
0
283385507
0
1888970750
0
1680641649
0
691785752
0
366669006
0
1475400599
0
64195484
0
896708794
0
2091949759
0
797330829
0
441285723
0
1428113370
0
2024170718
0
1948805299
0
150076249
0
1185715365
0
1817379042
0
1029647613
0
864204165
0
1247496494
0
790728997
0
1153444943
0
614275532
0
1174975195
0
1695968200
0
587090769
0
1694680265
0
415603694
0
1434465014
0
1402069076
0
236901801
0
173887869
0
1955654363
0
1445661606
0
604629884
0
121842784
0
1259755097
0
662639506
0
131984000
0
2051964296
0
924035699
0
1813741636
0
25307087
0
134449103
0
533277477
0
1345297008
0
1698977840
0
1777986368
0
381938971
0
419664714
0
968551450
0
518175890
0
935994645
0
944284240
0
681070350
0
661533940
0
878089061
0
535226043
0
1882591065
0
1831458204
0
1434922177
0
495673029
0
687531690
0
1883092970
0
1677040951
0
304396582
0
687306520
0
246144427
0
895880467
0
1055159752
0
149994938
0
1966605035
0
810012268
0
977349943
0
218076098
0
1597877304
0
1240842593
0
627764534
0
251365227
0
595036540
0
2095267348
0
721474330
0
1126393348
0
1224651531
0
1235008669
0
1361251628
0
1412820305
0
544181256
0
2069000666
0
1638981238
0
584926997
0
1835386260
0
881766312
0
61757837
0
729364958
0
600192030
0
696758251
0
187597466
0
444617266
0
1586781749
0
1588926997
0
1136888134
0
1516860779
0
1100739116
0
1698187354
0
1377190048
0
854389370
0
1646477748
0
2024719041
0
427051725
0
567993801
0
707002492
0
563864193
0
20157540
0
1632842201
0
485347194
0
1087398252
0
816585394
0
1930212628
0
1195667214
0
1574380719
0
1470729546
0
1014702652
0
939831337
0
1003057274
0
636975168
0
435668281
0
1505046144
0
100664195
0
1793495176
0
1192953740
0
1066179788
0
680146348
0
164217855
0
493002590
0
902620004
0
509924820
0
1846698210
0
2023149026
0
1957097031
0
2070262565
0
1372881261
0
1451050259
0
977407681
0
1188478664
0
1015505101
0
1541689798
0
1790233931
0
68300200
0
1165193902
0
510533921
0
1346440482
0
1589992535
0
1865516124
0
468249868
0
1495448868
0
2008003635
0
811580840
0
1570535783
0
1273399604
0
205118426
0
714132347
0
136252946
0
785695720
0
311020637
0
348649261
0
1412740611
0
1352247845
0
410094714
0
1186834975
0
1307311489
0
1079003166
0
1454295694
0
1836342551
0
1921763620
0
927110460
0
1951642235
0
585819367
0
1801063321
0
1689231582
0
1181385334
0
2056992023
0
1673181155
0
2004798267
0
626052039
0
1534232820
0
1014856211
0
1373213803
0
597632712
0
631973565
0
125588893
0
1943583297
0
430718162
0
2060258344
0
735663380
0
1231071881
0
1767648769
0
584087985
0
619013458
0
1348402538
0
206529375
0
805632073
0
373856576
0
2017805357
0
192881675
0
1209488402
0
1938853559
0
394906535
0
1469664515
0
294595811
0
1321989142
0
805697732
0
1477387389
0
1243920309
0
815329818
0
155099619
0
1861632722
0
1771905511
0
1260190428
0
1536796682
0
1156011905
0
807532926
0
109238242
0
2016098756
0
1574809726
0
91115607
0
224166538
0
880687328
0
1254626572
0
366865711
0
486454240
0
366167551
0
1637381002
0
1607047956
0
753168173
0
1228868193
0
1237486552
0
57358269
0
1947753227
0
1795254968
0
705006826
0
1382444083
0
1112126088
0
1952981175
0
1614547477
0
96082447
0
2097467832
0
1197786919
0
693040655
0
2130470904
0
1829637097
0
892347886
0
1812613001
0
383691465
0
1956543961
0
1364749663
0
74752434
0
86224743
0
1775277523
0
2099021290
0
1536951761
0
1614941011
0
267757444
0
1221120843
0
2024277569
0
1597166409
0
30248563
0
1581457649
0
153607824
0
411354274
0
881423425
0
741306969
0
1593591736
0
80261568
0
336443060
0
274066869
0
2036928115
0
1614011978
0
1833368989
0
1337230967
0
1424496514
0
1365214042
0
1437119346
0
916270413
0
151598654
0
1002972436
0
1358586549
0
1717994139
0
1409860258
0
186795208
0
1993452589
0
1065286476
0
698637093
0
1700523902
0
1992846638
0
1618486254
0
1870598076
0
2128754899
0
906028473
0
1961488481
0
715435070
0
556281937
0
1434199768
0
1239046848
0
511449377
0
1700123945
0
1713220280
0
632506984
0
500827438
0
1418337873
0
936149811
0
1404675555
0
1094321414
0
1210052190
0
677020240
0
1310811874
0
1927915392
0
1240727408
0
839333886
0
2012028506
0
1885594680
0
773607981
0
1163337729
0
1526089015
0
1580878984
0
1165403404
0
1884150388
0
121712454
0
1216782434
0
2123081504
0
42559176
0
180016581
0
1881701891
0
1919496315
0
1475220971
0
1340154982
0
1176292738
0
217593284
0
2073156994
0
627425583
0
997066711
0
885314236
0
1709658036
0
891414192
0
1152403472
0
290141611
0
1622177387
0
1630444644
0
991795988
0
347102302
0
1182804462
0
138472555
0
1583442184
0
1295432864
0
1150931962
0
1328276805
0
1255751070
0
2086434421
0
442841884
0
1812707533
0
1972490789
0
947631984
0
1112028936
0
320147511
0
1272681642
0
1023232974
0
427548842
0
333104632
0
2147165942
0
1102783006
0
1690108232
0
882856355
0
1202241362
0
396936511
0
1227732795
0
1482205189
0
612306323
0
290734237
0
845024334
0
1014623927
0
1764183909
0
332244434
0
574720038
0
2085718107
0
1288654368
0
1041382981
0
532038617
0
1998613458
0
1904665879
0
1328186171
0
1879949079
0
377272442
0
1446206750
0
1176930504
0
199108211
0
632180251
0
1451876848
0
1984987122
0
520103309
0
1117871073
0
1872179955
0
798107841
0
615624525
0
225180429
0
741284189
0
1210728276
0
1302579407
0
1003795931
0
166681485
0
1097042707
0
1849667054
0
380902606
0
181347335
0
625364252
0
712014946
0
1056316338
0
261383017
0
1460308604
0
1963589512
0
1667724735
0
493060501
0
1875930181
0
1551130460
0
1545650287
0
1782179497
0
2136381370
0
235107750
0
86043770
0
881147959
0
406517201
0
1189116100
0
991473718
0
1373161353
0
1863589209
0
294844168
0
1201157947
0
1515333429
0
1200371430
0
1181244092
0
1830621376
0
255255863
0
1560446382
0
1352045110
0
1297694863
0
513643509
0
2069678470
0
145931184
0
239084614
0
353203961
0
654172219
0
1703695740
0
1614836729
0
662573517
0
1170390524
0
1950813995
0
1697975216
0
2106753976
0
503702896
0
354036598
0
1763400396
0
48643325
0
1504577415
0
812670480
0
556762440
0
920079101
0
1887192107
0
1851759806
0
1194047118
0
115231011
0
1804835930
0
670961635
0
415569048
0
852169692
0
847571601
0
876867456
0
1478547278
0
1410821909
0
1316878036
0
802685070
0
235701036
0
1467466984
0
2015397940
0
533613449
0
549527471
0
1728522997
0
127233963
0
1674987376
0
149699909
0
1303019926
0
1965147823
0
2088453948
0
25293821
0
2058971088
0
575588258
0
1645506118
0
726919160
0
295854337
0
999199154
0
218061738
0
1356528784
0
1492876136
0
1717769851
0
1935219136
0
1588184937
0
1549987596
0
1664887862
0
58376224
0
1876653736
0
827017463
0
1168337257
0
1801293878
0
1269235787
0
1090806458
0
116245167
0
1669886646
0
321076679
0
1856822689
0
386575819
0
1041757758
0
388464715
0
576178125
0
821982552
0
298450313
0
1680094846
0
91602319
0
1961884181
0
923514029
0
1635968534
0
1490018397
0
932390712
0
502524425
0
2022310971
0
756808528
0
135288915
0
1763095879
0
1373077047
0
446658267
0
1530147204
0
1067384803
0
1605480630
0
180923855
0
2097870480
0
1522640914
0
1610703946
0
2069849987
0
881133756
0
167807380
0
692607149
0
1286986503
0
926863337
0
2093213268
0
558290122
0
826026711
0
1696637569
0
1099757317
0
229477090
0
2088305265
0
1821345934
0
1129208400
0
1292590261
0
619943575
0
1948493428
0
1350911293
0
1568985367
0
985361656
0
1726950375
0
1613463420
0
1203689271
0
1109622957
0
685047751
0
937719490
0
2016466744
0
1317133101
0
794595231
0
1708730371
0
332534066
0
1147597768
0
1125053069
0
173418848
0
515269357
0
1478018395
0
1111819916
0
1102115665
0
1211526280
0
1829730753
0
318940631
0
316002305
0
323681104
0
532237077
0
1039163384
0
1881977484
0
108936925
0
1246831231
0
347071991
0
673367485
0
48500705
0
1255046722
0
985875820
0
1778570135
0
1603376352
0
1321545508
0
1939475682
0
113509561
0
789713191
0
1260662677
0
883951037
0
273208913
0
502163505
0
251295825
0
1576080773
0
2126249713
0
1751040311
0
618608489
0
984539496
0
793809137
0
1381750395
0
190730107
0
1555307025
0
874217891
0
2044464910
0
1583390370
0
424594966
0
79434581
0
1469658080
0
186442766
0
364927189
0
117969691
0
589190456
0
476897675
0
810253121
0
730399020
0
799802888
0
1186992043
0
1799669718
0
1889266078
0
201768404
0
244887415
0
1244116253
0
1961076979
0
241771897
0
421212755
0
1216672773
0
280009077
0
975886562
0
1392835395
0
1812731465
0
227232266
0
866770296
0
1426787271
0
1211261295
0
1671095152
0
1305084198
0
152145328
0
1600987766
0
1978769899
0
1253935051
0
1629374146
0
179805278
0
477816017
0
1212441586
0
33409519
0
1020553966
0
498617973
0
791081617
0
637478342
0
302579111
0
205842481
0
2145906497
0
1410127361
0
381028035
0
141948891
0
2028162867
0
325376838
0
1115151004
0
1253136859
0
1099063084
0
1446404941
0
212959347
0
1499989127
0
1006725356
0
9403579
0
1279646022
0
2109450696
0
730319349
0
1608256038
0
1730049524
0
13769488
0
1643034587
0
2137570583
0
894857818
0
1047367185
0
176823836
0
1908327851
0
597923812
0
1229523971
0
1521729163
0
1319290418
0
545400051
0
1078451761
0
776766447
0
560584616
0
734881723
0
978664564
0
838074775
0
177502752
0
433967181
0
831945855
0
247959368
0
1334822796
0
1752555810
0
319796418
0
1814312532
0
1030421571
0
987214389
0
653579201
0
326776802
0
1022025835
0
1614000139
0
1634390916
0
744796435
0
111504682
0
1453450190
0
510858705
0
362634229
0
234896617
0
832498733
0
950245326
0
2084794990
0
806212478
0
1538788823
0
278187340
0
422723861
0
844027551
0
1441561222
0
408952700
0
1320358500
0
1316785049
0
1387336208
0
1729692377
0
453650800
0
942048750
0
1763895566
0
1928514574
0
573761047
0
1000341899
0
96824130
0
1678032131
0
1930773313
0
2029165421
0
2142916387
0
547472472
0
1549893156
0
77634782
0
1285207345
0
1089325889
0
1002125748
0
13203215
0
715618864
0
1497824048
0
1125464602
0
647603038
0
817136670
0
458090125
0
391856380
0
1745316958
0
1062978733
0
567106138
0
820435980
0
75018473
0
262574922
0
17819469
0
991588550
0
1155659130
0
1320894442
0
1734427655
0
582573207
0
929943376
0
172337566
0
1669515606
0
527458340
0
179825564
0
818762819
0
2018972604
0
483449181
0
1399748466
0
2036598824
0
374585435
0
1382836688
0
1268187382
0
650132799
0
385156857
0
815583541
0
124454786
0
62516124
0
588992685
0
1447927772
0
37376200
0
1116568476
0
1454268646
0
1381746815
0
130561047
0
1758713342
0
730221686
0
2114317644
0
924735799
0
695420454
0
1325563404
0
748777050
0
441707930
0
2081695478
0
252321822
0
1640143176
0
786266140
0
1308134989
0
2034665784
0
98236860
0
1799465124
0
598138367
0
540582562
0
1715292724
0
1104334940
0
2003659206
0
809206635
0
321977994
0
1972838365
0
346890875
0
1924318167
0
911708949
0
796484498
0
1249386135
0
337670579
0
1577625879
0
177558844
0
1376705425
0
1299265197
0
1136443283
0
482700963
0
1709350422
0
16312988
0
1441966147
0
772076234
0
1189069664
0
211023866
0
1182614665
0
1243521670
0
557855086
0
2104311247
0
250945886
0
2137106941
0
1692361312
0
95666269
0
1545215127
0
910896318
0
23497163
0
1927311140
0
1822482279
0
900405992
0
1953730782
0
1328290444
0
1484981743
0
33209167
0
1948205196
0
801563363
0
710524310
0
1773000850
0
342200178
0
397184980
0
1108783984
0
1616814069
0
1683472192
0
1020081719
0
1151497232
0
91351460
0
2040664262
0
2130408844
0
786594677
0
387405407
0
2099741392
0
754804193
0
808168922
0
61004779
0
957621034
0
1494267820
0
1485482722
0
2010712279
0
1238603961
0
1657782156
0
891859714
0
50357138
0
243861448
0
1180558060
0
1037899787
0
2119539175
0
636177789
0
2066504957
0
495789368
0
495357616
0
1828836340
0
318926869
0
84704371
0
1992189083
0
1304377604
0
1161321852
0
2004982628
0
1577123719
0
327690312
0
1343002876
0
1796206962
0
1672784455
0
1779912308
0
538957846
0
178494676
0
2072848320
0
1881992606
0
363092379
0
1492572726
0
913325275
0
44788169
0
1135479933
0
1471546689
0
1863523171
0
1332427149
0
143622327
0
88830661
0
475784762
0
1432877153
0
484693013
0
829996420
0
1843543675
0
544486809
0
761978996
0
1135998711
0
1600713947
0
1671661260
0
82243119
0
1428116012
0
2068574812
0
924104001
0
814209703
0
656679637
0
896197126
0
2082280271
0
1491003185
0
303853452
0
148855198
0
2138347678
0
1070591601
0
1815043441
0
429907252
0
1316195856
0
74704045
0
1420434467
0
1813866817
0
2129224154
0
202862670
0
1456346901
0
1951240248
0
272074799
0
768462330
0
579727252
0
342617925
0
975807868
0
70225337
0
1308716756
0
1075005518
0
837818815
0
170550326
0
1696143984
0
1394008810
0
59480900
0
1115590445
0
48887158
0
1307711352
0
1357049666
0
1657405322
0
1000861617
0
241789968
0
724932052
0
1258268533
0
1447762122
0
1548263944
0
612756109
0
1407836598
0
534879940
0
360605238
0
493383232
0
857619157
0
94933035
0
2106653171
0
956956908
0
1069720373
0
57216327
0
1709617680
0
213150900
0
424453104
0
1990127241
0
1010737462
0
868876064
0
311208048
0
1350982291
0
614765106
0
813310825
0
581622620
0
2133296843
0
2080553636
0
388736151
0
843235683
0
1017537628
0
1342632735
0
2017698116
0
537965835
0
685634975
0
69775023
0
182740299
0
414590083
0
1578574113
0
1082142153
0
524159028
0
562863602
0
383093779
0
501169947
0
732435695
0
670461261
0
595717818
0
660604812
0
294620294
0
1733474923
0
1749875659
0
371655148
0
1525626960
0
257571540
0
1825324075
0
1417831130
0
1009254798
0
1719545980
0
1721848181
0
1760234742
0
530587722
0
1235741310
0
789847033
0
1362661524
0
1486622260
0
1835574622
0
1900082799
0
1609771903
0
1437388815
0
1150268602
0
916603520
0
1455160709
0
1342264127
0
117470754
0
793490885
0
327856325
0
1985699720
0
1759319660
0
183190077
0
1531557988
0
1156111374
0
331824762
0
2111227322
0
525301473
0
436583894
0
1861368306
0
1622833093
0
1913477151
0
1242863032
0
225544455
0
417018230
0
1586251449
0
1266109485
0
86656272
0
438050838
0
746492350
0
697460676
0
1255836206
0
1369831526
0
1733761642
0
126310951
0
1194310221
0
242235838
0
1776218201
0
729127260
0
900169038
0
118728551
0
458448594
0
2121677569
0
68943748
0
1243886903
0
253875176
0
1977560090
0
248028011
0
341022050
0
2071224154
0
354438408
0
2074170125
0
475249124
0
1020343875
0
1262585830
0
994128803
0
900018361
0
1881267506
0
1061238561
0
1384806392
0
13264158
0
1739887865
0
10525856
0
814402738
0
1753535235
0
1748606864
0
521854053
0
477854423
0
1857931228
0
1837921616
0
543821664
0
320305216
0
1775745930
0
1381603151
0
2010967493
0
1233018365
0
122467005
0
1013619209
0
2057757659
0
1656323525
0
2146452261
0
1992848321
0
1646772435
0
535072509
0
1449628774
0
708829403
0
1203986312
0
1807023750
0
934430376
0
423418921
0
1788482736
0
700736893
0
484640503
0
2094944497
0
1737768514
0
897815598
0
1366651764
0
1978592883
0
426310786
0
999933910
0
1829687595
0
1741067772
0
513869982
0
1581042887
0
1772637478
0
677457915
0
76881011
0
1501480030
0
294528313
0
187550256
0
1798642443
0
1803724329
0
1315636451
0
1410202445
0
1642964823
0
965047035
0
1749015101
0
940642371
0
1749203830
0
1965127027
0
1738935576
0
1185273809
0
838598291
0
386301576
0
727522951
0
1853835086
0
1713539726
0
1706468612
0
973856199
0
1628262806
0
828866721
0
36561758
0
313143664
0
1670625698
0
2004905408
0
279287179
0
1727848758
0
1680200972
0
1875262001
0
1058447435
0
1718991944
0
1000099717
0
321438550
0
1496337645
0
1913293145
0
297757837
0
779068949
0
604030084
0
778422419
0
475218609
0
507478270
0
1529721653
0
357600087
0
1525417903
0
1038917835
0
2050002735
0
168334677
0
964953240
0
172602536
0
1827899102
0
1746636979
0
1773735210
0
1947170463
0
590675008
0
1805443022
0
136938644
0
1572803771
0
736768274
0
473672516
0
292096983
0
126376239
0
144121990
0
2044215761
0
1690910421
0
1480344996
0
1560297277
0
993521022
0
1422461329
0
1519598099
0
2009719769
0
1737357567
0
433480310
0
1239039546
0
388724663
0
650156867
0
789667733
0
496650071
0
2076291055
0
1761981282
0
1967398091
0
1254002578
0
616816788
0
936191847
0
2111174607
0
1786804115
0
405441157
0
283913768
0
30035142
0
141974549
0
311913226
0
318007055
0
1805259649
0
1349955927
0
544534534
0
1564093071
0
364921370
0
20169758
0
1838190127
0
761718747
0
1056961062
0
359841050
0
534577398
0
1718232785
0
1125816286
0
115905085
0
249095766
0
1106911159
0
205015352
0
1129251276
0
2013207193
0
220950619
0
517827870
0
1529273446
0
1414519626
0
1187381892
0
1909410920
0
1621195319
0
157213297
0
878996869
0
760369570
0
2003663340
0
878686773
0
1991037039
0
1269326919
0
474978335
0
764160446
0
1292406862
0
1832523876
0
18318658
0
791523485
0
1621502877
0
1031373309
0
1950689426
0
1751827680
0
967017390
0
505033234
0
1238190894
0
1157816028
0
1064657129
0
858620299
0
1888741100
0
2115881393
0
1436861478
0
877250231
0
1469395762
0
72631434
0
945799742
0
382308700
0
191249076
0
1687684420
0
948037364
0
1482799655
0
2013561797
0
1885812753
0
143793598
0
819898711
0
1782556625
0
2032320725
0
1487019540
0
2070208641
0
466580593
0
1357231354
0
416068244
0
652222276
0
1143258444
0
1208478599
0
2146963714
0
1998904304
0
350463660
0
1842573546
0
1419397882
0
1571851898
0
1918507939
0
2043454715
0
1784912181
0
819961124
0
684048269
0
1319294692
0
617233169
0
1491856373
0
1758482286
0
1141830788
0
836184324
0
616947500
0
985584784
0
1182095377
0
1105782842
0
568744356
0
436678495
0
1303843666
0
777360474
0
1954461817
0
729893807
0
898622585
0
2044780391
0
443228596
0
1869725176
0
342826481
0
186041266
0
59367630
0
1359345202
0
1583773228
0
416838431
0
711853303
0
487066084
0
2059495071
0
792235951
0
711017057
0
1464665091
0
21138876
0
946287177
0
2132177804
0
452734339
0
571474252
0
1220883980
0
190804775
0
662768454
0
151729389
0
1052751934
0
483987105
0
1850702546
0
604547474
0
884261561
0
1197218487
0
1876822266
0
1512017526
0
1304564531
0
8036647
0
1927940015
0
1654566169
0
527857380
0
444039903
0
472976396
0
1477310025
0
2091147208
0
193758054
0
906404726
0
1842721711
0
1762123390
0
60839953
0
334874099
0
1821826753
0
620398745
0
1008601030
0
1469085439
0
1299483714
0
514091208
0
1004220975
0
867945052
0
1843558540
0
794322864
0
1426025496
0
1293010752
0
1244684871
0
780421470
0
1861014061
0
2111488319
0
616910758
0
368061990
0
1264962570
0
137808690
0
1163281364
0
578762460
0
1307227957
0
1822564489
0
134625815
0
1355792414
0
2001607428
0
684712141
0
1739573161
0
1163746669
0
1956692654
0
1716349267
0
1681783965
0
563337941
0
1912858411
0
1581118087
0
889040231
0
2055430238
0
1194064424
0
406092953
0
501230905
0
1756956801
0
1272808157
0
1002086932
0
1508306350
0
1207855262
0
260473343
0
1203803215
0
877196118
0
559918571
0
278081643
0
793758029
0
522778239
0
978262996
0
531372340
0
1537914154
0
610010986
0
367710924
0
1807047249
0
1329378069
0
437342295
0
1722912031
0
313008869
0
1552609780
0
638777763
0
667111388
0
128977129
0
907607280
0
579210319
0
244459582
0
495977963
0
1517590134
0
474106719
0
1147295863
0
345903028
0
353959167
0
462017579
0
1976066348
0
912509981
0
1374527440
0
1201093301
0
428828107
0
358875017
0
1478329943
0
2053039858
0
1821137057
0
1913579955
0
823206213
0
1537167917
0
952907609
0
1732628784
0
413719368
0
1976852637
0
1242767322
0
764430132
0
1530052170
0
1617632012
0
398254664
0
1907093796
0
1331997897
0
1519118551
0
392407474
0
270135581
0
388280109
0
1768472377
0
1541565759
0
1852994105
0
464073941
0
30120483
0
1576300736
0
1528200560
0
562393800
0
1077066153
0
1111172908
0
965270444
0
1208882870
0
351611823
0
1812396264
0
1035960000
0
1729793771
0
10296111
0
1248045817
0
1433266070
0
578770091
0
1435482174
0
1317608020
0
186624276
0
1268082112
0
1028343556
0
421754636
0
1734132152
0
2058505227
0
1335797019
0
946452595
0
617390836
0
1994281995
0
2120211236
0
1194088781
0
815461052
0
213265810
0
208261827
0
2005665426
0
168007823
0
1913969003
0
919485008
0
492205644
0
393250464
0
1553366629
0
474237024
0
1189848351
0
413514393
0
679321459
0
1332693961
0
332964317
0
1936375384
0
1693892250
0
56337471
0
1971070417
0
697759897
0
1989876259
0
1087450282
0
1691053604
0
1739338030
0
1506867246
0
643154451
0
1211662606
0
1973478188
0
362977801
0
1714343927
0
190289290
0
588946647
0
674167106
0
602828970
0
2066135891
0
735348047
0
226237444
0
1326666118
0
2102222072
0
1645403660
0
1152391201
0
83902914
0
1407003166
0
1559773845
0
786133986
0
1234506358
0
1508845239
0
1675028097
0
834097756
0
2055221123
0
1974435913
0
1427076347
0
1774794333
0
420497901
0
2087023477
0
1753171488
0
2077561976
0
1647514059
0
114645195
0
548961006
0
797880330
0
1086814442
0
1741908959
0
1766798009
0
1317750194
0
428659047
0
1812450891
0
1954075989
0
687733552
0
980820310
0
562475798
0
307722892
0
758023868
0
1234155472
0
2053955178
0
25051121
0
127395835
0
100602786
0
761394113
0
2043288365
0
1136551378
0
151969981
0
801414384
0
354117904
0
982426691
0
1791117501
0
2033559308
0
829047551
0
928287921
0
266392792
0
1907734796
0
1367866662
0
922547099
0
417161553
0
1847597463
0
2104508668
0
1421516986
0
680410827
0
314349114
0
455787378
0
344293197
0
1214816961
0
1301631498
0
104674897
0
481886986
0
913740865
0
587158358
0
683164941
0
1505586525
0
592913074
0
765912638
0
676726748
0
673059124
0
1308328319
0
988995800
0
528982820
0
31957160
0
233076370
0
304378462
0
382763680
0
1395646995
0
1822652431
0
1612667009
0
703311476
0
805984044
0
1994465879
0
915782330
0
538322261
0
233635816
0
1117052796
0
1004300298
0
53643066
0
1783362169
0
538713204
0
361763876
0
639259275
0
169948984
0
179323578
0
971818705
0
1743839500
0
2001145891
0
1517594370
0
545301171
0
1564059248
0
1943941856
0
14568334
0
36853780
0
926190124
0
1515940612
0
667877876
0
126439063
0
1200004958
0
1464400129
0
2010373483
0
1986910530
0
634566860
0
761425018
0
415225053
0
1513096668
0
114351302
0
2051952296
0
722351699
0
839948602
0
1606142083
0
560546191
0
89072748
0
249573677
0
549226748
0
969238830
0
1333553315
0
1891225113
0
915014944
0
525767641
0
1829018529
0
1233493745
0
1669727724
0
1945041919
0
1323457999
0
1870457214
0
1908770912
0
1601999098
0
1796357647
0
2057863603
0
1289440686
0
1372127725
0
1671272589
0
2139784210
0
1592064808
0
186986436
0
912454291
0
438545610
0
472190766
0
1158128497
0
2021356318
0
1891824733
0
255410049
0
2004366837
0
1964942617
0
787040353
0
1435430998
0
457492988
0
1093193056
0
1573092107
0
1287864132
0
644788411
0
756340915
0
866051812
0
88644918
0
1648969455
0
953165650
0
1774556577
0
719500103
0
157814864
0
252115203
0
314981290
0
343351175
0
414638736
0
248801437
0
455090950
0
1524329683
0
2076557118
0
1938734829
0
546895072
0
435465944
0
251851832
0
183472187
0
1978013464
0
1425433888
0
2087273331
0
1657500372
0
450883320
0
1673652624
0
1338843162
0
603370468
0
429674542
0
1700006180
0
1881427572
0
1603984176
0
799825241
0
1562678914
0
219504788
0
1987550017
0
645006634
0
129047582
0
2091710851
0
1076971367
0
1665588253
0
1092429526
0
1625345279
0
1186114313
0
2080047137
0
465942046
0
1362590160
0
287207512
0
1700899375
0
1860970408
0
1377812348
0
575967235
0
1572521616
0
289556483
0
377865679
0
679322774
0
1354795166
0
273245821
0
1122476261
0
1962163379
0
1321027521
0
1823602761
0
404994143
0
1360884058
0
1677522256
0
1951238776
0
247334895
0
1576723320
0
40635260
0
57015074
0
474642156
0
1556450934
0
772543631
0
454676455
0
1000363159
0
454140950
0
590065212
0
146536238
0
1818292604
0
1351498618
0
702738407
0
1911831596
0
1503307558
0
945020351
0
167986045
0
1547946157
0
1714160941
0
1409810882
0
1504416423
0
254361583
0
1562667951
0
35249647
0
1882814204
0
1286788083
0
1886985691
0
530009741
0
111549231
0
54701586
0
246554986
0
1353694639
0
1104041355
0
1364343405
0
1836708816
0
1635128534
0
257040279
0
1486355036
0
1639308148
0
1784336073
0
1874732203
0
744067037
0
737414378
0
595324209
0
487669290
0
1460160078
0
1614796677
0
2136903200
0
415569972
0
867699360
0
2009180390
0
1261949302
0
1033420942
0
2005518905
0
2000396670
0
1810338905
0
817665639
0
758537520
0
1277170048
0
1297944971
0
422241371
0
1324752709
0
8328067
0
383385014
0
1100989298
0
1608028934
0
60596243
0
533807423
0
1662164842
0
1537219318
0
1816804216
0
2105965266
0
132755808
0
2138839470
0
746205157
0
165575219
0
1831382868
0
168750025
0
1503256135
0
80753990
0
22645026
0
490346463
0
1358250102
0
358296704
0
348557940
0
2025392211
0
1003601680
0
1196872222
0
352113705
0
1657592450
0
1998438266
0
1107697582
0
537524831
0
1863615335
0
733943850
0
248218582
0
1396465200
0
541838337
0
1346266679
0
816369161
0
443468244
0
1602521818
0
1991778099
0
839420457
0
1319543656
0
506603823
0
1865276453
0
735066665
0
1939501111
0
540894764
0
520020797
0
1878575536
0
914455358
0
1858223974
0
315652697
0
890270389
0
1255859274
0
1757535402
0
259936929
0
778227705
0
1497627705
0
2120495095
0
1669939700
0
1212755257
0
1010310722
0
139107825
0
1523006839
0
1318354480
0
1994959261
0
618119016
0
1347901373
0
373383808
0
514444522
0
499918432
0
1173059560
0
1712145460
0
1895360067
0
1691710118
0
2035950593
0
217185253
0
1657830918
0
1711402648
0
148337018
0
2019231006
0
531444301
0
599879034
0
1878685420
0
613792099
0
1639851352
0
176547466
0
1558344555
0
386377073
0
1996401030
0
1227610482
0
1573974245
0
1081571969
0
1678494775
0
1116496433
0
243441945
0
572422080
0
2118643647
0
617424222
0
407916850
0
1090696726
0
419463090
0
1874824176
0
142373601
0
576329249
0
1214439973
0
1408045123
0
1892075968
0
182949400
0
1781466943
0
897904527
0
713797820
0
956308598
0
910992438
0
1638986003
0
665012352
0
1357701076
0
1868234957
0
1066519512
0
2094920322
0
1331459289
0
1056668483
0
1884916738
0
116855022
0
1182301396
0
273376881
0
1177718034
0
550223039
0
534032491
0
1149915424
0
1423191815
0
911974419
0
963271494
0
1972268572
0
1507798159
0
1256623713
0
1720559793
0
1581134096
0
1158103494
0
1601130897
0
89405322
0
1544177601
0
653066012
0
291543867
0
1567573862
0
884517238
0
1199414532
0
131044935
0
1301484370
0
1926861895
0
714472505
