2000
3309
27514
13183
21869
1203
26668
20383
20363
11911
3275
24910
20276
30421
10239
13252
6838
6636
18702
7628
12717
13716
3246
15355
23665
30670
10
30834
16014
26111
21970
28654
2136
19119
9961
27568
26103
19647
3256
22611
11187
27103
18470
13053
2638
1179
12325
19178
27621
14614
20032
27874
29206
346
11490
1375
8376
960
31588
30264
22168
3409
14992
14477
3909
21317
17443
18532
16616
24428
20729
30106
20746
22391
12520
14349
24245
20156
14409
21550
12638
1339
21555
1520
17959
17445
31319
27114
14093
18770
14047
25929
10243
15711
7113
3552
28054
13394
22742
16345
17630
11881
21423
32515
13804
9048
22809
7882
22015
23727
3552
23763
12679
4921
29692
24374
16990
14949
17989
24724
1963
18213
27734
4218
7504
17526
8253
1452
11024
6949
8935
23779
22558
6646
24925
4893
14962
32698
3366
10215
16798
27964
6046
23281
32386
13582
12530
24486
6100
23988
30714
24737
32241
27074
13388
21375
19678
1336
29691
24002
30882
20489
28234
16599
23459
11680
19331
2902
11259
20624
7518
1322
28152
25974
11609
15073
29930
15257
8947
25451
10262
8458
7799
30599
23663
31663
15347
14470
24162
30675
20555
1525
23814
24864
27989
30602
3543
32544
20147
25999
15972
13712
24851
6528
10724
17161
7768
12427
24944
12067
4450
13130
10875
22618
27393
9538
30097
3387
3629
12389
14939
6078
6498
29809
21560
17452
18083
30864
23565
19467
27908
12360
13759
30095
292
24082
25369
11888
15802
23813
4704
17600
1440
5328
20575
468
18649
8297
8149
20157
23508
15953
16610
16020
23155
16363
21103
31905
23362
26107
22947
31007
8133
12295
2554
23351
30345
7614
1967
29638
22246
16642
27535
10452
26505
29438
7983
21855
30712
25612
30952
24522
22222
23549
27397
18752
9500
14138
17495
10057
7917
21499
10756
28426
2422
31167
32674
1936
23880
15878
26366
21540
8907
4767
1659
23323
29847
3169
8220
24892
9496
9160
1154
26972
8519
16688
17345
17264
3612
9526
25335
23309
17122
2751
29219
29479
14298
19070
11962
4190
1183
18699
29904
10843
13160
2539
7388
8151
11666
24318
28333
20370
29472
15664
32045
12204
18610
13630
685
8230
9201
559
10515
4808
2263
22113
9009
22297
7021
581
32170
20024
23188
17092
24732
15801
8064
4748
9931
13829
28213
29699
29828
4232
9906
29116
32294
10459
7963
11942
9927
24850
28619
28934
21356
26131
4852
20135
23353
9247
18813
10743
31612
14901
28830
17801
9229
18773
24400
31116
1910
9457
9787
18444
2591
24865
20630
18560
23849
19320
21626
1661
20348
21487
25132
20862
10801
25508
14831
24555
22498
17488
30986
4237
25268
11544
30436
1463
4434
26896
15732
31275
8038
26946
32721
5657
10995
11540
4326
22232
31987
23363
1585
25288
13533
10112
12277
27352
7998
3460
9539
12168
28828
14244
28662
12067
5374
6547
729
24511
28297
32179
12229
12258
30684
4650
27209
4039
10993
14368
7431
16800
1047
21980
25635
11791
20846
4342
29941
11491
29558
23998
1041
25523
29881
13607
3906
31930
13094
4253
32598
10287
10920
27648
31632
18515
18071
20741
17356
2511
15615
10286
25961
22569
468
24596
20135
24120
23321
19321
4928
15452
11851
19343
905
1875
7843
26193
17170
15585
22733
6633
29364
15954
25693
13953
16107
14037
23815
9474
32316
16585
22928
27327
16655
19126
1295
7281
15850
22397
16386
18564
28765
32541
25429
3987
25316
938
20602
31370
7922
30715
7400
7144
10868
362
21584
23524
18814
5227
31435
19985
26043
19218
6506
26741
32198
2015
4376
17051
19623
30354
30112
29915
24587
30371
25666
20878
23500
20160
6882
27776
17417
13351
30903
17024
26379
11044
13314
22514
22364
31427
20812
27192
2200
482
27918
13095
18326
25842
30605
1720
3596
14598
12241
21205
13754
15591
21975
1542
22679
3595
21735
31485
14051
2981
19235
449
7207
7761
16702
23478
7512
28800
2963
10224
27657
28305
28927
4004
20405
24532
21649
9124
20657
9798
18353
16812
25662
11336
3570
28440
5681
16696
22840
25124
17864
24302
30045
13741
20561
25075
14914
22649
6411
4903
12099
13075
10455
15014
1322
24694
4494
25301
708
2621
653
30258
31617
22296
28151
3145
4046
32289
26082
19387
31594
31426
4384
21321
24438
11334
10339
3051
30415
12903
29018
18359
11474
4985
18496
32515
23621
13471
16784
29784
15366
8612
30449
32364
5704
8505
32184
15831
1343
27591
227
4857
32347
7691
20122
25648
5722
16630
22570
7303
24865
16998
19553
2938
23848
2543
30530
10750
29318
29228
19044
25876
9319
16069
3427
16694
12775
14972
3273
14918
21813
2458
9264
15044
1598
7158
2037
24463
12061
6544
6889
15126
11185
337
14371
27802
30527
32385
23921
11486
557
18446
31949
6712
10711
27312
30184
1222
10736
15842
15516
9780
2780
13859
7944
19453
24267
27115
28445
26937
12102
7492
18530
3028
31946
13584
10516
20554
20342
19570
27907
3985
17277
19799
31268
2940
25760
30561
14399
19183
271
24338
13914
21802
17607
352
2966
6077
27316
21083
23487
26621
6452
3300
19043
17527
22186
16132
12241
22077
16930
25503
20395
30241
30617
471
4079
29142
14745
20136
2729
15234
23938
31225
31479
31236
12956
3563
9410
11365
6046
26064
14301
7978
21418
11053
10854
8528
32022
15713
8888
19358
3770
9446
25463
6764
6967
1495
15832
14808
7655
2109
18789
30505
22504
22664
18831
20722
18285
15249
5882
19475
23836
19656
32712
13966
8875
5586
28827
32631
29270
26208
11726
9076
29028
23631
17189
14290
15370
16223
21736
24907
6530
8587
13014
24142
18055
15732
27966
4744
81
16206
13426
10621
12535
13744
12984
18627
25204
17640
21523
11916
17910
5989
21803
30214
9072
29246
31695
4530
15009
12552
4032
23884
21914
5236
17181
3360
744
16190
6736
17998
6994
31207
26884
4175
2429
20554
7111
5510
29697
32287
15308
27620
25604
13840
27744
10555
13656
11027
431
2093
5849
27632
30381
27466
17263
19460
15720
32075
21130
26291
29770
8660
27412
29289
730
31653
6258
19342
25538
30855
31121
10960
6971
17306
17453
31828
31874
29412
28351
18917
30562
28514
1005
8467
15403
10980
17108
23982
22549
17262
28782
20888
24978
18236
18273
18510
6890
20637
7208
23732
9455
17995
19120
792
6935
3591
16450
13306
24650
15764
10358
25477
23200
23222
25210
15375
32113
16041
16947
3931
8295
18557
31684
8027
7881
2105
21508
30592
31573
15391
1140
18033
13195
21716
20924
32168
11307
7677
16891
9794
10633
28685
28785
12924
22293
12954
30335
15795
11731
22141
18358
31928
16278
30491
11956
14245
9986
23331
29439
23963
30084
15090
23921
6682
10297
2466
15009
15547
7252
22539
25723
26725
17357
16041
26373
10405
17996
2835
31385
31644
18139
14823
29916
10150
3815
22810
16054
12666
19625
29889
13722
31435
10517
9440
28914
12354
16938
25903
4168
25209
7136
26294
21172
17927
27570
10271
2289
23673
4285
16136
17236
10741
27787
6430
26241
9741
6284
2217
29533
2107
18836
806
122
17083
26308
20637
4438
3806
24611
4186
22850
8682
4253
12145
3305
23684
30468
25698
29175
13065
10563
31017
11666
10774
2983
19443
21910
31938
10008
27923
11945
13572
645
24230
28289
2464
16338
23949
17775
30591
23538
24022
4654
24525
4630
18895
16236
24766
19404
20722
15659
12677
832
18295
21566
7827
7025
5657
19541
32129
14253
21390
32018
24472
28090
20227
21136
28968
31617
29646
32610
8380
31245
5242
19797
32258
19159
31216
9882
19242
8449
15553
7254
13451
6395
28750
17399
644
5976
4428
27654
7892
29218
8078
11300
26431
3088
20852
14879
19770
9643
22519
13437
2036
29175
17323
8004
8577
10622
28286
15413
22122
28165
10909
379
4495
7686
30533
670
11894
15586
5518
10210
19035
10621
14851
6739
16787
5870
21539
24241
15392
16778
19435
15061
22581
8255
29292
2579
23784
10846
30703
29415
12005
10299
18584
23507
32223
30935
29809
21658
21250
14335
22531
23051
575
25418
808
7596
1194
4037
20727
12190
17523
27889
17777
27900
15405
4106
20627
22611
22107
31759
24559
20915
12288
24773
20643
88
21053
17658
29386
20926
1890
5249
27983
24104
4545
27310
18653
6545
2107
8509
8550
9457
19589
10871
19048
24341
19389
27636
29956
27383
13320
26779
7238
10083
24753
2833
26007
16677
26067
32674
32211
14567
16778
21059
7384
13973
31650
27633
10136
18524
7324
18433
14366
10421
24227
13393
19445
14713
15597
31341
13047
1737
20175
25930
21676
27153
12096
3514
7140
8721
2758
10633
19978
25426
10712
4339
11446
19809
5773
28320
17198
30551
30420
24663
5379
17629
8252
12913
5800
17102
20306
13881
18324
24120
22281
6682
5597
21144
32457
23291
8575
8545
22689
20305
13863
7938
4237
410
3579
18107
8957
6870
24284
12554
26908
13951
22477
19207
16153
4515
19354
30877
5313
29305
4350
31799
8296
3210
2157
109
13981
28742
3801
19015
29033
23460
27977
2604
10420
15623
1733
17159
26862
2282
14348
31365
25690
28268
31957
13101
12142
26864
4712
15503
25076
22283
1145
8119
2792
27442
17510
163
19636
19158
11466
30108
21080
10418
13299
2610
8827
14057
28334
5164
19895
10829
11108
8941
29262
1025
22174
15369
1648
7842
31262
21418
18586
23842
4724
32449
12650
10535
11082
1659
29589
21041
1506
32468
10774
29511
22072
1900
12875
22178
7604
29823
22027
25428
15249
13379
7638
19812
22778
32153
30047
21864
15051
25869
22195
31456
14970
15096
891
29171
1180
8125
16393
296
22765
9283
8098
17053
16496
30551
869
7751
14905
350
5013
4662
3817
15907
32657
15484
22127
7124
32289
24188
18996
2808
6678
8063
9632
15153
31671
24558
6231
30011
2035
22917
11434
22818
29664
4578
5384
11355
32168
20669
5006
21081
25578
17212
6536
9478
975
2456
9639
1725
9703
18970
25073
7560
6870
15603
31474
11031
18922
1564
1202
2613
8060
2838
17120
11
5556
25780
24218
20653
9047
10824
14005
6236
10953
20750
353
20174
12158
31153
2204
13055
31909
29184
30251
12124
14031
21839
10843
4860
15150
25965
21668
24448
15440
4081
4211
14200
11087
25647
29599
28889
12645
18832
29992
16958
27595
30248
19568
28935
7068
9141
10223
15871
12683
8592
18420
20987
12598
16061
21497
5492
26657
26365
4476
20180
13492
400
27755
4839
22967
29940
22855
29156
21882
18035
18285
26122
3888
24535
18865
28351
14086
782
25464
32095
32412
23491
3559
2247
4791
30912
3758
3695
29893
16150
14623
2144
14837
6286
27714
1504
4046
28317
13342
683
30549
30386
22117
32001
26548
23719
28090
965
22545
18727
13046
16155
26996
23570
10724
8759
13154
31812
2939
8183
30738
32238
10795
17809
20422
27705
7899
17164
11651
23187
27166
31978
31694
9697
18745
19813
14547
4005
31699
30668
993
4835
25070
22921
16354
2389
11648
2964
10074
124
17994
4405
8335
26956
10039
25728
10125
9344
17850
19957
5389
31959
2551
4812
22509
9764
24993
9646
12791
15718
3011
6693
17693
5628
22535
24708
7649
30348
30989
18864
17460
9277
32015
26978
13777
7551
27071
2681
23225
19932
12358
17700
22165
23064
2758
4537
22720
17243
9698
6214
8242
8517
6689
20647
175
10517
11874
1457
10352
21234
7171
27227
5758
31622
21169
31032
19605
19115
11260
4083
653
14938
949
18811
18313
3735
23613
19237
3167
3397
11314
30424
23565
20049
14499
19702
18208
9832
1516
17242
26120
11981
7704
9059
7167
27146
17125
17056
1551
17149
1442
19881
32131
10103
22658
15199
19587
9428
27360
8509
1313
9576
13619
7374
29158
23415
32526
9211
5558
26285
32042
29072
12413
22372
2231
31030
31394
8721
26405
23239
17328
23547
19371
23749
12966
16264
23484
8198
26459
31678
31774
10940
490
28489
16665
20934
17466
17862
13139
3250
31484
15857
4561
2938
26454
20744
20886
22022
11228
24126
19710
24054
20157
29652
28481
9805
27156
24383
10602
24213
7031
9708
5543
21072
4055
16907
21425
29877
8843
10584
21807
30546
10185
26473
6833
17784
23478
9019
1902
17645
8437
14741
29684
13469
16023
17268
28622
29029
13365
1466
16839
26463
2975
26189
19525
27070
25120
5109
11781
22994
28588
10294
951
15943
5079
28563
11913
10518
29205
29305
4785
1918
24897
31737
20940
11734
7023
7593
6642
26851
10013
21172
5605
23388
32405
27797
10559
18998
3039
14224
16189
23715
22557
28933
2436
2327
11240
28390
22239
22687
21934
12055
5087
24496
15731
17129
16036
28742
13063
6523
10743
10621
9023
309
12496
11629
5000
0
494864334
0
2128180354
0
1987068893
0
1148690154
0
157431748
0
255535532
0
1965875971
0
1441535502
0
2124160307
0
994132021
0
954103287
0
353552460
0
68943971
0
1247634864
0
968829940
0
903790026
0
847131751
0
2074243094
0
1701639107
0
1408744250
0
757401575
0
1512695256
0
1957754406
0
233862308
0
628736546
0
1555585382
0
1257596696
0
893615898
0
1649254215
0
1444159676
0
1131496138
0
1087897181
0
612150509
0
1966935633
0
2071405560
0
1255845403
0
1524405505
0
1203413825
0
775169329
0
1635109801
0
2089678395
0
1277221727
0
19030277
0
2014285783
0
1168943573
0
1254228655
0
121525633
0
224365534
0
2077729453
0
167332704
0
1304662205
0
1649643565
0
1545514185
0
1642196830
0
942290566
0
1533129784
0
1803482982
0
1554284716
0
872139704
0
1476114353
0
1322840727
0
85901298
0
634104702
0
1583870100
0
2044966135
0
1417544357
0
484428281
0
675612990
0
1281481241
0
741721724
0
2121928080
0
2131798478
0
519853198
0
1209222790
0
1769679969
0
362728033
0
1811460445
0
340035596
0
524277305
0
403261494
0
157539726
0
2070321778
0
220590505
0
907842813
0
242846156
0
1296414592
0
470965282
0
2036255379
0
1044756261
0
1392180755
0
1547615220
0
447070076
0
2008970126
0
2023009548
0
1760373932
0
722470405
0
687556697
0
155901972
0
314394064
0
1211262028
0
1683414683
0
53527956
0
1996192046
0
2010183688
0
944509612
0
173930260
0
520636253
0
1485126293
0
315177370
0
1491384088
0
263239232
0
445459404
0
708209586
0
1524140228
0
1039870580
0
882918774
0
103833848
0
1378761972
0
1503912274
0
371063928
0
178927008
0
749117656
0
1871305678
0
1136519831
0
1769243199
0
1611869231
0
179958512
0
905736208
0
1344357920
0
948111353
0
578849131
0
616423807
0
773811121
0
282544415
0
637639388
0
861795586
0
1568698534
0
459526719
0
914371621
0
450856215
0
1218098889
0
626420572
0
1285716010
0
1048523956
0
291321210
0
2120344957
0
1294053981
0
1598365498
0
855984563
0
539599088
0
218430735
0
1115810422
0
1598556950
0
1926234680
0
910288235
0
540864417
0
9978768
0
209429310
0
152715737
0
450433594
0
557558683
0
1417633320
0
1979629422
0
667552583
0
1101690553
0
509119837
0
1202250811
0
555745854
0
1014187375
0
869505386
0
150804667
0
543334809
0
727667819
0
2141147915
0
889534626
0
1774792415
0
388262075
0
1465374939
0
1214135977
0
593751645
0
1974873553
0
192557239
0
51659844
0
663604720
0
1321950169
0
150678521
0
570682634
0
801062136
0
876336709
0
1148217037
0
795688917
0
762958150
0
412770813
0
1066874281
0
1615071964
0
321200868
0
1796583565
0
1559900135
0
761206369
0
1035358604
0
212065787
0
1514311736
0
1208646355
0
671471512
0
395137199
0
1051467069
0
364097520
0
1206108337
0
964675926
0
1954237079
0
1247689535
0
1887685437
0
1553222528
0
199815164
0
1776521087
0
1524764968
0
802457525
0
706319515
0
1969971636
0
1557900453
0
1512289347
0
1578092784
0
1582380238
0
627175618
0
1090872250
0
1222011311
0
1957987716
0
2007619831
0
803437953
0
4503735
0
532346500
0
730752098
0
291533893
0
1399940844
0
974928576
0
324350222
0
1040685068
0
1687116708
0
2143920015
0
235579092
0
1565437823
0
1491331764
0
1531313411
0
1340473029
0
79257726
0
644739742
0
2085844679
0
1268466325
0
1043360506
0
1556046587
0
419134543
0
647902041
0
1547512797
0
873130362
0
946234183
0
1241507646
0
1067892070
0
1541182511
0
1854195910
0
1335457753
0
1686859874
0
2122278271
0
1575007674
0
1270543996
0
1603038651
0
2088255742
0
989012873
0
815928731
0
1631095822
0
1198726399
0
1450495486
0
243272458
0
2018821365
0
89058955
0
17754726
0
2050936596
0
831350975
0
987229443
0
906591779
0
691554188
0
769740152
0
581245136
0
83890549
0
1199184611
0
561729982
0
657695262
0
785937325
0
76708578
0
750882246
0
1463998750
0
1706847571
0
900569171
0
401312941
0
1767947807
0
1315052357
0
183269175
0
713474427
0
1963493388
0
52168667
0
625458293
0
145078386
0
938494157
0
3909484
0
1282188178
0
1885793648
0
1970179510
0
756671477
0
2126840052
0
935449649
0
374471056
0
1607952482
0
923151126
0
1979108754
0
506620095
0
2138759957
0
1557313813
0
242565455
0
873640179
0
924793914
0
1672159259
0
2009661371
0
755862381
0
1413265462
0
1583484014
0
1998469674
0
1635571838
0
1265199666
0
1975197515
0
1342419279
0
577626771
0
1547055757
0
1781593670
0
880321569
0
1549766000
0
88007537
0
1673925223
0
1625447261
0
752642140
0
977766150
0
770816206
0
1486615538
0
1722597968
0
1477002969
0
1225424310
0
1338203440
0
588981049
0
1252361520
0
952842393
0
636543472
0
1770088197
0
781365088
0
540532611
0
875766267
0
150732931
0
1485151504
0
738898647
0
1919113175
0
1478237932
0
506610981
0
1985580959
0
1910787180
0
1129677022
0
578785627
0
1696595726
0
396502016
0
367626271
0
384284278
0
1182533817
0
2032192981
0
1487509779
0
1719720926
0
367198309
0
1781461532
0
806961850
0
1248582145
0
1857396178
0
1435270854
0
2060920074
0
1119941255
0
158506830
0
1144569530
0
1769064531
0
756479802
0
1052841974
0
1997289385
0
1125807438
0
2114680396
0
579057722
0
1974729097
0
2059652541
0
1291350594
0
1259696776
0
1829922106
0
1387526855
0
638929212
0
1065031084
0
701231043
0
199884965
0
802182847
0
384773663
0
817692924
0
1217116515
0
1295529930
0
634836577
0
999591343
0
367131320
0
655577409
0
1698403953
0
722602147
0
754260844
0
266036867
0
220670615
0
106767936
0
1299855107
0
313642418
0
1463249588
0
2000583719
0
659104154
0
842865052
0
1230793352
0
1381379160
0
393834403
0
630211167
0
569736765
0
2083711029
0
1915432774
0
1898764088
0
921032596
0
732713396
0
1042814674
0
972182751
0
1419909681
0
1583723103
0
1721871203
0
2147165496
0
1095287084
0
260198704
0
882912836
0
4033882
0
1225461717
0
1966902889
0
1521077152
0
1098359776
0
363325620
0
1117686919
0
924587324
0
347484776
0
1168594039
0
1822061658
0
273479786
0
759758722
0
327075592
0
1748822071
0
1991354455
0
161686690
0
901385375
0
1234351687
0
1056773389
0
1500588233
0
338481663
0
177129138
0
597087624
0
60614137
0
834551881
0
1097765410
0
1111234493
0
2000329539
0
682068188
0
252328030
0
1744481032
0
2045955980
0
874000096
0
531467992
0
998053671
0
293281780
0
711906595
0
1382744728
0
1870099309
0
188428871
0
1533139219
0
1962057027
0
1681053104
0
1164658996
0
110303367
0
590301808
0
1975521563
0
346243074
0
1774144995
0
244492370
0
1047045879
0
1219084835
0
17345818
0
1620870781
0
1145154072
0
856043690
0
1533346577
0
1152155639
0
419779674
0
753200523
0
1772574643
0
1768873717
0
1844436198
0
512735341
0
1838484423
0
1412984325
0
1153381749
0
1699657621
0
318163753
0
143915641
0
723591765
0
206901394
0
615704465
0
1568732009
0
1022141044
0
1402834155
0
210682672
0
1890618048
0
1449491724
0
552913700
0
658815331
0
283584185
0
933184602
0
960531773
0
1022934312
0
1850387549
0
1752843836
0
865682106
0
317447117
0
984316271
0
1337033856
0
259135584
0
194924172
0
1177997129
0
946005410
0
1691487129
0
435658117
0
1334219796
0
207869398
0
1852562164
0
1794376142
0
966963773
0
1751375962
0
1964927552
0
533842898
0
110909520
0
40497044
0
2028986056
0
1275812479
0
2103602905
0
1230743774
0
548121714
0
1724285215
0
1917275887
0
663709574
0
936747700
0
715977743
0
1087052460
0
1447310191
0
395110568
0
603879852
0
400956842
0
77959208
0
295384186
0
1687305885
0
1028450560
0
72687217
0
1883344623
0
1611605628
0
44550185
0
1430650139
0
1709974361
0
1912921173
0
488475374
0
2123111984
0
554836536
0
763665278
0
1560052874
0
1180807095
0
928463738
0
1073865464
0
1004284060
0
1928214647
0
1975338899
0
1571176520
0
1304848128
0
479484132
0
1331162980
0
371570414
0
101502622
0
852552236
0
834537668
0
858887519
0
2084940346
0
1101727123
0
1123751827
0
1925764671
0
1600781560
0
660549304
0
1509180985
0
875460178
0
1448746049
0
905255857
0
1861033251
0
286531002
0
1068214040
0
510081360
0
182698696
0
1862852109
0
791306350
0
119598579
0
48623661
0
1174084567
0
1759568933
0
77754094
0
1143000482
0
1167878559
0
534407533
0
1010795377
0
1842253469
0
334831037
0
1098083719
0
18602915
0
1274063590
0
627312893
0
1250569528
0
899603907
0
1357990069
0
282889367
0
2140280358
0
1340889656
0
639056774
0
1061481971
0
1180830968
0
1329697249
0
1506833261
0
71968556
0
542227431
0
1443318596
0
2027850107
0
1511270459
0
1633511344
0
994215360
0
207298213
0
842590457
0
910642481
0
52225998
0
1589020410
0
559396778
0
98241280
0
1873752064
0
1450740040
0
58524242
0
69424968
0
741816855
0
1573311150
0
674352539
0
1571917754
0
877866084
0
1082618898
0
2094361302
0
525944737
0
510503707
0
838633784
0
982832427
0
20387865
0
1208947182
0
1432503607
0
648956332
0
2087112458
0
1101191508
0
711605110
0
610653627
0
431159976
0
895891654
0
1243179661
0
1252160764
0
1873703595
0
636121557
0
1121413733
0
1284124459
0
69130063
0
80315814
0
1248155582
0
1130602778
0
1105581190
0
1474546486
0
741503822
0
607132813
0
1386381194
0
711157608
0
1679422101
0
1669678986
0
1125902353
0
1562433154
0
383983762
0
426728699
0
1581346760
0
437380048
0
209943055
0
197293364
0
194817780
0
1537350432
0
1872953567
0
915302843
0
1069518840
0
965018490
0
1269259286
0
1485754151
0
130168541
0
1604315941
0
2080832302
0
777308319
0
1077892732
0
2118584279
0
1767109893
0
117133641
0
1570083635
0
116599109
0
1176138899
0
1926988505
0
694923128
0
1556939910
0
400828675
0
71340086
0
716950376
0
254226115
0
1433340922
0
1836807655
0
1148831960
0
393281543
0
2075711382
0
609351759
0
25500970
0
1245557037
0
406529903
0
1402598614
0
546912379
0
726344693
0
1378205703
0
744633779
0
1672712584
0
571976411
0
1070735705
0
2089515722
0
690660263
0
777928206
0
758915306
0
1184168409
0
1587493314
0
663298070
0
463050913
0
15958063
0
1919192613
0
665868751
0
718813540
0
1503652405
0
298412939
0
1051950028
0
2038738492
0
1976247159
0
1803916811
0
255714131
0
672622070
0
405212682
0
738901737
0
1971046805
0
300913013
0
121020806
0
329672733
0
301814271
0
236078483
0
1368767772
0
1035117340
0
452109033
0
799374545
0
430282183
0
1175210232
0
1351267765
0
1117759330
0
2141599001
0
2028486087
0
1462768084
0
350396932
0
721076050
0
874952329
0
1503262494
0
187629703
0
986424525
0
263236835
0
405173025
0
72386538
0
1124799964
0
214450407
0
790430783
0
436329539
0
1881391115
0
991251377
0
1931243460
0
1340991462
0
202626569
0
1783164688
0
1514617331
0
2049814226
0
1295031208
0
842750511
0
1453186412
0
372509153
0
846503466
0
104591687
0
1230860163
0
356787990
0
761405506
0
87286869
0
299076382
0
1465018294
0
1662454403
0
2108903751
0
127749322
0
1746691501
0
542602817
0
1309980157
0
834149655
0
780003969
0
1286525695
0
1771997869
0
664967687
0
607016421
0
1577664497
0
826611570
0
788944547
0
1226964851
0
1460272263
0
1352806325
0
1206533486
0
1667704228
0
148399352
0
919394897
0
1125193714
0
389755716
0
799195462
0
1715401496
0
784982297
0
1205422158
0
169483708
0
949364434
0
164545028
0
1696831907
0
71028789
0
1927432638
0
1717015518
0
2142046287
0
956087301
0
1486621053
0
1815288573
0
254873482
0
1576219856
0
168850400
0
1042775113
0
307281024
0
1921482980
0
505361274
0
309108233
0
419129938
0
570505806
0
2124081234
0
1812635757
0
766151557
0
397271087
0
408500686
0
165810143
0
1484783242
0
991970154
0
1126826617
0
2064152673
0
1763141473
0
2139375405
0
1163730114
0
1678452769
0
410501591
0
1582765773
0
664411422
0
1995288801
0
1861730502
0
1267810324
0
755369934
0
1726643321
0
747774136
0
765601508
0
1890015779
0
2064574876
0
269172706
0
1385109160
0
806918640
0
522351675
0
251452789
0
2066691074
0
1476374140
0
1394113542
0
1819711624
0
1578647641
0
170443602
0
2049917363
0
880971120
0
1729351422
0
1165671056
0
2087610258
0
877781520
0
1808835397
0
1318010447
0
507763924
0
2035741137
0
991825555
0
844034871
0
1564588462
0
101023319
0
1386841303
0
2001758630
0
1078480508
0
1259917276
0
1240898312
0
1564233767
0
582115395
0
1825431680
0
1078864718
0
1274883805
0
1527764516
0
1823736880
0
511648529
0
752304315
0
1742392316
0
1300644520
0
696404827
0
690051239
0
1279480073
0
1467829500
0
1665753411
0
1720756385
0
590288546
0
1752627129
0
1518454851
0
2122503456
0
1064724675
0
1993865921
0
1569706459
0
219853018
0
1397800686
0
1512515069
0
1076835144
0
1523571939
0
78571945
0
2003720357
0
1836971492
0
1754956772
0
2018059106
0
162673824
0
312277337
0
2142653338
0
421375223
0
1799788802
0
1743227219
0
300473712
0
1327623487
0
1012853679
0
2076396831
0
1392274867
0
981871957
0
1057637751
0
995534838
0
908928489
0
1309933512
0
50187140
0
1681672356
0
835009125
0
192730730
0
820039434
0
2000204439
0
726996135
0
1589573162
0
1259565054
0
1763554099
0
484445999
0
973399416
0
393561866
0
344649102
0
754061355
0
1208192538
0
1634103781
0
213885784
0
2038230257
0
2024276102
0
1572510540
0
103402151
0
565681434
0
497755969
0
1335765918
0
423738088
0
710271564
0
1820066122
0
1094244586
0
2066287641
0
1138326650
0
2071679074
0
1557827907
0
293008725
0
417638504
0
1273778332
0
127948981
0
807393020
0
2052805394
0
27984256
0
32471899
0
294360155
0
1656286044
0
1516509094
0
1632420262
0
1983753009
0
1253202588
0
56286740
0
1118434500
0
604279309
0
672179700
0
1560234680
0
2088936890
0
1699649074
0
174514324
0
1747065313
0
382810160
0
29352708
0
1557208193
0
614893762
0
828148570
0
851499783
0
325829273
0
129291461
0
1895617910
0
1730310125
0
98723201
0
1383463723
0
1069346392
0
214168601
0
349084635
0
140136841
0
1637809575
0
220139779
0
1922425519
0
1314228718
0
1372754031
0
1460179296
0
1937793603
0
1907578866
0
894634799
0
1594054146
0
1409535497
0
1170988022
0
1255544646
0
764549900
0
1395509299
0
1655879406
0
1124595169
0
1067428136
0
186294714
0
24100872
0
1336430068
0
848688903
0
328009347
0
262573180
0
2136025322
0
693459955
0
587711416
0
1388476159
0
1561496011
0
1813290537
0
1033620782
0
1069262491
0
951528141
0
22746578
0
49647280
0
1198179924
0
855824749
0
1088837
0
1120214283
0
452321132
0
69155144
0
501852181
0
1461324298
0
1854489394
0
1973076047
0
46644955
0
130227530
0
448260417
0
540194843
0
1641350432
0
1749264909
0
844198133
0
13565602
0
363806232
0
605398215
0
150280019
0
315510461
0
647193584
0
377894233
0
1159229852
0
1204476980
0
1463746238
0
1757845681
0
1179828788
0
1665927165
0
346072569
0
1055951107
0
565396541
0
4526612
0
916840239
0
1138729648
0
254931872
0
410096939
0
1224230550
0
602031943
0
1555404984
0
373131157
0
563106459
0
169824084
0
227612925
0
822055168
0
1518907425
0
1138980086
0
169076044
0
540206527
0
1837723420
0
1507708786
0
1902015349
0
1877885048
0
46841777
0
1290731237
0
1587581912
0
4881009
0
430739677
0
274377302
0
811924605
0
905743197
0
1461822043
0
1630155021
0
419069521
0
1702560934
0
1869505110
0
939144513
0
197024541
0
2119160560
0
715246425
0
1680692716
0
1550068821
0
882552790
0
395191701
0
1967482183
0
519853175
0
1208836229
0
1715200183
0
1696482000
0
632592781
0
1942817617
0
446836284
0
227111629
0
986707884
0
730684254
0
1298763432
0
1293213516
0
357572125
0
1055460569
0
910858963
0
1543155325
0
651542456
0
454941939
0
1167385453
0
836709579
0
854973697
0
729843402
0
51465750
0
1696434156
0
1975962320
0
1311595032
0
58066369
0
963888045
0
1597222994
0
981272658
0
1722637693
0
2144661044
0
1952635260
0
95721366
0
323746759
0
1635700662
0
1282860987
0
308792629
0
1557224451
0
888141968
0
1990709526
0
59783222
0
1901749005
0
1696408734
0
1548694766
0
1411130522
0
61285786
0
1385538389
0
1578519502
0
164295076
0
1790855937
0
1932420454
0
1795376797
0
605103182
0
1634111329
0
340745020
0
1710148238
0
540304618
0
1338855210
0
805861204
0
2077377646
0
696963396
0
1487985834
0
1130842723
0
843369511
0
1119301177
0
138134119
0
190315626
0
1031575799
0
1058971562
0
1938059845
0
2087340866
0
645077470
0
1319588234
0
1255826269
0
1202820367
0
1538338958
0
1307240873
0
2039643701
0
10225646
0
63740562
0
1840769328
0
1160677014
0
1904608597
0
365447597
0
274532359
0
1270483957
0
593963178
0
1235141390
0
1444409828
0
1040833508
0
2034464141
0
1004190253
0
351600398
0
1620376289
0
1424161616
0
31550650
0
1990797388
0
1536479856
0
126084617
0
1685281977
0
1372367156
0
1400422112
0
473665264
0
170212619
0
315269729
0
896178154
0
1763417867
0
342278422
0
1712231888
0
1200471816
0
720947947
0
869408855
0
675891797
0
1672423196
0
3199589
0
88401148
0
1846894359
0
1024857975
0
1969136885
0
413142278
0
867635595
0
937482035
0
173044206
0
661112204
0
232423050
0
61447457
0
1955259239
0
1247263479
0
1169413186
0
557079758
0
1958275433
0
400828509
0
68550124
0
1070699276
0
1477253519
0
1141450866
0
893286211
0
403172100
0
802578415
0
590634098
0
1117868652
0
1831490208
0
1972813405
0
2074871802
0
1530916228
0
1107469289
0
995571674
0
1528031141
0
2009935961
0
1075929217
0
1330042379
0
864982230
0
1439533067
0
681489967
0
1271585918
0
1934752529
0
188372029
0
577795725
0
91698341
0
1428242288
0
2043411897
0
1065270055
0
422649346
0
1739137593
0
285606234
0
558023793
0
644802502
0
993168352
0
1937587580
0
592433952
0
1303243772
0
1432360251
0
387055687
0
516964646
0
2053453207
0
178359112
0
1941907819
0
188246827
0
621009358
0
533755486
0
789259683
0
81004662
0
2088205683
0
147671260
0
1567254535
0
1960039290
0
2128685697
0
1890434106
0
505462177
0
2004984954
0
1616216801
0
235123504
0
350821248
0
1410104121
0
2137917002
0
274671010
0
1453307667
0
262958291
0
18651311
0
2087455162
0
418566695
0
1841498940
0
538364016
0
935412101
0
1890885467
0
1649035563
0
2064242806
0
1130523157
0
1914874690
0
1108980888
0
631212303
0
215960341
0
398087757
0
1249371494
0
91599292
0
1911009392
0
569426812
0
1169298252
0
772867667
0
1605782213
0
954662042
0
1154613157
0
921095407
0
1788377873
0
1085788099
0
1672031334
0
2007109543
0
816962125
0
1819479604
0
1974054795
0
1464077062
0
875553708
0
873221112
0
323985786
0
1358060157
0
1460858383
0
466306930
0
1052744607
0
360842216
0
181305184
0
2064416042
0
1894616962
0
2087246265
0
1202602110
0
17577206
0
1214841603
0
1715789592
0
865260828
0
1826962359
0
1035182907
0
1554093602
0
1955054000
0
2092778900
0
1847801734
0
1242724071
0
37510575
0
1227525454
0
144908649
0
233208045
0
369956540
0
894409715
0
2106034652
0
1298926310
0
1883220415
0
1671525419
0
2094130726
0
945621199
0
1676503793
0
2013800311
0
1599550257
0
1440876253
0
1781580599
0
660637272
0
840175514
0
1124884773
0
1639835270
0
2053740939
0
719303542
0
1149181431
0
1971873346
0
1307685718
0
926219028
0
2001730140
0
599649078
0
161298575
0
820787511
0
1688232696
0
1572977508
0
1509282386
0
432223138
0
1584586212
0
1195758637
0
963443433
0
567080051
0
381991771
0
1307074314
0
1387770235
0
434449578
0
349657646
0
1180798130
0
777788983
0
566477992
0
1000604393
0
213593494
0
1420679521
0
1637522101
0
1831015202
0
431838504
0
1562493515
0
1398471089
0
2042560055
0
1780747090
0
1684237038
0
989946559
0
1476003804
0
1612327331
0
1436794271
0
1895185829
0
910775699
0
143737277
0
2020795311
0
1052914672
0
1071641024
0
125342979
0
2105473993
0
465865085
0
69106633
0
1834011451
0
1397671566
0
1489878876
0
734944912
0
2040682087
0
282509972
0
58755887
0
1815198836
0
894147370
0
1991769531
0
695418081
0
1285680393
0
449909037
0
331263772
0
1272602980
0
1848644387
0
372807513
0
1566072692
0
1424156812
0
2098293469
0
41882449
0
1691167774
0
1510709573
0
796634930
0
1630213112
0
1395404958
0
2049703866
0
1587694335
0
1894374370
0
157486168
0
1170172472
0
433497678
0
1530943522
0
1566199547
0
1408725150
0
436387875
0
714360620
0
1825353610
0
1914225875
0
941765418
0
1296901936
0
71821302
0
214813100
0
443761093
0
81984020
0
1368406413
0
1404207568
0
1818798493
0
1264040453
0
1819657447
0
668094802
0
1624830698
0
1127486034
0
262072310
0
160354173
0
2128092273
0
506691526
0
1191817127
0
1290477920
0
1625050387
0
524831763
0
1132102512
0
541806764
0
815619268
0
724918475
0
1030079894
0
1687099991
0
1862957396
0
413381312
0
590112739
0
945322527
0
951690783
0
608787025
0
1271434867
0
1543522019
0
372117573
0
707669347
0
1034277943
0
1376749183
0
2034705903
0
772516893
0
5290889
0
877141896
0
1796093064
0
1905984416
0
2014001060
0
678571406
0
1611455072
0
1809122787
0
1853206883
0
1892750140
0
776339969
0
1982703458
0
793268107
0
878593773
0
427986039
0
1238623670
0
1989031319
0
1918929231
0
534174771
0
1393731737
0
1845165930
0
2039922830
0
406579455
0
87935431
0
462039681
0
200051015
0
1445501550
0
62052339
0
1384092778
0
904455542
0
1295040928
0
1006114551
0
481022179
0
1411315145
0
1016760900
0
1173067121
0
1839223187
0
944488991
0
1974836760
0
1721660935
0
760674867
0
692339078
0
1076484500
0
2072749172
0
215612170
0
988828701
0
2015517221
0
390885569
0
461282010
0
350776400
0
656343785
0
1693983503
0
1590026642
0
291268826
0
1239927069
0
272938195
0
247173373
0
1009506713
0
1658514091
0
308589377
0
288651734
0
204134765
0
1361611096
0
1011948040
0
1887707687
0
1927178278
0
1736954292
0
98088326
0
1450537833
0
954998487
0
366793331
0
1417447227
0
999448018
0
105751692
0
1399711375
0
1413210387
0
657838489
0
1045669867
0
1714771268
0
930158536
0
1641048039
0
961913052
0
615770348
0
528543943
0
1245686009
0
426678660
0
740341287
0
395759891
0
779633278
0
1498772999
0
2042098530
0
466347356
0
1732184389
0
1534707191
0
397675020
0
754951676
0
1139432056
0
1322884893
0
828199260
0
1703446613
0
1722726534
0
1490328084
0
1842332827
0
1668600943
0
187102828
0
721170988
0
323091648
0
1362668320
0
1600842632
0
1686986408
0
2101451562
0
1580343972
0
763391308
0
1250406378
0
305025504
0
520180339
0
265030636
0
488815374
0
1395041043
0
228351755
0
354669096
0
1656376047
0
881705868
0
1193359176
0
1437891699
0
1012305402
0
1451439880
0
1083316887
0
940560543
0
373920634
0
946944516
0
295172495
0
276898895
0
242665216
0
402839659
0
1657693469
0
1548780952
0
712174977
0
1598473708
0
527186386
0
2051545627
0
329916757
0
108158345
0
1046139053
0
1010445782
0
261577598
0
435664177
0
1436070216
0
463411679
0
1784384931
0
548404962
0
42383410
0
1520884713
0
11521150
0
362439820
0
1262431848
0
553636976
0
2077496828
0
552571623
0
1351978133
0
172012424
0
499821306
0
1688146525
0
124701511
0
2061739552
0
2008006119
0
853329428
0
1011901730
0
1109375517
0
821290965
0
1559849486
0
2057432273
0
482528317
0
955172747
0
1148097504
0
934181433
0
534401214
0
904591944
0
1440065695
0
1043434175
0
646717823
0
971713694
0
2126403270
0
36905516
0
1795717076
0
2029205041
0
661326080
0
1679553335
0
1727845177
0
1620015105
0
1796193069
0
1439284804
0
803901020
0
1344819863
0
122052766
0
493955277
0
1882044884
0
1241728725
0
488599529
0
2062301422
0
713936974
0
1147586229
0
931117096
0
571696783
0
665995203
0
696608657
0
1968338402
0
2025424026
0
1538316385
0
927856462
0
1604795967
0
1558694696
0
1976229566
0
1508231260
0
2093301279
0
2037490999
0
336985131
0
794719578
0
1651146753
0
1039791137
0
1695203920
0
626738691
0
189891102
0
339051872
0
1170697213
0
662885077
0
2111812150
0
1764571081
0
396993297
0
34651450
0
418851813
0
191026225
0
89711310
0
244466976
0
620248921
0
637992709
0
357610692
0
1703656138
0
949245915
0
320079842
0
135368759
0
957550340
0
306113762
0
1630663369
0
372939769
0
1641415637
0
697681697
0
675568859
0
539771524
0
969078940
0
793765732
0
652242560
0
1484171632
0
1450059119
0
1499186877
0
408211488
0
1747710298
0
485654820
0
1962701140
0
1769242060
0
1592726058
0
563196951
0
1690723128
0
479995192
0
1330613812
0
1879122073
0
1510168129
0
286520210
0
886832896
0
1463972892
0
1272252165
0
247463976
0
1598704040
0
103409016
0
681061489
0
512607113
0
1830840074
0
1783429502
0
1670378935
0
5043314
0
1011116165
0
791286444
0
1932522084
0
1355988560
0
1003265956
0
1996809895
0
1656953596
0
1998637323
0
158281287
0
1648835623
0
851334873
0
1849154197
0
351249595
0
19397562
0
1744793837
0
860818674
0
182124079
0
795198778
0
1115126565
0
842390586
0
1846377878
0
934296396
0
319100708
0
858932797
0
698444045
0
603449813
0
1763225957
0
1411814346
0
816897519
0
733646562
0
1694150107
0
95172776
0
1841012864
0
958819272
0
158217416
0
575355726
0
2032308088
0
1274629481
0
1548308342
0
1358953295
0
1439443220
0
1318915085
0
679629261
0
63471234
0
1609140926
0
1569976611
0
465330388
0
1819872389
0
2133141349
0
1614649625
0
1812883883
0
641437945
0
279633675
0
1108956089
0
214415510
0
203916904
0
1994988563
0
1110597730
0
2035672033
0
1977878274
0
1300779205
0
812571975
0
1048672552
0
641290535
0
2097081099
0
1140416329
0
685692028
0
1028664794
0
1525834408
0
1596666429
0
217019291
0
1015991231
0
1122142120
0
641222886
0
960104356
0
281787734
0
805003703
0
550260221
0
1158950365
0
802106265
0
1245143636
0
2048433884
0
1717943331
0
555930202
0
1965040564
0
285751935
0
859336853
0
1046962296
0
1961789001
0
1471307416
0
2137029154
0
384995203
0
246148410
0
962822748
0
872645491
0
1386941874
0
1544571780
0
835581524
0
1223106135
0
1031341861
0
1422142890
0
462561120
0
373941700
0
1301000778
0
241582092
0
1526127414
0
78767330
0
992588758
0
786285810
0
1638728679
0
635135178
0
1723211056
0
1043754750
0
1739654554
0
384235173
0
357226082
0
1681966809
0
1488913402
0
1688092570
0
1365363473
0
1801122516
0
536638300
0
1996074347
0
32016595
0
1232000415
0
193650531
0
1246749312
0
1117743005
0
1867224726
0
1267436271
0
911112104
0
1502728818
0
1955555406
0
1929974954
0
1496047590
0
1333306054
0
2030476780
0
560606983
0
1110803892
0
1205669473
0
31139619
0
1525050312
0
1303266839
0
1820047320
0
778239372
0
1693714974
0
1371827033
0
912509439
0
1365418046
0
570847280
0
1420783811
0
1242840484
0
1994063866
0
601600780
0
751299384
0
2032386175
0
439554043
0
241055021
0
1257579705
0
608048161
0
1738249501
0
391829519
0
1293864131
0
555040195
0
2039078444
0
1247369482
0
803521960
0
1416409384
0
736289893
0
1023457637
0
2055976236
0
1780718222
0
1199052562
0
489866086
0
1874488451
0
942294467
0
1598693891
0
2080318420
0
730428133
0
1289105079
0
26548170
0
1665978261
0
1204843041
0
1173682524
0
1444883173
0
406408335
0
1506888885
0
1006841124
0
1955116355
0
993295738
0
1931080435
0
748513934
0
314484612
0
585618617
0
574541718
0
1236177514
0
1678676720
0
2026962401
0
1623981246
0
1883131799
0
182156307
0
1336854774
0
1544271704
0
87171486
0
507317948
0
982673446
0
1643361492
0
1189411977
0
1669311163
0
1386352133
0
222729381
0
348709746
0
281828359
0
1487788078
0
2102124925
0
12654031
0
75417964
0
534369218
0
366835172
0
2120668914
0
296348339
0
711956180
0
68636176
0
369491593
0
1669980074
0
1891321075
0
380364631
0
1877019745
0
536079785
0
1199047330
0
401931862
0
1432734819
0
239969122
0
186744388
0
1139320849
0
1601312491
0
993972033
0
412668618
0
1496766563
0
532183383
0
136728326
0
185472792
0
1242443347
0
1761833248
0
1626874300
0
1114566496
0
19245491
0
1336420187
0
682618936
0
918815078
0
2117594016
0
156145181
0
107040433
0
1584744892
0
1715209750
0
1857274569
0
1538872038
0
1676781845
0
244569334
0
193096180
0
519706643
0
893556552
0
651825993
0
925381004
0
801962654
0
978957206
0
1461541575
0
1211296639
0
117638113
0
1458809951
0
398048658
0
592234601
0
100235162
0
1025188486
0
1081584321
0
1886094839
0
589845706
0
752266190
0
1101625441
0
1562266100
0
1871274478
0
612141431
0
1814361687
0
1856569656
0
428817482
0
180300642
0
213464177
0
1394732349
0
1482582638
0
513640725
0
2022887782
0
1861336417
0
1086874670
0
606677308
0
173159600
0
453055515
0
1674511990
0
749821995
0
824229369
0
1553481633
0
259625605
0
1988256178
0
1776036326
0
1967321429
0
2113027991
0
724374298
0
474031643
0
2032977178
0
1782606876
0
729405635
0
1283850369
0
1904950374
0
1814726342
0
1542875300
0
240129575
0
735994312
0
350595064
0
1903596927
0
542179083
0
630733760
0
763022728
0
1498133259
0
2027406585
0
499447146
0
1842090346
0
1888190070
0
1444654771
0
862623215
0
446273608
0
1507634332
0
650666971
0
773051073
0
393319561
0
567196261
0
187649594
0
1320732562
0
1161194142
0
2006044305
0
93376235
0
1711319335
0
895579074
0
284614895
0
1076458396
0
1634019244
0
940556072
0
298776537
0
720490673
0
1773939325
0
1082763974
0
237686340
0
474732960
0
935110115
0
1110374059
0
423917183
0
1572837582
0
1305029751
0
1384538246
0
1948985277
0
1027482848
0
988220809
0
388610965
0
886718228
0
1684231463
0
896247534
0
782003880
0
539291520
0
1491586300
0
1514332669
0
1560467286
0
1703378638
0
580270709
0
886565136
0
1258697866
0
73627265
0
502862183
0
1256558736
0
628491354
0
1729610732
0
1228926932
0
77229278
0
912352558
0
876202726
0
1043848403
0
1166196878
0
187682377
0
1871716443
0
1597796245
0
2025967627
0
2084683804
0
1084993023
0
1194090884
0
850806173
0
1553227885
0
289850263
0
1020458845
0
1047402973
0
778312752
0
779528987
0
1893437809
0
1596574617
0
821418654
0
1558434862
0
1904166822
0
1530469760
0
46132554
0
108238511
0
246005368
0
706199501
0
2100379985
0
750218509
0
1045989226
0
639787040
0
450160751
0
266853676
0
1063877596
0
641911050
0
1788658469
0
1506797777
0
1623072615
0
1644156111
0
1659671628
0
435960913
0
2128344874
0
457189239
0
283050907
0
560315844
0
512598013
0
1677896374
0
1796589061
0
1652271407
0
614498092
0
620573821
0
1803619715
0
1704872600
0
2066969926
0
1868072410
0
482075730
0
1938477626
0
519051545
0
620742701
0
347018581
0
1923189262
0
1265555437
0
1512189771
0
2052002599
0
1567794220
0
293106850
0
2066825379
0
1586154628
0
1786322585
0
902301035
0
1591463778
0
822893461
0
575712347
0
1583586294
0
1570005987
0
959052820
0
1935975005
0
1407173338
0
124887355
0
890252366
0
952946713
0
242366065
0
1817459743
0
238505673
0
1360360809
0
1473210901
0
1916646844
0
828802108
0
1098094714
0
203395880
0
1828072783
0
370726252
0
946057417
0
418085131
0
190303733
0
831690148
0
245259113
0
1048793598
0
528227010
0
213960372
0
1144347126
0
178604150
0
1765294191
0
1812884832
0
657387788
0
2060672748
0
1258100467
0
770560507
0
1484049739
0
1548887115
0
348972871
0
409202940
0
1231174886
0
1351370157
0
691178027
0
890053166
0
1899959607
0
1686767606
0
571529995
0
10272934
0
858509978
0
34576053
0
1299138081
0
1147488318
0
1433010566
0
579481657
0
509870054
0
926246048
0
308371633
0
923995620
0
1140133883
0
233589400
0
336939084
0
20807649
0
1821805929
0
270409777
0
701724987
0
2059150832
0
1449062019
0
1920796353
0
1850123167
0
1604342856
0
385709060
0
1506524774
0
1329678488
0
1191517134
0
543462863
0
732387750
0
2012133293
0
1499266142
0
1740418343
0
336335014
0
605621394
0
1753765825
0
1329165700
0
1163023806
0
544952448
0
2145522728
0
1402572719
0
111695114
0
359073520
0
519602570
0
1291885288
0
1656364246
0
683366461
0
597565871
0
1656060525
0
2021178555
0
1051645639
0
1217839863
0
567937884
0
1914689120
0
137589545
0
1775078643
0
903928777
0
1031636161
0
2073475696
0
1688882803
0
1761907622
0
729394471
0
1096217021
0
857264334
0
573873815
0
748150028
0
640767411
0
1894870619
0
2055492170
0
87471901
0
1261425559
0
820806929
0
2014591022
0
2004128152
0
100847469
0
578814000
0
25977090
0
657771289
0
2063723114
0
985994301
0
1622396655
0
1020714626
0
1051346946
0
492673906
0
1820878957
0
1870660549
0
1031254963
0
2109131851
0
1813942375
0
1251643813
0
1775242726
0
1514188111
0
1278364627
0
2047881401
0
1022296138
0
1862015366
0
1760552278
0
1572447980
0
1199439878
0
557035157
0
1208666426
0
1008804809
0
599031798
0
524091850
0
1581286603
0
1573804996
0
384487673
0
306026288
0
160487851
0
79851125
0
2028062147
0
780059445
0
71427180
0
33255587
0
580902489
0
767473361
0
1137994445
0
783276933
0
460656821
0
580643112
0
703091416
0
1402402918
0
1552817001
0
1974057463
0
1508918138
0
752757943
0
776583524
0
1781165049
0
118939363
0
1854082231
0
1572338447
0
1506002394
0
1139972416
0
1814780825
0
311087434
0
1471306440
0
2120625522
0
1714542642
0
1382608648
0
1730486396
0
913826251
0
2022240860
0
1725936598
0
1754782557
0
1237511248
0
472423941
0
782133428
0
569121109
0
326315225
0
1854235784
0
2005620071
0
1553209985
0
2136488610
0
2037490430
0
327421948
0
1127576422
0
1781223426
0
1100081602
0
1384767791
0
1511980798
0
687277035
0
1898073679
0
54746768
0
1005928860
0
1655080836
0
587931061
0
785082380
0
740033492
0
1665100267
0
1480783412
0
338820401
0
1575331410
0
269124007
0
566625067
0
1325010271
0
42205307
0
674991239
0
1569130419
0
1275766973
0
1338783563
0
1749173722
0
1459101871
0
1009380804
0
1689845175
0
756624650
0
1339818663
0
1966230246
0
953384486
0
1157565935
0
1156311372
0
1545707501
0
596291548
0
1713350334
0
670840915
0
534111655
0
332941125
0
1546587440
0
353040792
0
59274483
0
1941307220
0
831397669
0
1772015501
0
961308711
0
1196029396
0
1219122652
0
652936137
0
256218389
0
557751688
0
366501061
0
800232631
0
1967231703
0
605003109
0
2099668065
0
1669880951
0
225360814
0
1625531237
0
16543125
0
1014911412
0
153493363
0
635091894
0
995736868
0
9479405
0
406569957
0
2075786192
0
1866683429
0
759792180
0
889404198
0
1730172666
0
2083417082
0
1270032839
0
1601957540
0
1097892341
0
1097080163
0
331706399
0
121900381
0
80304229
0
1053446487
0
1419921141
0
1776331323
0
482885067
0
508619056
0
1375559132
0
1360871569
0
1467619633
0
286002389
0
773749937
0
1401708574
0
620395628
0
956213611
0
1462029576
0
823194858
0
1346324432
0
1787023832
0
1950741129
0
473316354
0
748533190
0
638120204
0
352935510
0
437283556
0
735685658
0
1605498227
0
476676634
0
1390184328
0
205921336
0
1323738835
0
148016925
0
934395249
0
1980523079
0
654860253
0
382581296
0
477802754
0
989530345
0
923146047
0
1893746001
0
333906620
0
593792729
0
517888694
0
404058767
0
672405155
0
1054489571
0
1771164753
0
1695172604
0
100410679
0
1827619058
0
1334904765
0
982725146
0
364799745
0
123502030
0
1229415208
0
1841233069
0
364837413
0
756588106
0
725623655
0
2144621919
0
1295061385
0
1349935350
0
198696895
0
161643180
0
170112805
0
785179478
0
224475931
0
1785688185
0
977358470
0
361389387
0
787673593
0
1340877443
0
433792883
0
50003016
0
734583935
0
268708942
0
33078553
0
1900459345
0
1495929584
0
1497462859
0
1497412020
0
642960947
0
106924525
0
1784162783
0
1109730820
0
350417545
0
1067518741
0
1709092949
0
2131415218
0
520853319
0
838387261
0
1134487660
0
1974283554
0
1013862281
0
1848101469
0
1985402922
0
1066002968
0
2003299902
0
1212835248
0
207235812
0
1941300497
0
718404208
0
1066460422
0
1101794692
0
111900363
0
1661209816
0
518482865
0
1800356176
0
541663802
0
560340581
0
928352772
0
1356343549
0
527115138
0
854080491
0
750115689
0
1465377133
0
1251010535
0
1869157615
0
1541246989
0
790394009
0
1965752568
0
1514984928
0
1785566064
0
1072354470
0
1378811666
0
191635685
0
1742970942
0
288193467
0
1091975884
0
443435126
0
1045907592
0
1415248049
0
545085371
0
84592295
0
108527751
0
812294754
0
684386499
0
561475361
0
673247409
0
177867020
0
113768516
0
847002582
0
2050783358
0
403363556
0
1872895760
0
2091224241
0
1488451685
0
370465892
0
865154191
0
34714300
0
1475171763
0
513116126
0
1795886977
0
589763854
0
1524063273
0
1893971542
0
1977090560
0
946571889
0
474881447
0
1283247477
0
362079118
0
1642564275
0
675487740
0
1323888138
0
509868799
0
905153263
0
136735893
0
312651361
0
1986423765
0
1043442093
0
779795649
0
2080258749
0
1875021283
0
1307667303
0
616718123
0
1425412839
0
1733502788
0
70719067
0
1016902278
0
1401723520
0
871593050
0
878435163
0
2057195063
0
790707141
0
786111151
0
850718513
0
79926265
0
1143456480
0
241902357
0
466370328
0
2118274793
0
860545985
0
2041490997
0
992958460
0
557416383
0
1173480867
0
203117621
0
1446341064
0
1286862255
0
986110848
0
1433718437
0
1739251319
0
49515469
0
1130316094
0
582250496
0
1948590540
0
835589030
0
1349259477
0
1724201266
0
506345044
0
1810945094
0
268465927
0
243692742
0
492599965
0
578152570
0
1794224962
0
573565160
0
2003036384
0
1078855516
0
1120225791
0
645736088
0
1651562725
0
1588581600
0
1774251696
0
2037816077
0
1505603783
0
882968280
0
935881190
0
1184929702
0
1497642883
0
228108094
0
554425963
0
305615808
0
1851485079
0
871677723
0
154050627
0
1411093354
0
1584086857
0
1393033740
0
851348586
0
2079628588
0
2021323591
0
1341782044
0
605036361
0
511050782
0
1443388721
0
1058957335
0
1698946656
0
1253876880
0
651694149
0
856962543
0
1944123419
0
918614028
0
886030313
0
859862293
0
1288097788
0
276877509
0
2030714361
0
258663556
0
851484164
0
63320740
0
1227271915
0
178645970
0
320679284
0
1620255865
0
1547679095
0
1520617201
0
1957897907
0
498199968
0
208122523
0
1811866745
0
726268755
0
101915737
0
1353325100
0
1335650323
0
628416570
0
472716044
0
1396541255
0
1820094722
0
1574924786
0
2024929027
0
1808802780
0
769816528
0
1864896568
0
792790411
0
1439891689
0
266398980
0
2011736512
0
1273018816
0
247665451
0
689927071
0
1340072144
0
1931518119
0
1662217981
0
282842844
0
1358368297
0
197316422
0
582353586
0
1533740523
0
1330755120
0
2106601982
0
96623385
0
451594563
0
742611843
0
2049772584
0
595154114
0
1923849919
0
1631799401
0
138876770
0
1934632748
0
322696409
0
1162337388
0
1893227004
0
201058629
0
1200600872
0
742508492
0
312752327
0
1535875680
0
709116820
0
1739636537
0
81423454
0
536908239
0
90488179
0
416402377
0
1973028313
0
1391863264
0
506511277
0
309855831
0
99107642
0
1402312669
0
36002058
0
1643683999
0
167336185
0
1363167372
0
1398475008
0
2108426688
0
699686069
0
3310711
0
1956028602
0
1293045538
0
1829333173
0
79264512
0
758792044
0
1259987622
0
275719887
0
1901914230
0
178378015
0
112126893
0
1173532232
0
1066409176
0
240503170
0
572554536
0
49864345
0
551424085
0
1392659790
0
1008821877
0
885893674
0
710854267
0
876137208
0
2090171024
0
966902742
0
725627945
0
69240302
0
1933102687
0
376764946
0
1506656066
0
1388819485
0
889325152
0
401646544
0
932362487
0
28146850
0
617705610
0
842237672
0
1423835927
0
1000146568
0
1108863307
0
802512083
0
1623275821
0
764472059
0
87235612
0
1585083630
0
965928375
0
1529310952
0
2044882968
0
19756588
0
1336492878
0
1904336573
0
88507523
0
1487255337
0
1738281526
0
930073694
0
215108545
0
1114337914
0
472435111
0
969867618
0
1164174996
0
565649955
0
2116172063
0
2027184874
0
1068117663
0
1037756768
0
1863302489
0
1918392069
0
96027625
0
1176074478
0
844264758
0
1133331977
0
1878072196
0
1044754566
0
1363692890
0
1640921446
0
981748148
0
1124263535
0
1936106439
0
1468700929
0
1279475085
0
1383996184
0
1428483831
0
1808057804
0
1133906778
0
801334368
0
1156772639
0
708287382
0
684173953
0
1284182033
0
1036776281
0
416643009
0
1722363043
0
1823585788
0
119728932
0
91982885
0
1915606002
0
515239790
0
981085826
0
730035916
0
1139564901
0
1408127161
0
1123404987
0
391392085
0
384361834
0
338533862
0
1054437731
0
899889873
0
1869253337
0
1002562996
0
919579410
0
2078820058
0
1317261763
0
809533818
0
1525975381
0
1818515993
0
811030247
0
906653820
0
1734277275
0
202620194
0
1676020063
0
326201142
0
2084326450
0
1521395286
0
2786973
0
1743498624
0
567010253
0
1356380432
0
1147007719
0
1945517761
0
730999905
0
161458848
0
1367012175
0
1593569619
0
1856024796
0
2008773697
0
869110992
0
2112159297
0
1156619769
0
286484939
0
294033199
0
456103846
0
1368203579
0
142660177
0
1097844787
0
297840085
0
13927438
0
2732943
0
835416414
0
595586012
0
592825017
0
1433422286
0
1056808756
0
2095001402
0
546687202
0
1236762148
0
767202123
0
874264673
0
683246337
0
726125450
0
1988355896
0
1304513105
0
1291203512
0
935173249
0
23983550
0
1512082861
0
255166229
0
53967744
0
797774374
0
1453495597
0
1274014154
0
1943925688
0
1890316405
0
674745117
0
1727525259
0
538120573
0
1138832894
0
1990187394
0
2021728933
0
1711914097
0
154325773
0
1740504882
0
1790795987
0
924840804
0
312755842
0
1594952285
0
1472172141
0
1638076700
0
414742360
0
1990410005
0
1468184716
0
1193417782
0
275399094
0
805313573
0
1463278017
0
330906275
0
1706601842
0
1065569162
0
1154773401
0
1466832668
0
2091867163
0
1556623504
0
1525443974
0
1477093132
0
593310204
0
998025607
0
1969093779
0
1836143383
0
721830691
0
673301734
0
1090907295
0
1811012626
0
1403476251
0
264971909
0
1649274332
0
1782266095
0
1444350309
0
40497675
0
2039591273
0
1276551897
0
1646099349
0
2107417989
0
926351152
0
2074854561
0
1241146741
0
1444612676
0
155132550
0
267620392
0
1065171526
0
914156090
0
1123393992
0
206599120
0
1977836288
0
595120503
0
1358949842
0
1381408649
0
889456026
0
453762215
0
667117008
0
223432469
0
1428091527
0
1657055417
0
1562459223
0
822125445
0
552569317
0
1313221191
0
1619116918
0
1732749689
0
298286056
0
1066911094
0
86304408
0
966723531
0
2008595962
0
29402494
0
246477848
0
57236273
0
2044850102
0
1614861373
0
1076765225
0
348443306
0
98738573
0
1641820927
0
1066939786
0
568530852
0
1143284061
0
1639023518
0
1295526957
0
584869366
0
866782043
0
1624219100
0
1585776683
0
1876651911
0
796344688
0
1047083112
0
1844859866
0
1190872476
0
446114092
0
974132567
0
1978212488
0
475462962
0
319351847
0
784858676
0
1275207658
0
528310946
0
1624672724
0
619900663
0
1227271444
0
170729873
0
418823119
0
1856249814
0
1495683929
0
1663706568
0
1679204436
0
158866978
0
755126025
0
1922232052
0
210112496
0
897604604
0
2115442900
0
509560568
0
19682140
0
85245342
0
346870445
0
1580951157
0
230931368
0
760551847
0
772225585
0
1551728274
0
855691950
0
2064103338
0
933968128
0
1244351373
0
1617771525
0
595566008
0
256617789
0
828016547
0
780072869
0
297044348
0
1672361208
0
1108850920
0
594323774
0
853227421
0
1444953728
0
1592226220
0
752354273
0
434552775
0
2084089625
0
1836044805
0
1212513892
0
1248656461
0
958941543
0
65742466
0
1127031504
0
1212721188
0
437713039
0
1511555498
0
2129194523
0
1852338100
0
176016141
0
1218299868
0
1856790978
0
2001092689
0
623428356
0
387665579
0
30001255
0
1719919387
0
1555248689
0
2041248386
0
1210362677
0
1600407955
0
823821010
0
1132642861
0
1033517819
0
1486246997
0
1970980322
0
1331016879
0
63534554
0
525876519
0
1511447428
0
312862033
0
1232220775
0
1749757404
0
531627010
0
1523185550
0
26982963
0
383609624
0
581042274
0
969356209
0
1158858521
0
1405967804
0
1338313887
0
297780131
0
1153764207
0
1685178286
0
1777116166
0
788839486
0
1608688271
0
404654967
0
2102803967
0
687894690
0
1541583029
0
2143250995
0
1876261834
0
682771490
0
1335306509
0
1292385613
0
1475391933
0
2066029669
0
1097558540
0
1929337697
0
1523087426
0
525296542
0
353708577
0
545318743
0
1859391852
0
616825420
0
1081269871
0
896100983
0
466404870
0
551338540
0
2102388622
0
149642216
0
333373675
0
226520702
0
1792416030
0
235616094
0
39846790
0
1837585313
0
1334028084
0
1280733108
0
1052752275
0
489718292
0
1537998340
0
2024925088
0
1742600007
0
496339863
0
1157592493
0
1602671678
0
215507825
0
1382585933
0
1348715391
0
1169682452
0
787666126
0
1215379574
0
20049954
0
1972127946
0
1291780624
0
2044760045
0
101273374
0
1294548394
0
1318030201
0
839769402
0
741811330
0
1480452475
0
1219213183
0
27007007
0
787717132
0
2072637416
0
484812725
0
694512357
0
1095562654
0
596736400
0
600043310
0
344704858
0
1691152447
0
1253108684
0
625525859
0
1280660148
0
1973997202
0
496111511
0
1614647723
0
1780916969
0
244426097
0
2080679215
0
351858757
0
1667648708
0
1362758359
0
966644458
0
679616051
0
1988934411
0
290196475
0
396792988
0
963025381
0
2130814675
0
1164945353
0
628138172
0
88648152
0
1703323293
0
1797570941
0
974859391
0
1309041574
0
91770703
0
496946775
0
620544242
0
1306485462
0
80869259
0
1959971109
0
982767630
0
1078828333
0
663361110
0
1522564193
0
321254099
0
543753335
0
1319383360
0
2107476245
0
1905459744
0
1785773344
0
261142136
0
1706788931
0
2062490338
0
1741564539
0
273098363
0
791633302
0
1319713549
0
1214511827
0
468211654
0
853186170
0
751648171
0
1451998343
0
1879469940
0
914317857
0
1694728314
0
1223163237
0
1991055175
0
1574138671
0
1697596104
0
29985886
0
1461612604
0
257597395
0
112385413
0
1223510578
0
1386364421
0
429253797
0
1070995906
0
20262988
0
1257623090
0
1337219856
0
1237753937
0
256330670
0
297374808
0
783951487
0
1060467664
0
1313242395
0
1975492546
0
2006038002
0
2134925361
0
1533768251
0
1796779616
0
559961998
0
1007959232
0
1419804688
0
1966589399
0
547218016
0
1568218458
0
980823975
0
624073453
0
492392623
0
1388322870
0
1132651435
0
1177621037
0
1067478107
0
1026157311
0
184756920
0
2095684525
0
1290517228
0
138216296
0
1571464465
0
1849372449
0
1871927312
0
846904234
0
397848522
0
1523516143
0
1288292220
0
1397212486
0
216572257
0
2092625381
0
1415091548
0
62256711
0
524005688
0
133161869
0
373572109
0
1531735782
0
1996811485
0
1683676726
0
162717363
0
1044037310
0
46189533
0
1065884564
0
13283874
0
2071254677
0
867438469
0
1919352647
0
1208076542
0
1832042656
0
520388706
0
1619571158
0
777226781
0
1854967213
0
1413845392
0
592949289
0
1374578143
0
2053258622
0
1202936311
0
1339526119
0
1344410532
0
1832361237
0
1579812279
0
417161645
0
1849143707
0
174944165
0
381468412
0
1100914189
0
345671971
0
765551462
0
1048892657
0
45627976
0
217730653
0
86950483
0
1087887821
0
454836989
0
1550974450
0
1071073864
0
1330503094
0
18284647
0
219900608
0
50162169
0
1261984759
0
1629346741
0
1866693090
0
922164607
0
431069450
0
1521904819
0
2124057163
0
1408074460
0
237659280
0
19935540
0
49171848
0
1797528888
0
268074620
0
109446934
0
1228617906
0
1325880237
0
1778821987
0
1541285622
0
1439698840
0
1320153131
0
12631913
0
1851164385
0
1924224606
0
1486712869
0
1210956438
0
842330847
0
842344505
0
1071894511
0
90731694
0
214191688
0
737107844
0
1885858212
0
907823011
0
2057517589
0
1916434329
0
1552029797
0
1628421717
0
1352200251
0
1757666003
0
307464289
0
706650541
0
1091074677
0
329234606
0
1528148370
0
1832720117
0
1169057498
0
1021482483
0
1071817663
0
946631005
0
1468444059
0
1257228289
0
1144250390
0
700245845
0
821531355
0
1305116922
0
702137596
0
403935707
0
751619382
0
968141620
0
72614021
0
653139451
0
1525833140
0
1575355153
0
668172608
0
785032493
0
2049066330
0
1610045018
0
1732665326
0
1027880762
0
1233510466
0
1950757571
0
749657048
0
199448787
0
2061273789
0
622378319
0
2067046543
0
1008290682
0
548033897
0
248344896
0
1371940951
0
679645618
0
338383333
0
671980475
0
359343752
0
766424500
0
689656794
0
1092493899
0
559778643
0
73795394
0
1181122639
0
1936844452
0
987583538
0
415415503
0
419022524
0
912682355
0
2124133611
0
545452349
0
1957424247
0
1127330936
0
1950307518
0
1775550865
0
250629343
0
1111936034
0
906227244
0
1007265384
0
495719587
0
1470031996
0
28398037
0
544438225
0
2092911355
0
1926489272
0
894248685
0
1547087089
0
160706947
0
1614713950
0
746510511
0
1002692603
0
950400612
0
399719498
0
756755070
0
1384303956
0
158756894
0
1052427884
0
1480129696
0
89233824
0
809294362
0
1796405683
0
717721008
0
321336257
0
1924582841
0
1065117573
0
7368019
0
1427727454
0
1980531447
0
795501229
0
1903453228
0
274513637
0
955823303
0
1344573961
0
284145146
0
1771321541
0
35341226
0
1274498810
0
1499604492
0
984615852
0
2077124429
0
736112571
0
190690430
0
888455686
0
820917011
0
1717255549
0
1881280010
0
1271393289
0
844720573
0
204280094
0
1656671952
0
1560013909
0
525922340
0
134077328
0
727305993
0
354905627
0
1336785270
0
376117976
0
1370449511
0
1382817302
0
942366880
0
668255535
0
31302935
0
2122418677
0
1787327669
0
614878647
0
574110765
0
435601384
0
380708265
0
1210025442
0
227466604
0
510321768
0
2075752305
0
1297144620
0
2003127643
0
465161882
0
1135275694
0
186385463
0
1549319315
0
1170507330
0
1766488790
0
415673755
0
464496594
0
691198513
0
1234361368
0
1219481956
0
249307524
0
370960571
0
589289556
0
2142471375
0
1658090376
0
1777145960
0
1289587244
0
1687844384
0
1489068665
0
2630517
0
1261426279
0
832907969
0
1385823837
0
2081076744
0
590677719
0
1851006799
0
1423160351
0
383158971
0
1596851891
0
1186595478
0
1577052704
0
1281624854
0
1007941768
0
1126287240
0
1588778022
0
780548956
0
1856187616
0
450322143
0
831885373
0
1378922041
0
2046708310
0
633508524
0
153841042
0
36081906
0
838205688
0
230273896
0
447838178
0
2033558558
0
816442301
0
1672732224
0
902065891
0
1934365864
0
132144315
0
451411207
0
1955914845
0
1528615286
0
1090242741
0
1379271783
0
1482371163
0
1254347694
0
2122214106
0
496586519
0
1008172591
0
710762107
0
1474687735
0
967992118
0
1854901201
0
304381708
0
437319202
0
1334787980
0
1167403298
0
1136630494
0
1481672593
0
250899939
0
1364875712
0
45774330
0
530018684
0
261854232
0
790084521
0
1059155046
0
726908139
0
110624390
0
1690768075
0
1235419421
0
1822309551
0
144850143
0
1397381350
0
907185858
0
2086305353
0
421079655
0
1127144720
0
968058853
0
829032699
0
678670357
0
1127040882
0
1370337234
0
1643261410
0
1654817450
0
456169853
0
330099581
0
1033397666
0
1614319173
0
553944413
0
802139546
0
1804497403
0
1423789287
0
216268088
0
1275424292
0
2021794937
0
673759678
0
197637515
0
1683996343
0
1239552988
0
428209769
0
703886486
0
1880242526
0
1014268877
0
91825853
0
1423852825
0
1284151254
0
519473628
0
1272240741
0
55460808
0
121897258
0
27815968
0
1499022777
0
1945150082
0
993869893
0
843485285
0
917631148
0
1546635329
0
1157911215
0
516981391
0
187402775
0
1467412923
0
1106794713
0
395391077
0
1023427321
0
1546455224
0
278370127
0
1347341323
0
1698041693
0
1076549268
0
1013821301
0
1159350609
0
1086556232
0
1697140783
0
967340427
0
1639348799
0
320073783
0
33535146
0
984483308
0
1996941068
0
1714094560
0
294145415
0
194634511
0
604631996
0
157339168
0
847027119
0
315693070
0
1568819400
0
343437934
0
1872797249
0
435549864
0
1662295272
0
1581872681
0
686599707
0
1251640218
0
1714821561
0
1775432987
0
416937444
0
228481147
0
381876793
0
1522122715
0
1491267941
0
458640250
0
1047872667
0
82525222
0
1874453839
0
360570583
0
2058420294
0
2055811735
0
1163433562
0
989270599
0
852562319
0
1004002649
0
1493507264
0
1587719912
0
176763362
0
891941333
0
1422127671
0
206775387
0
645388463
0
103996644
0
1967390697
0
1129731620
0
1496414213
0
1052687874
0
1554814332
0
1183461228
0
439320482
0
610562588
0
1048551150
0
748370768
0
55777297
0
1146160587
0
592672119
0
1011149247
0
1347295618
0
929877758
0
1216979487
0
1139983981
0
2009153780
0
814715032
0
559809552
0
593282957
0
540085278
0
1947375124
0
1882928788
0
1065117724
0
9905876
0
1131817113
0
40073065
0
1345621944
0
717726251
0
409455358
0
1178596918
0
289240898
0
1516279525
0
2069021373
0
1987003787
0
54453612
0
373823262
0
1457896959
0
85777643
0
703318764
0
928473460
0
1237263118
0
597070325
0
1917353491
0
1968000002
0
632902520
0
706150049
0
1269240221
0
1165328696
0
628533032
0
282609231
0
1727001900
0
331960448
0
96734630
0
173805631
0
573480297
0
576743943
0
1741751090
0
1260977373
0
1878079415
0
1166084299
0
443050771
0
1028504048
0
971660033
0
1224522843
0
1219633100
0
642101085
0
687609420
0
1042017433
0
457855146
0
737531621
0
418343663
0
240483763
0
246381087
0
578457793
0
481656982
0
1343030931
0
120243700
0
153754073
0
721877570
0
1461197087
0
1863937764
0
1858040759
0
1531325486
0
1543417554
0
763857965
0
503575989
0
368594296
0
1621494924
0
897707238
0
1692928891
0
1045031934
0
1730449572
0
294925283
0
416974105
0
844642574
0
1040834548
0
2051943421
0
573189574
0
2133013423
0
1612080990
0
1591508378
0
1572485661
0
1832744445
0
1577938194
0
1131669755
0
1858394453
0
1033409603
0
1814944332
0
911665936
0
73565007
0
1603975624
0
656091777
0
1753452341
0
355407406
0
1180250335
0
160933006
0
1119120269
0
1392580657
0
1826317193
0
929296180
0
32332629
0
101132912
0
1081287207
0
1187467135
0
1194606374
0
924712015
0
295682766
0
263089004
0
68061055
0
1440851181
0
1360195495
0
842262150
0
1835237673
0
531948250
0
479815289
0
454467738
0
1787423834
0
83640155
0
1285779947
0
2123113115
0
573845253
0
268108494
0
678767252
0
608071500
0
2130508074
0
306869640
0
1449803033
0
1490116769
0
438245269
0
1866810520
0
748326970
0
1467147958
0
948495252
0
588588683
0
1100317099
0
1047798576
0
984761432
0
228920195
0
1318505588
0
239664123
0
1503077136
0
1367285091
0
1885501537
0
1355637227
0
1540863166
0
781931789
0
1475141730
0
8351495
0
777139410
0
386522816
0
150936337
0
608828852
0
1974421256
0
1180736148
0
1883541156
0
619768465
0
1152903305
0
100900254
0
1465971495
0
503034434
0
2004097646
0
1735616774
0
1240743417
0
1108397149
0
1557729165
0
780935578
0
1911692629
0
1315172836
0
60676081
0
1875644689
0
1047833710
0
1575258570
0
1192385774
0
110309814
0
698656537
0
2027319210
0
1178419168
0
1596763942
0
1855920282
0
252206899
0
1856115962
0
1393517012
0
383766502
0
1070207173
0
1796412986
0
840462529
0
1653778584
0
175818167
0
38434497
0
1723496979
0
1554295317
0
1050310711
0
256541437
0
1692252130
0
408128042
0
345233376
0
1984019885
0
1443620226
0
654894576
0
959447957
0
2134591623
0
219600979
0
1456748507
0
111097702
0
1055788271
0
2123579183
0
1964599188
0
1457480091
0
1669411755
0
929518230
0
1616843332
0
27811786
0
1428735903
0
1749664614
0
1119589127
0
682742475
0
847651404
0
70632830
0
1715000666
0
490683428
0
579169916
0
1712890008
0
1524076421
0
2114949978
0
814955102
0
299698748
0
1187705421
0
904511882
0
94463661
0
660335294
0
59798562
0
12084738
0
1244728748
0
1517862209
0
751903950
0
1455908702
0
1028880596
0
857851328
0
1849547385
0
517109370
0
190862181
0
1627591096
0
276854986
0
1652170300
0
1062676390
0
1928078278
0
1830868763
0
118121878
0
999513718
0
1209971592
0
1469893301
0
1992318466
0
1331434038
0
632274926
0
895595926
0
567846459
0
378109145
0
476288542
0
1309973025
0
714282131
0
506188987
0
1335578742
0
1572838350
0
1317937527
0
1429681131
0
456242434
0
1549968448
0
1343067426
0
733615165
0
1166460728
0
327242033
0
251228664
0
447305846
0
1676589222
0
1302121867
0
1903855739
0
597065073
0
1829083127
0
171708684
0
1837314067
0
1070163856
0
1068384167
0
1221922202
0
460332753
0
1576483177
0
299519153
0
316735903
0
1915844455
0
227952067
0
79563821
0
1494311113
0
65624526
0
1292297571
0
2143153686
0
240789471
0
1089448149
0
909465921
0
1752618548
0
1374233984
0
563945603
0
1388415410
0
540487568
0
118728566
0
458700699
0
2063839010
0
786374726
0
985656244
0
235639950
0
440794582
0
1763441171
0
733948750
0
330572882
0
398232985
0
1542734843
0
26952423
0
2017807491
0
228747813
0
568764961
0
782986730
0
2025665941
0
1309214496
0
850587110
0
18919691
0
155666881
0
658186921
0
459315550
0
1660221532
0
1088262853
0
315548872
0
1292767261
0
1447298928
0
205813327
0
1655915219
0
1726504260
0
558059556
0
1245871243
0
1392422851
0
1321555398
0
2105696912
0
2064981071
0
653641130
0
1367617505
0
1029932694
0
1360593238
0
1084677810
0
191273287
0
2094598697
0
220875208
0
1397878840
0
678565700
0
1515554330
0
618087243
0
813892562
0
1768941791
0
841072269
0
1164260529
0
2003203086
0
1733132383
0
287773173
0
470545567
0
1424556315
0
222805802
0
1633117493
0
817212544
0
1733304443
0
1032101946
0
1311989603
0
247170225
0
956598277
0
1484660097
0
1069755786
0
652402618
0
2026782791
0
752759623
0
804819284
0
1745697382
0
1014313960
0
849535834
0
1677476782
0
1186957258
0
1215038223
0
725414638
0
779156847
0
2081331770
0
581932407
0
897436011
0
1429383996
0
1904745430
0
517716181
0
1799600070
0
718692142
0
1610799866
0
1534493780
0
1105843637
0
1590525921
0
92716391
0
1358739462
0
2140519283
0
1061534837
0
2069349830
0
1064929645
0
1143829417
0
67403575
0
1128003056
0
361726476
0
10677475
0
1215179624
0
954457598
0
2013490143
0
681523975
0
1843158374
0
511183843
0
1532261301
0
91791083
0
839473435
0
62461255
0
1814293049
0
702970790
0
1522525383
0
1816458076
0
583357580
0
1227998505
0
1653025865
0
409771816
0
54855583
0
687298918
0
118377613
0
1002684569
0
815373174
0
883783911
0
1759289525
0
1824194779
0
1765106081
0
798803709
0
1573659766
0
91090710
0
1953206306
0
1103356900
0
598126455
0
340377578
0
1977001485
0
1596972011
0
1057968671
0
114856337
0
1950140953
0
1123576557
0
1127485428
0
251887268
0
779045039
0
202174714
0
631288644
0
1499023528
0
1957772139
0
531900839
0
1830462259
0
1875943738
0
1778982959
0
2099258379
0
1226739290
0
1964235830
0
1792973126
0
1008793978
0
416995181
0
1198866906
0
1664512988
0
200319847
0
1668793680
0
1278949940
0
1147818757
0
544247898
0
1041569113
0
1512875494
0
692047178
0
465488494
0
182192637
0
1947453084
0
1045718861
0
390729779
0
2137886774
0
1914112661
0
1186461367
0
1470532774
0
2002522942
0
1039370410
0
1066496172
0
1702644942
0
1133943919
0
1425563155
0
2112380153
0
573579267
0
92649086
0
227544327
0
1816612229
0
1026723404
0
1109147383
0
1282010121
0
1040673296
0
1489264704
0
1149974343
0
265959801
0
1072906000
0
2058441788
0
269577746
0
1750165499
0
948028734
0
1337755245
0
1646102272
0
9061203
0
1967783531
0
1289641717
0
455888448
0
2042976687
0
193146526
0
1365871865
0
1755732272
0
19502077
0
1353893795
0
156288953
0
375932790
0
405512056
0
1475513261
0
1957705718
0
1563046739
0
2106572269
0
1744720641
0
1778097149
0
96351591
0
178520099
0
352649034
0
2064932365
0
1982523035
0
2055866040
0
2076137697
0
1331977023
0
1168289233
0
994154510
0
1332075910
0
682799395
0
1804305844
0
351740821
0
1832982003
0
1275608206
0
817870241
0
2049799687
0
1050674235
0
2071322011
0
1999121007
0
1845107334
0
1055099858
0
1290840127
0
1270212495
0
326468638
0
137680781
0
1160998448
0
864498894
0
1906039503
0
792364622
0
726106907
0
1676703695
0
1078585931
0
884277990
0
1473340690
0
1950526920
0
1168072985
0
1654641668
0
1796769073
0
382765797
0
1431227414
0
674817051
0
789036350
0
622414225
0
523035038
0
999316495
0
42728278
0
874630248
0
385014421
0
569145336
0
733498414
0
1351710318
0
2113296660
0
944926887
0
744620244
0
1445229839
0
1937856503
0
817255519
0
308101621
0
680871230
0
1609891394
0
1298190405
0
252283315
0
992956027
0
516524952
0
1105967090
0
1517916845
0
1670171202
0
808642077
0
1570869923
0
446839643
0
283566342
0
633297301
0
898783375
0
452210627
0
359381256
0
1396754228
0
1104564639
0
1569243005
0
1020516228
0
2011839054
0
848958563
0
565217673
0
1293259430
0
1129248723
0
1970298922
0
616145314
0
388146564
0
1671465209
0
1082181256
0
1181363149
0
1684128728
0
1317064036
0
1781303423
0
297107534
0
586844663
0
1853344017
0
2050077631
0
1427111749
0
222312100
0
1925402567
0
1957350573
0
2036575665
0
2132835769
0
773733859
0
1131485628
0
911255611
0
1767167320
0
1082309230
0
1184738520
0
431930656
0
963808532
0
260848003
0
1058262894
0
764895004
0
753221286
0
2121538384
0
2024628747
0
1056964114
0
411136014
0
1508094899
0
1948965599
0
696754702
0
127949423
0
814821714
0
205330279
0
2127262071
0
1585872041
0
1331850170
0
1183754509
0
1073526955
0
1757414238
0
371017228
0
1541523755
0
1147032877
0
220864620
0
1219926324
0
1275349559
0
765757406
0
215226171
0
943794449
0
1039087601
0
608292603
0
1551618901
0
1164943586
0
598440203
0
1318572920
0
1371313047
0
863881325
0
116491908
0
1521895339
0
1964726803
0
1454821749
0
2087814348
0
12954856
0
836416445
0
223237853
0
304664062
0
887875586
0
1808594546
0
1564994984
0
490987632
0
1396959250
0
255402099
0
1870751187
0
407124182
0
653227532
0
858726860
0
1532228180
0
1682610083
0
1563001285
0
1342626891
0
1919478008
0
1167535222
0
1206393515
0
1462695278
0
1274230137
0
1278984675
0
1731609902
0
469238770
0
936055606
0
1968855767
0
2130842993
0
1640885979
0
385654279
0
585820507
0
1820223301
0
1588468392
0
2019048487
0
1758814762
0
287303979
0
1174736597
0
1980818908
0
1331890962
0
1869345653
0
406634361
0
1010740573
0
921162641
0
770896064
0
681305297
0
315320875
0
1755788976
0
972526205
0
749890118
0
1969172630
0
1013908493
0
477302906
0
1178519597
0
1137190498
0
156241586
0
1727319268
0
1370997130
0
1996715247
0
66204660
0
305191474
0
1162154482
0
966609509
0
92228208
0
1743782369
0
1040945174
0
1763750956
0
1645537951
0
1261936391
0
816425765
0
1394811672
0
668280652
0
453444354
0
1767278122
0
797074797
0
433123193
0
1679425068
0
1719545355
0
1711343806
0
1306863171
0
2134057128
0
1973761749
0
833820234
0
1685876163
0
621433023
0
1211842200
0
696947252
0
1216653626
0
2105689095
0
1933600752
0
157808813
0
150416046
0
454232603
0
2130477183
0
1935168250
0
732943935
0
622516353
0
92016687
0
336232569
0
1031311926
0
919025345
0
1356584191
0
276617938
0
1963071858
0
1557448545
0
359522532
0
1623696313
0
1389230162
0
1349122550
0
1570352824
0
345891338
0
157485337
0
1156205855
0
1919766929
0
1728463175
0
1269289256
0
1989459941
0
532844597
0
512333789
0
1532050900
0
850548770
0
1522022958
0
1962135689
0
855641691
0
1219400325
0
1024818954
0
1313310938
0
980011100
0
1994468857
0
965833576
0
2083507806
0
647347460
0
816604518
0
104146049
0
183473238
0
1995677621
0
1954177301
0
243000689
0
1746167076
0
318526430
0
1944460686
0
144609556
0
1648802935
0
301947657
0
330413338
0
2011744271
0
1403424329
0
1539802502
0
135221117
0
623614893
0
1375309291
0
1456761176
0
324025585
0
2026961950
0
1616401289
0
1188329673
0
658897011
0
1656379945
0
947219554
0
622768867
0
41052191
0
621923450
0
864514201
0
15820605
0
1756419654
0
834913116
0
726591114
0
1224836156
0
43033750
0
1713730858
0
623856842
0
1146778840
0
246232055
0
221160616
0
1899763802
0
543356618
0
1094211682
0
1513270113
0
881957770
0
1132108796
0
647421952
0
2068591562
0
1205621251
0
1368156112
0
1492365955
0
1733092372
0
1762791943
0
559791989
0
298101616
0
114511661
0
452138715
0
1298239919
0
1084465113
0
911442102
0
606554263
0
252625932
0
308869005
0
693392236
0
1597041830
0
83932957
0
1911935867
0
1108306608
0
36006578
0
1719651639
0
1350175347
0
2084842827
0
1610208937
0
192684665
0
45824979
0
1381276427
0
814684519
0
46977561
0
1425369278
0
1001373061
0
247694688
0
1181313330
0
846820795
0
1142972896
0
704240657
0
1390343582
0
735019667
0
1149605725
0
513048016
0
651162207
0
506547937
0
926000451
0
475590148
0
309483302
0
280463680
0
26464595
0
261333236
0
623639337
0
1786139599
0
2121822627
0
359449907
0
403087938
0
1535551328
0
1700183697
0
569988497
0
2019603459
0
348810931
0
1982444654
0
738516573
0
1940046398
0
1115598785
0
189057538
0
1361727253
0
816715092
0
1962563267
0
1599494196
0
498659026
0
1481059388
0
682181739
0
13296040
0
128244992
0
1487482603
0
1262973894
0
1073869510
0
1072285182
0
214288250
0
212541731
0
923567956
0
394835976
0
283779402
0
2066713074
0
1846128140
0
1031917124
0
353169896
0
81641764
0
2058560762
0
121690117
0
841364475
0
1780399477
0
136872641
0
463491350
0
975931781
0
5347481
0
1828283640
0
1767116204
0
223202618
0
1859953064
0
1459180916
0
190406472
0
410940874
0
375860566
0
1339126935
0
1077775985
0
156417450
0
388098222
0
858981215
0
1512205371
0
166708152
0
1545234976
0
1244498461
0
1942395894
0
1948872411
0
1278027633
0
678990537
0
65855201
0
874285002
0
1024915840
0
794190293
0
1345388346
0
1086611959
0
486260825
0
1410408940
0
818558994
0
740769476
0
1149881473
0
852577358
0
1256763122
0
1916123209
0
618003251
0
1549722665
0
1507159839
0
1265797708
0
1289071174
0
1604190482
0
2119726536
0
1637670469
0
29668884
0
428727284
0
811826503
0
1404426530
0
1203925533
0
785511097
0
1503029170
0
561120529
0
1152036926
0
572053930
0
226113891
0
1397594494
0
194529772
0
991767270
0
2011922523
0
104338399
0
1268816041
0
478586377
0
1274980224
0
1000795002
0
1269675310
0
2035418578
0
2013027383
0
1493851243
0
926524024
0
685346971
0
1671742736
0
1451610251
0
1799258637
0
1422678652
0
877178466
0
263241407
0
482014629
0
911553119
0
324933335
0
103647024
0
386294651
0
611134476
0
2070338178
0
496225305
0
1379699834
0
86689732
0
1000413058
0
1292793443
0
1887339802
0
39102377
0
63654257
0
390241193
0
368672813
0
793646496
0
795726755
0
1398901416
0
685131356
0
195385078
0
334509683
0
2139537982
0
1748678106
0
1719218347
0
510287644
0
1502230237
0
18355480
0
1410390839
0
514335487
0
814850834
0
694750119
0
796661294
0
2073312860
0
1099581798
0
1574496551
0
1270034323
0
1626899128
0
1531850692
0
1780620208
0
1699214911
0
1467471371
0
2089130249
0
654466493
0
207107917
0
1939252879
0
663826834
0
760052873
0
975904155
0
1688520946
0
2122627964
0
1009846984
