3000
10085
13652
6161
28342
787
5516
32209
19479
296
17962
3496
25620
27460
29626
23024
2262
26733
31141
31178
22711
18064
15054
2888
28641
10050
23983
2005
4717
1653
24161
19001
891
29237
31875
6362
27263
15171
6102
13789
12918
25522
21436
28701
1177
20499
12271
26337
26726
9792
3362
13327
7928
6026
28266
5682
1246
1614
17279
26628
29979
18805
6591
10656
20108
15150
14287
27033
24462
30150
16477
12584
5330
28696
21701
25982
11388
23676
29679
19828
1149
28981
26004
1471
9324
13787
7214
24346
8355
3290
11813
26423
27369
28726
4176
17693
29096
19706
15815
24413
21465
19981
18013
5988
9117
8974
16514
9998
3379
3380
11438
21659
1541
6885
11633
23250
32522
31408
16039
11283
4264
24601
5729
17507
15048
7485
24756
21483
23776
3580
25264
7535
21069
24542
27891
17503
11368
14499
12788
29566
29941
15164
17143
20
29545
188
13352
3086
15136
16350
6615
28820
1222
24172
13300
13578
8917
13901
25870
4755
23282
15590
2025
15055
21066
26169
20787
22539
24052
27751
24937
12581
27076
26162
1754
9270
11198
14467
1230
14900
5693
2375
26669
22916
31185
7631
21166
14253
16306
20811
4526
16198
3444
14288
11982
16662
29209
16797
15648
2694
25063
10348
8779
28425
14076
23204
17111
10191
2217
415
23445
2719
5155
24534
3001
6577
6418
27655
28224
19730
29598
16491
6276
27374
15554
29013
8529
18059
28916
9775
15979
28541
4177
15227
32714
21608
6760
30261
7066
8536
5508
26482
25780
23882
6038
22201
1311
31770
4418
21586
21024
14849
7644
19654
32632
22010
2437
29019
14866
1520
9099
25240
1190
222
25863
10289
32445
11025
30882
29661
27419
24685
5652
29745
17730
27113
21484
12535
8508
17241
28290
19403
31591
23894
24891
26473
20626
5608
6330
10287
13472
1290
16552
16705
6023
30597
25058
26775
16832
10234
25836
14415
20066
27749
23532
27595
21677
6871
9383
24652
19647
1282
3675
22663
4536
10534
27870
30508
4436
4994
10465
21101
32071
27528
23414
11260
12402
27612
25602
23656
15654
5144
4825
24062
19788
21784
4721
5687
25636
5547
26226
28093
11305
8829
17594
9004
30678
10826
19332
24055
7800
24064
32294
11335
23188
8777
16727
7341
1866
20790
10895
31237
32561
1347
18299
22635
23168
205
31139
25303
6048
22103
22333
4014
14647
15820
11789
20999
26682
26440
17044
7492
19590
4348
5195
12829
27728
7946
6466
12508
13815
374
22670
29829
27096
2621
29605
25319
10266
13930
26718
6627
4805
5154
17850
9701
27419
18444
6567
8265
9507
30694
9301
18081
2843
27790
3662
2264
31676
6145
14657
26838
12296
24604
28108
29297
26387
16979
29201
25008
384
15155
31225
27902
12967
31717
10333
25641
17140
1745
21928
9485
2675
31134
1219
28100
2721
11397
24606
24601
7346
20216
1297
3283
25801
24751
8121
32556
12329
19637
28068
20655
13951
14489
10341
4679
21129
13893
19091
25211
30712
23887
7256
17923
26128
10690
3822
4922
8055
15854
25870
28571
21204
19110
26091
9324
10171
26227
7181
6731
4846
15528
18723
6569
5110
27098
30397
5110
21362
2787
1406
30858
24437
679
25850
30683
18238
12527
29897
26523
27600
23172
4586
3195
14784
31785
212
17188
29366
10969
2029
22413
26615
9824
29137
29971
15538
24955
19309
29983
12
1489
14539
1373
2748
10590
16081
9322
9781
24694
32264
16228
17717
11955
32269
2155
6765
21092
13437
24101
26819
3886
25370
28997
5155
22656
14606
20844
4096
25926
25111
31236
17707
32040
20688
9804
7548
7645
32276
29202
9792
15005
2974
31718
14459
31537
22986
26757
27149
29650
30651
17226
18276
6451
28326
23541
10532
31027
10321
14210
16085
31083
5846
3712
24975
25983
27278
15126
32424
28198
31355
22624
29925
29394
29043
21824
30355
12402
742
11837
3628
22245
19884
29320
15670
13736
13315
15483
13773
7944
12663
24624
5052
8888
22229
17991
17506
29709
95
7921
21726
22767
16249
6091
32329
30155
24807
22511
4627
1267
15683
23970
13767
13484
30550
15111
19805
9975
13710
23317
20494
27807
22696
681
30513
13196
5760
6673
13821
25509
6299
23856
5491
8665
3716
28415
23677
15151
27383
6448
32739
8686
28184
6283
20877
4559
31821
22600
1036
9104
21103
4380
7007
20117
1650
5763
18186
30150
12907
27913
3741
20687
13476
171
9774
6889
12536
30842
4985
17396
14160
21719
28991
28679
4460
18135
18856
12750
9365
6001
30292
15693
3265
19125
12085
14213
3526
12032
11397
25043
5054
9400
2428
30817
21121
1492
29444
4178
18993
20670
23711
15842
20001
20686
3627
9714
9040
24639
14969
26662
13226
23967
1759
25629
15973
22592
29884
26592
12496
8296
26007
17508
27734
13198
18048
2544
23620
662
2234
21872
14293
214
22903
2034
6638
23749
4501
5599
22078
9569
3127
22481
30566
21359
2687
25806
11076
21810
23102
8211
17219
20853
32025
11515
26925
16178
24914
29237
11156
3359
22323
25017
21514
18392
21115
6587
11729
20235
23937
27708
25833
2316
18028
22062
1408
2716
28706
18544
6183
4226
11097
26759
4594
32127
19968
32589
22377
21683
10057
1660
84
26305
11326
673
4196
2015
2658
7117
1416
31799
12402
29045
18069
17474
16298
6382
8299
17221
24320
7029
11095
13637
7937
30857
30152
16189
8201
10155
17662
1134
10387
13338
29568
24826
21505
13849
13426
2025
16350
1319
11833
9050
22779
22835
15376
23157
16714
31461
28423
20500
16018
31636
15604
18127
14098
1877
23098
14222
13796
27547
5043
9198
13891
488
4908
2714
23169
26830
15288
7470
5195
20796
15146
12734
17682
12919
1495
19449
21655
9538
28371
23675
4304
6686
13095
12163
17727
15444
10285
3760
6533
24586
16102
29137
47
31627
29929
3341
7804
26863
22155
22795
2636
31414
19471
25542
926
20777
17571
9842
6541
29431
22203
4309
4924
4662
7101
2946
1115
13263
27042
14015
15919
31411
10773
22859
23426
13485
15307
7453
21289
20311
19671
16598
15281
24507
3009
6374
30446
7861
776
23703
25430
12154
28067
25929
8503
32622
14252
5481
998
25253
16263
13163
16774
15443
19404
24648
10532
23080
31421
7364
30253
16119
20749
6574
24399
13019
22925
23993
9049
8011
18586
29961
16523
32035
10471
20153
15906
15995
30679
31950
28958
31684
2753
29583
17353
19632
16706
20643
29591
27005
15111
18805
5751
26280
16955
9845
22571
5623
25215
32633
5430
4397
31469
27065
29907
20919
12045
453
7661
13400
3789
3598
11862
7792
18481
3345
23458
3444
8319
26988
26037
26528
11638
6635
3892
6180
22673
9528
28069
443
32430
28059
32487
9688
352
17701
2742
13246
24991
14965
25209
9386
10145
19466
3909
30783
3874
32126
3869
10332
9568
17161
8037
7564
20828
1101
15593
28505
20795
4603
24203
27827
27154
14802
31537
19977
15849
10200
18444
32028
15649
19113
2529
22273
31675
22660
20794
19613
26184
7389
31989
19093
25901
4796
17464
15386
18263
17255
1611
28861
7703
29136
15266
31650
19555
4328
16675
21681
15076
21691
16603
28131
30492
20859
29510
29461
6882
14609
3880
3900
30409
6031
82
31861
4391
8225
22277
6404
24896
13338
2157
6142
32265
8125
10453
15149
3928
15977
27038
6773
29591
24466
27605
26685
5350
26478
5394
13685
29214
3253
16572
5729
12628
2764
19423
12956
9558
8062
4340
1594
9671
1486
179
15535
8173
21203
12724
12248
31339
15187
11909
30030
24491
24168
10292
25676
20160
5533
31420
1558
29745
19249
26025
11481
16666
10067
6634
15125
27164
24819
32130
28145
25941
19865
29726
25983
6504
31385
20579
3035
11454
17555
58
22427
28247
16843
25707
13256
31064
5261
9750
20909
18970
29758
9652
11904
18200
2791
16449
1165
7446
3365
32252
14596
9972
14037
19602
28186
28821
31692
8797
29380
15438
15685
27557
11421
25479
20764
2540
15651
12985
31441
14725
20482
15946
22182
16358
29758
5818
160
376
23735
5393
26694
31367
24708
5974
23636
10871
22053
16293
1367
22334
15695
8399
26753
25905
8325
27628
25665
5431
17646
23876
13741
20090
17201
22118
17264
3295
18955
2930
11834
16038
7584
22856
4719
4807
12022
31882
19982
4324
26376
25578
3007
6221
18180
30811
18510
30339
6694
9849
22010
6258
21860
7123
15554
32005
1416
31261
13507
20527
9943
25808
3965
16225
32606
11852
24789
20551
19760
1667
23263
25532
19961
13849
3260
29618
9961
4883
15330
24052
27740
16368
5234
15739
15982
9671
13143
6133
8835
21292
3756
13012
27323
14123
18379
25024
12677
11076
3223
26998
30659
21863
30646
29086
19312
9454
27193
24072
28594
14088
21934
9076
26793
12103
13900
9837
13192
8709
21938
14880
4296
13549
5785
756
22544
6034
30648
26462
30657
13267
30878
26018
32514
6398
15230
26686
13917
11601
5991
15069
3676
10051
7187
11998
32735
7842
448
18906
424
8706
7609
26292
23753
7669
17659
19871
1256
1200
16678
10703
17893
20545
26819
22776
28505
26677
7298
1897
29730
29844
23546
813
23909
16559
11870
31130
27222
10804
18474
10705
13535
3935
8678
1291
24869
22114
23960
10928
149
10500
10214
30528
13395
10965
24092
2557
13671
3913
19095
31983
22096
14012
30126
30585
14246
25919
13693
5515
19048
26610
27285
23137
13976
11748
13574
6853
27934
24910
23666
15182
4850
12557
25993
6098
11778
25813
21256
8343
27721
19490
19372
28690
19750
32389
2298
17818
9016
10758
32024
21574
26485
13778
19150
565
19638
17595
19821
15179
8981
12119
30203
12270
5584
28083
13989
30257
4996
17428
140
12376
24679
4786
12341
23546
9177
3202
2758
5033
7176
20399
25689
3089
30721
9543
26455
2250
20843
13025
14190
31536
6978
3155
6184
16547
2350
28650
32301
25637
16499
8296
24190
14992
20548
13368
11867
17460
11884
19162
18803
14209
30817
13832
15679
2756
12237
8821
12216
20366
25902
21231
25880
7034
14559
18967
4699
31792
22111
32631
30591
20120
32508
22973
7715
585
30981
20512
28948
31705
27838
10246
5365
13505
28998
9236
32236
4878
19474
19097
10083
14233
13316
28291
22299
22394
9546
6975
13562
25344
17697
31789
31681
25146
22784
10258
8631
22144
25655
23868
14727
15227
32508
25281
30932
23270
11076
32713
9737
10554
31232
9864
15240
17935
3699
4555
3218
8195
12005
8393
19126
25946
30135
26858
31069
28974
9481
28465
8059
11977
5139
17968
32145
24397
23445
4179
12994
22172
18440
27619
12694
26546
22111
28654
29950
30509
25794
459
13023
13202
14175
13698
23964
7663
7243
28545
32271
9033
25056
13961
19418
24756
30738
25979
4906
32624
8742
21662
17764
13105
21697
15690
21264
19913
20010
19223
27515
28621
3628
23642
3053
22183
24428
13184
2525
23741
6437
12122
21582
22521
13604
17678
32527
24725
26581
21540
30634
23159
24664
24278
11365
11195
2432
32483
30739
20308
1238
32346
28303
8162
3699
32536
15451
29464
16261
9395
19212
29236
20486
15382
21104
11533
15087
7353
3139
23525
13812
7527
10655
27036
12206
13820
17398
25674
22521
17123
12107
21407
29262
29833
32647
14224
13420
12409
21696
12414
8313
24566
11641
15899
20843
28786
20118
23262
12826
14350
6598
26871
13708
24646
9059
14305
10299
18100
16567
5117
15442
18938
15891
28682
13755
28026
30735
11440
20873
32539
32579
5057
18970
5691
27706
965
23586
24460
29863
2333
12833
29902
12303
4487
792
24861
16109
19648
16002
12491
14324
21495
5272
3534
9569
31788
25103
22662
21732
15680
8224
5036
1360
5557
26782
21535
25568
7280
27915
29521
32558
21584
21112
28045
31400
23947
17444
4604
8946
16793
2336
1
12286
19032
25695
18084
9177
22208
25114
12190
1734
10898
14222
22287
1863
8064
6113
11376
24692
26116
9620
6917
16403
7220
3409
13800
10395
18905
24970
9691
9214
30730
24249
20365
10996
28916
15560
23497
26734
11703
20579
9165
29225
1199
16116
590
9842
5328
23738
21771
23474
5283
15248
22795
1960
31522
10072
28195
19276
647
14173
14917
7068
5843
32738
29855
2086
30836
6059
24274
17758
3177
12281
3208
5171
8264
19936
6755
17257
12236
28303
6201
7976
28804
5701
27135
3780
17581
10086
10244
938
27166
21857
31456
2867
13214
15676
14372
18136
8199
5982
10153
20367
16953
15830
4762
8616
8750
27891
16588
29115
22513
15333
14943
14694
18367
21463
19389
32201
9399
20002
12414
2427
22754
22999
17936
18431
10723
27719
13334
5909
12012
2021
5750
3333
8293
7373
24829
3069
28298
11454
32542
10918
25252
9603
16282
6465
25755
5236
19697
20308
8733
10176
6059
24832
25170
9638
13025
13087
20087
20358
26804
11637
13710
28637
3729
12118
15477
6933
26266
8165
28396
27819
24789
24972
14616
14491
9728
7180
22430
17002
13306
21404
11279
3550
23773
13355
29633
7588
23618
25127
6952
25047
27135
2059
30079
6426
25238
5258
20083
32691
25484
282
20117
5881
5071
25428
8892
14909
707
6855
28263
25037
20771
30541
725
26800
9088
3562
32603
12567
21620
3039
18731
13180
7959
30248
26212
16416
30381
2270
5900
27558
4093
30524
13593
26038
12756
16078
21112
25975
25907
7138
30557
1477
5819
20552
7822
22333
23914
26265
16285
16604
3613
31950
14332
27548
29165
8231
22379
15758
12032
8510
29879
18007
26334
5915
29424
533
12666
12440
11628
3711
1353
23453
8869
24225
8733
10188
20652
25640
7930
13098
4145
23087
28749
29714
20249
4808
28501
19373
26470
32421
14012
3208
5859
1198
4649
10020
13382
20380
1227
29635
3813
23770
23807
29583
25048
8485
22672
31736
1680
15584
32368
7565
25718
10737
3728
28484
31885
15505
27276
3949
10874
3623
31573
11812
5305
18574
747
27210
20486
12452
14097
9645
220
24916
27204
3017
11650
7549
21454
5353
15800
4909
14447
26999
8962
20558
12930
32087
653
28860
18277
19955
12494
12566
30148
13241
8775
23234
4887
11100
7763
18536
6210
25104
10836
21115
30877
8022
10748
19391
22668
28623
31582
32705
27895
27348
1252
1588
5749
12222
29528
18647
9916
21919
25975
2372
18946
23728
14739
26153
5174
27685
26586
13121
24438
18735
16256
28269
18711
1843
1563
8778
12645
21181
26261
28254
2535
2327
8629
26598
20202
20776
3241
11907
7898
29647
7952
11438
14360
7160
5618
8355
2898
31986
31936
21033
6882
29520
16864
17893
19614
15329
19770
14044
13167
20310
10911
10068
24384
23529
9692
25154
30543
29492
30727
17981
23875
20547
29860
27609
2081
31675
21074
6715
30645
16603
19428
30560
21586
22644
12366
12848
29251
15942
27422
8363
8980
18647
16430
28190
30261
8008
13068
16594
14093
20998
31650
32083
4838
3136
3164
24180
15568
25471
14304
19590
6181
4180
31035
11798
13014
28825
18433
19296
8635
239
13637
18885
5188
31319
26526
18051
15028
27087
2965
26255
16779
7292
4036
24116
8896
20757
14200
6391
21893
32500
23083
24705
11049
9606
3612
17317
745
24793
25303
2798
2974
5313
830
9375
8844
9977
13923
4222
8124
17984
7314
8747
3410
26201
2951
12567
23149
10520
16075
28649
19698
11724
9173
29242
29240
23210
20297
19708
11150
1654
5017
28416
25621
12690
18626
10031
27591
24796
13477
10074
806
5786
17477
11351
30080
9826
27189
23967
28016
31407
31377
25335
22321
31801
8122
20645
6981
7357
13539
1869
5158
17490
23073
20977
9285
8665
6447
11469
21379
23275
6831
14917
28939
4513
10780
28410
25681
11968
8493
25525
7787
32630
12174
3154
14426
9281
771
8026
12757
9093
17457
2050
8662
29704
18232
19053
15865
10904
23580
9696
7076
7887
4423
5415
15066
20842
11768
25111
24272
12080
133
2285
30779
31316
21058
1832
7822
27651
22675
9841
14485
18561
3435
20753
13524
25194
15926
22963
28151
28547
11737
19
11933
16928
14954
27449
4559
8451
11987
5447
22194
25178
564
31968
29360
4914
8463
14897
28030
26054
19941
64
12324
32631
2440
1021
12342
15931
32118
27698
21446
27301
28185
18688
3930
25183
28770
21004
2866
27064
10826
22964
10132
19969
7218
31773
26476
28161
32513
11389
15579
14626
18687
26272
16200
343
19524
1105
22842
28594
16133
18078
15525
3074
21472
13263
14220
21949
31958
29840
16373
31367
17404
28001
10687
16952
30452
10507
5373
30657
14354
8780
9626
9597
17368
6386
4667
25380
17462
15618
11737
28814
3503
22982
28937
11099
29466
20672
3575
7324
5038
2890
9713
32254
14521
4462
8574
22707
20509
14861
11665
32084
20982
30329
15532
19606
9953
4389
2730
27762
20138
25694
30700
22883
32425
10889
6105
10972
26275
20935
31622
18433
18689
1479
8031
8191
1607
3306
21241
20172
10996
31955
15097
4960
24157
23411
23996
27934
26100
1887
15467
9326
13868
25030
15502
9559
23693
20438
23076
30735
8978
189
30721
13488
3985
25877
19412
13865
15179
19749
16713
1101
20802
17496
24062
25667
25361
4236
11530
28605
4972
5147
26030
5807
9831
5622
11038
10614
25962
1232
17103
10624
6299
20942
16505
10523
15465
1084
22588
29307
29356
11525
2745
17398
23982
30556
26025
21448
32369
13738
18256
17229
3791
7882
13615
2370
16399
5947
2075
30246
29907
27891
15907
21486
18184
24636
31424
3663
21531
8821
1959
12225
2910
18349
5435
9343
24699
11399
21160
4056
11753
12445
32167
26173
20761
24666
19739
3467
2828
2300
9157
14176
31515
23388
5912
10319
15507
27236
27574
30390
19062
6083
23359
31088
19764
4942
13209
25454
25492
12999
11551
23826
18657
7977
17265
15645
18673
26126
13439
3027
17197
13542
31051
24277
3652
26755
7265
8323
27275
17904
32203
13609
10066
20364
24703
15332
28340
153
13884
14241
2752
11092
28371
30204
2734
30000
20708
20482
7926
7446
6867
40
15745
23370
27270
8747
6795
3225
2632
18522
7667
19080
15712
29117
10279
9962
16625
6178
20805
1972
10257
21102
16782
21840
7854
6053
19555
25790
1970
2224
8027
7098
11398
1237
7081
29242
25176
11814
9748
27244
3626
13867
22416
18903
21334
7983
19480
20784
11965
30378
8461
22222
32487
6262
30440
5384
14261
22920
29683
1138
16202
8030
22344
25339
24752
29633
9961
27522
12546
3337
15061
28097
12015
14850
23781
15846
23107
25316
30147
22067
22581
30468
10640
12651
17073
24988
14835
23903
330
6273
11348
10023
28940
24061
1965
12907
10071
20101
28215
27818
1914
23689
6780
10129
32507
9131
11527
15236
27720
32164
11220
22523
14667
19984
5897
16515
28404
3157
30131
16503
16275
20436
25899
6266
17359
20985
14307
2627
1674
16671
29693
28721
19994
32402
16493
9511
9632
4924
10446
30145
405
14060
14321
7562
15466
19681
26533
12857
6667
20701
130
6768
39
16642
23693
7380
2069
858
23808
18467
31906
32566
22543
12298
29475
8662
26883
16686
5483
28641
11809
31116
24840
826
9861
18953
8484
11806
6105
1027
20804
16676
1779
10365
3741
5000
0
1002526283
0
302544019
0
1763534884
0
161499494
0
2050149497
0
487479964
0
425641643
0
491065744
0
562303987
0
1715062709
0
1533440129
0
577000456
0
1757997787
0
1588790683
0
993342383
0
567559303
0
1994329194
0
766001182
0
17402109
0
419469971
0
1990473143
0
381861435
0
1264000809
0
1153360739
0
1346542551
0
1157982571
0
1716261683
0
209759677
0
1410226612
0
2049139592
0
693875805
0
1134451425
0
1365281909
0
430276368
0
1077477527
0
1582684785
0
1450729753
0
2033114280
0
1939396543
0
930904035
0
1285747850
0
1583658836
0
641735734
0
989606104
0
48943913
0
114108990
0
126898159
0
326096842
0
331356350
0
681077779
0
786393143
0
1295190763
0
1376907749
0
404757371
0
1676424348
0
678568196
0
1557504602
0
1301672531
0
794316528
0
1319536344
0
383711039
0
138040532
0
764882564
0
544142206
0
1412687316
0
456518780
0
1899548376
0
1217659130
0
1825325647
0
1444251734
0
531231297
0
1314888100
0
1717569070
0
708176516
0
968332738
0
1137250600
0
1166375900
0
1049021484
0
63339718
0
1546235161
0
874738580
0
58266698
0
35850254
0
1239797818
0
248100285
0
1555731168
0
1560338351
0
1683851740
0
956694014
0
946228209
0
1141102628
0
1482901086
0
1570828967
0
1905975798
0
1869158334
0
1553331222
0
2026635222
0
420051087
0
1019871520
0
1913649933
0
1999326459
0
1003171804
0
414397231
0
484794196
0
383095454
0
529321672
0
1432075430
0
2042520081
0
1108904072
0
1487649438
0
1919486092
0
1303403010
0
1961189670
0
2135769534
0
689398333
0
1043507166
0
1873477560
0
1132118606
0
812298622
0
749395975
0
106562170
0
2136513239
0
303946386
0
1710796936
0
705553669
0
1983299796
0
78502638
0
838877608
0
785815101
0
169973457
0
590641289
0
1238727789
0
1591475705
0
1023350550
0
256165027
0
1808380201
0
109982216
0
1635167892
0
918530185
0
1624364659
0
1884703149
0
822031993
0
1129405200
0
305240567
0
1987260533
0
74616340
0
2093860179
0
693505064
0
1345858379
0
396522002
0
703530973
0
200102829
0
168855801
0
1133549720
0
1242711503
0
1973763846
0
869064513
0
1330986744
0
1704539256
0
759424612
0
1154139763
0
1554697037
0
1359567810
0
1030178590
0
1198400016
0
259943699
0
892011095
0
447133958
0
935151253
0
1801780425
0
856696628
0
1769857308
0
1195780959
0
1338609287
0
967600637
0
1717730975
0
1281830204
0
164291924
0
1737880273
0
628665464
0
360910208
0
1324046728
0
1027807282
0
2146015753
0
1098909306
0
1009341742
0
1033330141
0
479426498
0
362508342
0
266597455
0
1052538543
0
1192491862
0
1893330830
0
1946062211
0
1291636467
0
1769396993
0
2049201342
0
1731708055
0
2118896241
0
567804286
0
1816791181
0
1886886021
0
1002339698
0
1461577218
0
1810348540
0
979601084
0
1545780886
0
1829673243
0
1499853708
0
878221870
0
619863259
0
598622416
0
86059517
0
1145807788
0
1105630267
0
151899978
0
1772357610
0
268683733
0
1756874537
0
2037680756
0
1378747383
0
1258714951
0
360774860
0
1196736539
0
219173171
0
709030392
0
287041141
0
1052185625
0
1703449977
0
1779265282
0
401810099
0
1533747725
0
1451799134
0
678847924
0
1963925804
0
877333438
0
720372164
0
1929642209
0
198569669
0
170839445
0
112916076
0
1552429031
0
1895896614
0
2119520959
0
330021477
0
1868187385
0
266976908
0
987554173
0
2069361595
0
1262664000
0
160448346
0
1563374237
0
1168380214
0
375788530
0
128417883
0
98294346
0
618148679
0
1846447414
0
2102987948
0
1632579710
0
368628251
0
44692962
0
1682819531
0
788226527
0
2044104593
0
1969993492
0
1925234245
0
1275846366
0
525658067
0
2134891958
0
972364030
0
171698540
0
1666823859
0
384423098
0
1368197910
0
47381294
0
1768458868
0
1314519996
0
1973296083
0
1597306360
0
234921373
0
1248572825
0
1700754938
0
1580901396
0
1542081888
0
1937639620
0
1467070232
0
1789638017
0
790191837
0
715331411
0
961568771
0
1271890522
0
611781016
0
51834076
0
1444438297
0
1519311991
0
1496069907
0
1708387873
0
1018621121
0
225546763
0
455808786
0
704097453
0
1130997601
0
1298920410
0
1784059115
0
1514866391
0
1940798352
0
868787781
0
974919314
0
168683788
0
390010876
0
792702288
0
2106292075
0
1330467377
0
1565472675
0
2077089328
0
146170064
0
2106457127
0
1957012694
0
652810606
0
293902519
0
407248733
0
599072542
0
1208876258
0
240483939
0
249339119
0
901977736
0
452744779
0
746939332
0
1767436209
0
1306559359
0
1322856138
0
344913975
0
910814572
0
797075788
0
449778930
0
292039070
0
1300516095
0
685449499
0
1247447185
0
2109476281
0
1160326444
0
307545901
0
2078303425
0
1224145520
0
1320416380
0
142090562
0
114260070
0
518616072
0
1891682578
0
13694611
0
384576848
0
1804790513
0
2055121763
0
304492393
0
150118350
0
1893306872
0
1543400105
0
470592622
0
67926053
0
1319356214
0
1651233423
0
348970180
0
363975303
0
1299490865
0
634278065
0
202614747
0
1584472334
0
1429294738
0
404586224
0
947440366
0
38988857
0
303207264
0
25791717
0
1837174572
0
873155038
0
1360963715
0
868833808
0
1748495103
0
790970573
0
918645481
0
1414660884
0
1414021451
0
1404489255
0
110660961
0
157933225
0
93924883
0
195028036
0
776155730
0
1033682232
0
2102052641
0
945260490
0
2056518571
0
158324332
0
224809291
0
946018764
0
1915927807
0
1628849131
0
2093296408
0
1955624102
0
937064979
0
1753518602
0
1469056033
0
805257072
0
513665710
0
295327030
0
726684993
0
655176862
0
1408861465
0
579950433
0
1946137345
0
406929958
0
1683872058
0
1298178640
0
54548960
0
1976337098
0
1168037937
0
1065589932
0
1503854791
0
1552430794
0
1925527355
0
1907178842
0
613882372
0
1009586016
0
843875965
0
1041338967
0
1939778966
0
915836455
0
1448001136
0
1270404948
0
1413542562
0
1945736420
0
111034424
0
2139758572
0
1161166942
0
1548893905
0
463092401
0
713246879
0
286577799
0
1854731219
0
1742461528
0
316406957
0
682216327
0
594616556
0
1479047201
0
1223093182
0
813640790
0
1832377081
0
1846102387
0
599086453
0
1442678435
0
2006082415
0
733891005
0
1507536314
0
1150762092
0
620755362
0
559812008
0
634560949
0
662078841
0
1446305580
0
690482667
0
2088039528
0
1650071469
0
147362125
0
666589884
0
2101477636
0
2018569690
0
154124524
0
505596586
0
2116513370
0
1321080682
0
569596041
0
1866046408
0
790798468
0
173560393
0
746732525
0
439114607
0
1445388757
0
313824035
0
220719213
0
923554522
0
169050738
0
114888585
0
344649442
0
759775735
0
613013083
0
1431831322
0
87280572
0
193242703
0
834835057
0
1562137148
0
1851461861
0
481452797
0
58777283
0
27317761
0
1715592316
0
1844610390
0
1292896638
0
1474254520
0
129398554
0
1548046314
0
1250015993
0
186275750
0
1852856571
0
300023650
0
205882394
0
669240641
0
1555593948
0
1401565458
0
362528663
0
608132502
0
1008285041
0
453225610
0
238331361
0
578182672
0
152665629
0
1755752085
0
352499168
0
1693618150
0
1891989712
0
880728455
0
1945848061
0
1987384711
0
14192339
0
159956756
0
1891155695
0
1895790265
0
332113316
0
518503459
0
2146479534
0
303741985
0
422912976
0
1874999709
0
945073085
0
1054286383
0
503667684
0
1909712161
0
241701865
0
1391668578
0
1529390969
0
1242245040
0
576371146
0
1918602852
0
1491173859
0
1024887723
0
321627874
0
383338819
0
324589933
0
774540551
0
1804656190
0
1945038749
0
1270179809
0
1924598683
0
1331374067
0
1771825976
0
2070929330
0
1841782381
0
1007189609
0
1369652809
0
877548670
0
42809094
0
85421113
0
1153569995
0
568540849
0
1311303640
0
1603091966
0
836837300
0
854096897
0
1025851331
0
1484602001
0
93336314
0
1040367088
0
637794142
0
1315262417
0
1566263948
0
343629110
0
790924987
0
152481579
0
809907382
0
1362014588
0
1350987143
0
696312670
0
1288652187
0
1004726914
0
781327237
0
2051854501
0
1226194781
0
1402607655
0
698864466
0
1227014619
0
149239392
0
5561648
0
1132821115
0
1881949150
0
1780211034
0
1264678434
0
1804785879
0
1977238125
0
1279213197
0
1277411862
0
1067145575
0
1879742928
0
1207459879
0
57722203
0
1621941024
0
1952858997
0
1708585478
0
44801062
0
1352172584
0
1292666734
0
1905225286
0
2140205032
0
74885574
0
176425076
0
1648819472
0
579885016
0
846673826
0
820348560
0
753234180
0
190764195
0
2128224041
0
573832655
0
56373908
0
435983429
0
359287639
0
1970816956
0
732808164
0
488096803
0
55436481
0
1860517016
0
200103945
0
187612413
0
695831495
0
1791478550
0
1659258910
0
2089344075
0
2100756428
0
634645069
0
2075883681
0
1357697405
0
1806536460
0
1334481934
0
318655470
0
1965752319
0
1510799985
0
168705767
0
759411929
0
940976582
0
923837166
0
624481152
0
902138775
0
1011843605
0
132468642
0
1607407802
0
358648954
0
1973856396
0
277068716
0
949363116
0
142393402
0
909124656
0
311944987
0
851814182
0
1314965972
0
878880127
0
945770423
0
2037027914
0
1143850124
0
415426124
0
597529671
0
1047647125
0
586808122
0
1239199430
0
928411404
0
194287926
0
1222028842
0
105147586
0
1983920068
0
1913479554
0
1283250253
0
408735350
0
1962324344
0
1878882629
0
1780800115
0
427944566
0
541586959
0
1416323927
0
1447497741
0
1399779771
0
415258312
0
2072080681
0
1865185815
0
1359197446
0
1247921783
0
1496110279
0
239436430
0
1971208179
0
865642184
0
1793961710
0
444056090
0
745031305
0
1911481125
0
2055392402
0
558154772
0
698682908
0
323052960
0
712439104
0
1742688903
0
1990414935
0
1551043226
0
79508449
0
563673909
0
1117021646
0
480762248
0
1337622122
0
1556187658
0
642631193
0
1007199988
0
1544092662
0
1372979886
0
961156987
0
793487775
0
275586555
0
1808486953
0
1904163080
0
1467577966
0
1733188767
0
1235419061
0
1816259031
0
1532975559
0
1358907054
0
662270733
0
376467130
0
796229848
0
1264450879
0
127752641
0
1802473934
0
1775084156
0
996585768
0
1392039823
0
1326454743
0
697126094
0
2074967473
0
991375078
0
1862802520
0
2105347674
0
490305299
0
666406754
0
1171095373
0
912309256
0
148426012
0
1367469517
0
690182025
0
1330116728
0
2114565873
0
801753308
0
1755446278
0
1655251860
0
1314847782
0
1039944444
0
2124351022
0
2051995379
0
1446447680
0
931273720
0
1056592704
0
611299085
0
541954347
0
1148563102
0
169552431
0
2104391895
0
1606396822
0
546977270
0
1816967730
0
559177770
0
712341118
0
95838201
0
139908957
0
2102730481
0
1600299135
0
1142366917
0
1256969839
0
1095448534
0
826205207
0
401652547
0
1033254908
0
1362469114
0
400271037
0
1436536455
0
1857039611
0
1884900226
0
1986821485
0
1285471192
0
1228835124
0
681695869
0
437213538
0
1706376779
0
1577902615
0
533693502
0
1894978242
0
1716828284
0
1142688096
0
212574351
0
1471812296
0
2032612726
0
2099713053
0
278510620
0
1561123527
0
1995402890
0
1631740678
0
1299402956
0
1304275149
0
1586844314
0
492973305
0
410427009
0
329266099
0
2057451221
0
800987353
0
1766942475
0
1598306609
0
2013720787
0
262990389
0
558122397
0
154556283
0
1319719158
0
1308782290
0
28951809
0
1261749641
0
1972685809
0
2077849477
0
37092425
0
642129345
0
1162575240
0
1595838274
0
1330603735
0
1709757934
0
422916231
0
1929706494
0
1279007664
0
2117986025
0
302189503
0
100151766
0
1771035561
0
1671326307
0
895138989
0
1478040888
0
1489859767
0
413779949
0
847553857
0
578644048
0
1464561120
0
421181926
0
698529770
0
2044229888
0
1928342910
0
1983571493
0
349946823
0
1746028675
0
139904470
0
2027317472
0
1149208602
0
281052696
0
1336121919
0
2112079601
0
1964652744
0
210112136
0
891554084
0
1356084669
0
471086272
0
1922250662
0
522890766
0
722020638
0
1718257316
0
1538108803
0
1733993082
0
1868639384
0
1421273160
0
877394539
0
1747296671
0
2123760419
0
715665346
0
131563375
0
1424970862
0
747646290
0
764377433
0
644340077
0
1811125965
0
1160881177
0
1041008844
0
686368999
0
1669098156
0
2101310778
0
1361670931
0
2017594885
0
950446065
0
1163648069
0
299522454
0
372215810
0
211254959
0
771627422
0
88337321
0
774153970
0
1749840264
0
1924255030
0
1998049037
0
1008376720
0
1994074563
0
781385259
0
879546608
0
1409898355
0
827091487
0
264974978
0
1700855015
0
1115411888
0
1342846953
0
1323092748
0
26650951
0
1245934881
0
314503070
0
895842223
0
412392844
0
1156800239
0
1172160582
0
1635407743
0
654738648
0
486249708
0
1223565521
0
162307775
0
602542735
0
1550351540
0
1339243729
0
893249096
0
1926863942
0
748876434
0
2112054818
0
1548124863
0
422705389
0
533568647
0
1944023904
0
1393549070
0
922565308
0
723200216
0
68588292
0
1712188852
0
477165764
0
1021057650
0
374100373
0
1820334242
0
1305570132
0
1876787125
0
921402739
0
511255856
0
595100145
0
1016792936
0
1711496173
0
1720211693
0
25584690
0
505155430
0
1144455419
0
1998684601
0
952882633
0
1312857152
0
1943164386
0
1980015573
0
715141499
0
2064685081
0
2121388141
0
1646978293
0
1847444268
0
1677243950
0
1568717128
0
772036077
0
514150965
0
2008556874
0
1519934125
0
1214857810
0
1988180641
0
506485967
0
2031954308
0
1771099962
0
606230267
0
1249676101
0
916161847
0
474413539
0
2009052309
0
1256775582
0
2125538429
0
533908358
0
1211095740
0
1036095914
0
1866616722
0
1786131278
0
1981971580
0
1377496443
0
1709002841
0
616970062
0
1364784318
0
657199019
0
1035515812
0
706776996
0
1068920215
0
1641346350
0
1680658735
0
978950154
0
1343018611
0
2060665107
0
1129678180
0
598248133
0
237936077
0
377095425
0
618565678
0
265015019
0
226340455
0
910488348
0
1756679961
0
914925571
0
1171159277
0
1986343784
0
1846685073
0
1802355467
0
1931492934
0
1238933686
0
757019290
0
1530082202
0
2122379836
0
1134526982
0
487684761
0
1720181175
0
1660152311
0
2072349153
0
2082427425
0
1816736816
0
973173466
0
890987510
0
423610039
0
705635668
0
1213973342
0
7828847
0
582929062
0
468347420
0
987521685
0
1523335779
0
404398119
0
2080926925
0
220153433
0
4424650
0
1350648552
0
1448064674
0
190804467
0
657591898
0
1196182224
0
1640219201
0
2064018315
0
1652470214
0
1808363694
0
1980032714
0
1003230286
0
1397304205
0
1758093490
0
1049787357
0
50465347
0
2062530111
0
262545703
0
1674219383
0
126943440
0
1087134609
0
680504787
0
1893534834
0
1079790145
0
1796149865
0
713155176
0
892809125
0
974722286
0
1152201486
0
1190330203
0
2069550016
0
134488453
0
1194632927
0
1370988286
0
1848074139
0
1526067612
0
1221158763
0
514115362
0
1410177253
0
1219562879
0
1609380385
0
1299596730
0
266067473
0
735065657
0
1922559655
0
1421168823
0
1271286227
0
1192813186
0
851372357
0
331664138
0
1559103401
0
255399913
0
1834011085
0
1391520204
0
1183152798
0
1697988413
0
181072308
0
297952757
0
1907605742
0
1346339731
0
2044154125
0
654994169
0
485823861
0
508805933
0
221433577
0
44968388
0
2016937019
0
631110438
0
651398933
0
190234525
0
1815994939
0
1389348609
0
1192377632
0
2120950867
0
740165116
0
1729821188
0
471093630
0
2045916568
0
211602612
0
172180452
0
1176384255
0
1755719503
0
1952377141
0
52482627
0
1607216719
0
1442084267
0
609835427
0
1712058105
0
427184582
0
653437753
0
96943913
0
1543741365
0
1911182148
0
1325453257
0
1045020068
0
1531017710
0
665593616
0
389586889
0
109203720
0
1435887502
0
1687504775
0
76227496
0
1255271660
0
471441492
0
1449982261
0
207434471
0
985195016
0
1073715542
0
632028653
0
1051452909
0
126110400
0
2118616858
0
167181499
0
910843417
0
1281873703
0
895379617
0
1227308390
0
791681295
0
2126331900
0
984873573
0
2113673982
0
844126800
0
962155518
0
395929116
0
1476314206
0
386802804
0
561727359
0
613610501
0
735217413
0
178155453
0
666494653
0
500930219
0
998294493
0
45809840
0
1126835254
0
61831085
0
1960444094
0
342291937
0
1939378493
0
627537685
0
733681378
0
131818972
0
1425822347
0
26169156
0
1738340904
0
1928039740
0
1183160597
0
1829066206
0
2034801084
0
224740313
0
1934189165
0
1457331516
0
1319795377
0
442311376
0
1486394165
0
149465604
0
1660023085
0
2047931418
0
1862931857
0
2131630986
0
1999782448
0
77044339
0
2099050079
0
2020808484
0
1274313283
0
528935850
0
1390016017
0
1672085653
0
772565329
0
819354741
0
1229987423
0
721032339
0
140301552
0
111140058
0
1767665563
0
866344743
0
716968941
0
566248070
0
1431272633
0
1434812784
0
804588525
0
14814516
0
2026951007
0
1432482288
0
290647899
0
1541425215
0
1638354744
0
792860574
0
471637583
0
450716404
0
1015779059
0
1851134610
0
1423796181
0
332135546
0
892123069
0
181597329
0
532046116
0
2124649151
0
620198541
0
1938739696
0
628694741
0
852968747
0
1392387104
0
720755569
0
1931079103
0
726127010
0
2014574816
0
1731753910
0
742097579
0
1996472124
0
275003693
0
602259907
0
1091828638
0
116155251
0
158668434
0
1713164311
0
1839319648
0
418225371
0
399833766
0
529773699
0
439358631
0
1251732831
0
1123884605
0
2009880870
0
150014780
0
152605882
0
751584256
0
377778938
0
1368950434
0
1957633927
0
356455402
0
1614049931
0
323761413
0
1881990440
0
326688417
0
1684022787
0
1683997296
0
1255570059
0
1191666191
0
901180215
0
2081194861
0
428386491
0
1526569493
0
1066338142
0
1194118379
0
1312914638
0
761847941
0
1080840973
0
130063238
0
1981972067
0
1385681452
0
1835495696
0
573573517
0
2143492483
0
1639983356
0
247655047
0
515067043
0
225210644
0
1249107694
0
2100363633
0
475390445
0
1248042275
0
1373735676
0
778817635
0
675162980
0
160614112
0
54436105
0
79583113
0
1818551757
0
1412115795
0
1588383568
0
593411519
0
553343165
0
1434382645
0
17693293
0
1018432165
0
1344730565
0
768704927
0
362087737
0
1787423808
0
83203173
0
383874414
0
736400510
0
735113909
0
586047372
0
1338176062
0
128839003
0
733607245
0
1033349288
0
801230127
0
1552277799
0
1501624037
0
567370315
0
965491525
0
629623943
0
1437681232
0
1769953827
0
670492145
0
1114785206
0
1547620814
0
541088434
0
1627548840
0
1714142041
0
1092158582
0
1366556765
0
381944690
0
515783947
0
1536797937
0
1177104690
0
979168666
0
720582501
0
1169808874
0
764957033
0
1795742689
0
312199085
0
827471974
0
217369046
0
451872575
0
1120192233
0
81726782
0
1339974641
0
292785198
0
955787509
0
742984203
0
1865576163
0
1477325341
0
201079573
0
1552606680
0
586676063
0
1167167464
0
1467935750
0
1304013514
0
1484512163
0
730912695
0
843204025
0
485461622
0
863106001
0
2118006969
0
654195311
0
2091802984
0
477967051
0
1603386377
0
1490035683
0
1222916514
0
2139349008
0
720075735
0
1242527300
0
1025347672
0
1609539776
0
1830997620
0
136337830
0
64857461
0
1285137998
0
2071294507
0
1536861279
0
94210037
0
692644020
0
1906677400
0
776081266
0
1929649431
0
319949823
0
97623073
0
73481603
0
202204596
0
1133515418
0
666197789
0
1953987912
0
1354907060
0
6364632
0
1743671321
0
1322045085
0
1745931733
0
658083923
0
875711811
0
1382974586
0
1438355421
0
216146468
0
1378840599
0
677912616
0
1276589777
0
135264862
0
1358837108
0
1634171958
0
1359736623
0
1719935034
0
1818227818
0
262640316
0
1116896427
0
523690162
0
1272567328
0
1249441223
0
1263534595
0
1907636629
0
1865457540
0
1631112227
0
1474445234
0
1187245105
0
1757915458
0
205087180
0
188980825
0
72411862
0
1550420432
0
349627926
0
681294090
0
126964826
0
1446569111
0
824680890
0
552260492
0
417766710
0
1281052927
0
2132982914
0
1099316227
0
1406012048
0
2081922795
0
1925354994
0
1157791162
0
646734267
0
1248088002
0
2142269365
0
410391953
0
1887563554
0
1652218594
0
1874353648
0
824144093
0
120247901
0
224360280
0
1989425475
0
2101058182
0
1411257253
0
43770056
0
1203923918
0
758367792
0
572035199
0
2058785621
0
1753411683
0
1819552047
0
1044120649
0
1446868106
0
1554922561
0
854982384
0
875845811
0
1487628939
0
1574959399
0
459186071
0
1631551626
0
269489639
0
269351150
0
89250174
0
1084088812
0
1029402136
0
1033439520
0
170275704
0
1375539324
0
1027958513
0
392787876
0
221101054
0
898705268
0
1286949925
0
312096891
0
1257381063
0
1564439361
0
1890050106
0
494025118
0
908378924
0
663329145
0
985328438
0
1168655449
0
706695881
0
1853104057
0
164553558
0
1840195617
0
108250825
0
452966766
0
182907547
0
1078043572
0
358784865
0
2110628926
0
1205478136
0
1110305954
0
1426760095
0
754514263
0
230282706
0
595907848
0
1706955375
0
564947352
0
1044941677
0
213500173
0
1999717121
0
1126577097
0
17953680
0
1099789180
0
764998531
0
345715928
0
1504336761
0
1062965996
0
353035379
0
2115781839
0
1911141047
0
634668750
0
326406601
0
1242508569
0
710535755
0
1965356965
0
1308536248
0
188691209
0
1647286691
0
588238513
0
1657460850
0
1934120713
0
306858752
0
1266808417
0
1096188161
0
372214314
0
186111687
0
1242933377
0
1407832870
0
472223444
0
1707347643
0
715344687
0
1184698503
0
1906848584
0
1505687107
0
135911101
0
1482757746
0
1309197234
0
560464676
0
866533790
0
1746798223
0
188795824
0
1258067349
0
213946281
0
907519689
0
1254552029
0
1261505157
0
11126868
0
178193187
0
1300689991
0
1460635924
0
1022405811
0
1557805830
0
2069444233
0
504077219
0
202832318
0
946220837
0
1017201424
0
2134503048
0
878404601
0
1543539529
0
666408143
0
1194440296
0
280922716
0
1299031706
0
1507127340
0
719587015
0
1618544848
0
707903787
0
679543729
0
773418557
0
127172208
0
637071091
0
2047846142
0
429698125
0
2096365661
0
2000951745
0
402066195
0
1542985903
0
2099034196
0
1753862903
0
813271999
0
2076557685
0
1948264398
0
1796571377
0
1355056419
0
369157698
0
353174103
0
152348813
0
725992867
0
1907517062
0
2003378618
0
388331413
0
483255058
0
284606852
0
941279695
0
1723290063
0
224141752
0
464109026
0
619794078
0
1583380996
0
267046148
0
3787206
0
1374545479
0
1504274774
0
21150487
0
1141433254
0
597281327
0
1168696811
0
1401867015
0
1135829868
0
910453293
0
1167510576
0
792168193
0
1719691998
0
2028489060
0
1512735295
0
483206232
0
1611471917
0
2092236702
0
1325014536
0
113887162
0
693602257
0
831897483
0
1582454811
0
1880524029
0
1450522504
0
697363984
0
1778217409
0
2117561411
0
1755636593
0
558908771
0
486242219
0
1097697898
0
2124043956
0
1186104411
0
1913624223
0
1567218489
0
1354214168
0
1245830670
0
710512440
0
1573501760
0
1730451162
0
321648413
0
728537792
0
1730398597
0
1585672105
0
119009465
0
884802898
0
1705534858
0
312638250
0
1766067188
0
1919743529
0
1335179375
0
1303128122
0
1636114348
0
1793230648
0
1041998938
0
147009681
0
1185514517
0
589210353
0
811306554
0
1255578275
0
1329752503
0
288003592
0
48230406
0
1007098723
0
1989615454
0
999067941
0
160248494
0
351945320
0
975029402
0
2018932804
0
1962014228
0
961730311
0
1839409655
0
1930973020
0
1090673676
0
32061740
0
1990752430
0
780870750
0
822128433
0
602788633
0
1388191932
0
1079460116
0
544319756
0
101802872
0
1603886692
0
1308895300
0
1928310879
0
1445226476
0
1881334562
0
40765106
0
91853149
0
1882616697
0
114771581
0
525646861
0
1946552716
0
945619414
0
1646503298
0
306654244
0
2124609755
0
2105553616
0
1804088846
0
999622729
0
894635822
0
1611247707
0
471422879
0
1137153570
0
1683076337
0
809397675
0
1385303627
0
1927841862
0
4908698
0
896108700
0
596104489
0
716933368
0
2115856306
0
1015224269
0
1116713668
0
1747026943
0
1885409217
0
1951498634
0
319801007
0
1891439855
0
229216444
0
2002595237
0
106948828
0
45139657
0
600487808
0
1372931803
0
153026006
0
1370157383
0
767989300
0
1219446630
0
1803067089
0
1006822006
0
1633800129
0
1552857561
0
508265736
0
1879760833
0
1508389214
0
453066863
0
1865237826
0
85862676
0
2132468395
0
1041729982
0
2069117130
0
1448908039
0
1480338140
0
1445068485
0
1373463472
0
498852301
0
434465019
0
609174533
0
1341830882
0
1425856627
0
602313116
0
1986112301
0
103633939
0
166375056
0
241857798
0
1864950862
0
1705309669
0
822854021
0
2060327914
0
1904926370
0
1411291114
0
612871883
0
1206166569
0
1943381150
0
1328200827
0
2126272471
0
2133534017
0
1771769760
0
1126107018
0
707270515
0
773559460
0
347845282
0
785167440
0
22153265
0
815253924
0
1027032808
0
2014333117
0
1964486111
0
1704478599
0
1887446060
0
1824980583
0
2087212027
0
627164044
0
896348032
0
323590119
0
1150535829
0
1112920415
0
270849535
0
1650286752
0
1618139859
0
343704605
0
2059769452
0
1108790124
0
1720009049
0
914714276
0
1914891506
0
1391607400
0
501172323
0
772369127
0
1816755021
0
1279144901
0
129560990
0
2130624519
0
116477108
0
1273151739
0
334218665
0
1543365750
0
2040671784
0
109347451
0
1704090772
0
1811688612
0
2027354718
0
1775202124
0
831790297
0
1928463356
0
1860423768
0
780368456
0
970007763
0
1372108364
0
1345872262
0
629853583
0
1002273418
0
347609258
0
1113279366
0
2008771698
0
835513799
0
84852060
0
179430812
0
626616896
0
290366184
0
1101608504
0
1277605941
0
34064034
0
1283569336
0
1476596037
0
828569127
0
1477350341
0
621254573
0
360116697
0
872409233
0
1711120962
0
1856491357
0
1260329836
0
1732343291
0
2057889458
0
1723985671
0
1177807173
0
2048382212
0
849492027
0
941212533
0
594498329
0
1639489659
0
540024156
0
920097670
0
51797643
0
832108866
0
840201598
0
1563278561
0
1707837329
0
355562701
0
1642809753
0
506269192
0
536100530
0
1547708545
0
2015583351
0
1502332479
0
1736736774
0
737230594
0
1801433815
0
1473673299
0
1098235442
0
421127729
0
1935124438
0
2144079298
0
765164826
0
993152346
0
1668574738
0
1894159040
0
833402152
0
1101622930
0
1520063723
0
1245527749
0
2061770134
0
374514146
0
184682465
0
844319340
0
2050691651
0
1009527654
0
2010469478
0
1452814848
0
570083946
0
1476331155
0
671664647
0
1493673497
0
86630649
0
7405077
0
2050561260
0
965529764
0
1272306816
0
1165983333
0
893598856
0
1362829321
0
11819145
0
1075874491
0
410262497
0
1859280209
0
887925166
0
494401959
0
799494670
0
301739411
0
1125390110
0
1543099641
0
1863145115
0
1420890898
0
895168046
0
1966401887
0
1690671126
0
1753481225
0
840860794
0
1904967498
0
2102529410
0
368382485
0
209071094
0
574630366
0
578600803
0
737742405
0
1813506704
0
371772257
0
1346394276
0
813408293
0
72283649
0
1543028188
0
662234544
0
1915722254
0
321603507
0
2121286297
0
2082769832
0
1129120324
0
1959780576
0
2075446793
0
457371730
0
1202693497
0
1553518515
0
879501379
0
649734552
0
134270469
0
1825943133
0
1084920701
0
2126058677
0
687781906
0
1793505988
0
1374671024
0
1466825942
0
1978823281
0
3642678
0
1092947030
0
1733100419
0
1898037872
0
1600422166
0
1062665287
0
1741470157
0
834303736
0
1222159689
0
156809468
0
534293807
0
1246886142
0
1269961168
0
397383043
0
142661531
0
1120601465
0
517238065
0
206355399
0
29101088
0
1623198147
0
1606488788
0
2092649832
0
1826039505
0
557161258
0
1180562286
0
1108926169
0
1859033717
0
1040101416
0
467612132
0
1514438151
0
1185819613
0
1421991531
0
66154054
0
1602140079
0
2018341667
0
616709257
0
1276401977
0
1273877556
0
1795606749
0
174939152
0
297214921
0
244214325
0
668910858
0
307898361
0
1559647704
0
813565846
0
572793273
0
1914833457
0
415977857
0
1280571614
0
486006264
0
1426969507
0
2126618100
0
1500069679
0
213079173
0
1366421062
0
248668016
0
360167850
0
1732137704
0
750072396
0
737751682
0
1969425243
0
964607890
0
810756027
0
592805574
0
1106643785
0
6227828
0
1591890140
0
1546308654
0
2109935431
0
287325906
0
1543263686
0
325282136
0
1670978137
0
1485896740
0
379178217
0
1264312470
0
2096479872
0
1773012375
0
535900853
0
339220853
0
1863277233
0
1493914477
0
1989297862
0
2103750138
0
1557805158
0
2058149929
0
1806754474
0
703675938
0
489045937
0
975146090
0
1832624373
0
1707371737
0
1120292545
0
1767670566
0
950430164
0
896399962
0
1196377629
0
629423742
0
220386672
0
1776988876
0
796960103
0
652944782
0
401514904
0
867372654
0
813199942
0
865495686
0
1479253471
0
394905778
0
1456941616
0
1209197018
0
1336529965
0
380174135
0
822837120
0
1776272807
0
1646890302
0
368579531
0
1373339569
0
563898227
0
592166978
0
1111179048
0
1068465424
0
440124954
0
1246421610
0
2052506432
0
1445780863
0
461498636
0
1844125935
0
1740596041
0
1175421653
0
609653218
0
797155089
0
1782590837
0
459838162
0
1853826828
0
1574747520
0
1193103012
0
1427510645
0
484106231
0
1705369581
0
1829795005
0
1398823995
0
1531400256
0
652593297
0
936557450
0
1813413287
0
949196385
0
1635112779
0
2139729641
0
674923625
0
432741921
0
1713837505
0
268789324
0
1384058827
0
333841085
0
1639829631
0
1958966266
0
1274240505
0
1453239651
0
1267297026
0
718305036
0
1547160265
0
1390575979
0
345948752
0
1122442435
0
1393649797
0
468000350
0
1596767136
0
1909601840
0
535020465
0
574925266
0
1240017809
0
1798005375
0
1833940688
0
208357825
0
1471620165
0
950950656
0
1054374418
0
1983271929
0
1757625616
0
1776163627
0
1959385689
0
1881031925
0
1396795988
0
1806424959
0
1607968274
0
1188567270
0
357222496
0
1621696907
0
2144951872
0
398130515
0
1968005200
0
720265306
0
133679803
0
488554259
0
1301448532
0
1324532629
0
604410801
0
734682097
0
1918517676
0
59620827
0
1319859887
0
1526530946
0
418478713
0
362785466
0
629253229
0
1649541975
0
1985574702
0
1805625781
0
1061085510
0
959961882
0
34710863
0
1417406104
0
308293757
0
1762617335
0
1920122627
0
1264228520
0
685532222
0
490288999
0
392452654
0
1029475841
0
124715808
0
154545584
0
1139901065
0
615584568
0
1701106777
0
1051808528
0
1808031639
0
694151623
0
1475157257
0
269313784
0
1608723459
0
996059683
0
1140063816
0
1203456978
0
1500441800
0
24865879
0
1309000835
0
1554553977
0
1102642037
0
1468325896
0
1418746395
0
1359728124
0
1577092341
0
1947803913
0
499650923
0
972003091
0
547847708
0
1414033667
0
1609803567
0
1969565663
0
1177163183
0
1962260517
0
806142240
0
358298757
0
383062711
0
2126493718
0
1557065052
0
356606622
0
2008120824
0
633692716
0
1102072339
0
483346198
0
1816396832
0
1701513319
0
1442108981
0
1025203625
0
1336025494
0
491464626
0
823862820
0
1835343531
0
163620009
0
1182423103
0
171422783
0
1327143254
0
1531512236
0
387157510
0
80820160
0
1134764216
0
179909305
0
78714159
0
98943761
0
795448349
0
1014699068
0
879595049
0
76562595
0
444829612
0
860713677
0
564923147
0
638128242
0
488030176
0
1083120139
0
1928784201
0
810414742
0
1299279520
0
1377169944
0
516501442
0
710834520
0
544249379
0
1066460280
0
1099408098
0
802604298
0
1025649679
0
242920484
0
398161641
0
343656235
0
1246814862
0
71958208
0
368308595
0
1114685511
0
2019530596
0
1271686137
0
1471649615
0
1445916806
0
598808990
0
1074325088
0
139250040
0
1765730697
0
559306586
0
729867983
0
464598617
0
258415427
0
976147355
0
1481016052
0
2101317234
0
1470176923
0
316702479
0
1354087287
0
1260825350
0
1470512501
0
1661794631
0
1757533982
0
236070989
0
1242816114
0
1584477276
0
1512354932
0
532896232
0
1380163234
0
1432602591
0
165096773
0
232591887
0
751607269
0
764558429
0
1538856202
0
1410626193
0
174962871
0
695860154
0
125666716
0
1104070811
0
1859410397
0
928511235
0
1872147543
0
253359357
0
1898124745
0
913013030
0
1239337395
0
1099705512
0
1506274102
0
1411601478
0
1534192337
0
334458430
0
1278128811
0
232005536
0
1634224247
0
91074199
0
1675705929
0
1489001945
0
1028751124
0
829299071
0
860617267
0
1092043924
0
1586983406
0
683208902
0
96955405
0
1736887409
0
1121469392
0
72101625
0
631234467
0
588470689
0
1264675588
0
1756953157
0
1211563449
0
306946489
0
593920529
0
518339647
0
1540774897
0
1445878353
0
2100013066
0
1025861817
0
1660840203
0
748848115
0
1636097385
0
1508133507
0
450366608
0
1579208628
0
1009017523
0
2026632349
0
371764576
0
1217299709
0
79504194
0
492160124
0
1775679471
0
264626738
0
142952629
0
1718118257
0
1348427837
0
631729668
0
321379308
0
500657351
0
707169311
0
1220107479
0
25054350
0
181665638
0
1680115479
0
438381150
0
2003078840
0
1792413508
0
193228840
0
601839616
0
470448742
0
1944702187
0
2056033216
0
590897435
0
1248806317
0
1330087688
0
1626490593
0
1108053888
0
83508832
0
1226117933
0
111023319
0
1953116837
0
1747135064
0
1555115217
0
1945468129
0
2044318528
0
1270631743
0
930318833
0
40192424
0
1204205010
0
1187713742
0
1044362929
0
1223900772
0
1501904038
0
978379828
0
347484117
0
1157518226
0
354466209
0
393937885
0
221949494
0
126050819
0
1117238991
0
1986196016
0
1510631944
0
1639407974
0
1314628008
0
1641170120
0
866244772
0
1184239991
0
643088341
0
100551836
0
2052561110
0
217270362
0
940774234
0
1817941624
0
1895028699
0
417375436
0
1147361750
0
1453265837
0
1707405128
0
1681495082
0
3048654
0
1846603897
0
438030435
0
403579129
0
1201063877
0
2081782586
0
1716345978
0
1626505742
0
1362663131
0
1513631109
0
506766601
0
306119005
0
1718782470
0
1774437493
0
865538962
0
59109556
0
1316862778
0
546243864
0
228031323
0
1411619413
0
1835625882
0
614125972
0
808803922
0
2143515191
0
2021636712
0
161955750
0
1128509501
0
283613003
0
1417528728
0
221751678
0
1096324601
0
517877747
0
220072538
0
792306032
0
1888868424
0
2108332214
0
1259345198
0
215917954
0
1833173095
0
192324156
0
429201157
0
186275426
0
1847411103
0
1119839795
0
600752257
0
1522558852
0
231487912
0
1524452267
0
1989342759
0
710850370
0
810640329
0
795752935
0
1838908676
0
2100953555
0
1800274911
0
1323326594
0
1809417026
0
356030815
0
920467163
0
1966899200
0
1459076129
0
576735010
0
1591614159
0
1202863281
0
112110909
0
904889144
0
2140138801
0
1109224804
0
435741221
0
583465077
0
887216937
0
1476099038
0
1065441522
0
1157011568
0
428999791
0
1096884358
0
1335779058
0
644582068
0
1583301408
0
1076894279
0
369970237
0
1124615194
0
1403988311
0
281229741
0
16749940
0
195883823
0
126982310
0
1740422699
0
409546306
0
559676307
0
501317889
0
1071413242
0
591978199
0
85854042
0
1987356757
0
1691853108
0
144216229
0
1480606987
0
1668612720
0
385038867
0
980009258
0
1963510363
0
337467492
0
311826317
0
1004811139
0
49413165
0
1558376413
0
921814479
0
988919095
0
1387285532
0
877980845
0
863923378
0
823276679
0
574006332
0
827879600
0
625888287
0
929536603
0
1925638343
0
1625070511
0
863055831
0
1274799779
0
115539534
0
547731050
0
1600846308
0
1748768940
0
1098381738
0
732440954
0
758849274
0
74368585
0
77325541
0
382761152
0
1353158899
0
689793763
0
1247048235
0
1846774572
0
1159081513
0
858827054
0
1068705091
0
173240929
0
1819952018
0
1323982305
0
2092533568
0
2019474104
0
322225093
0
1830863964
0
37465085
0
462975024
0
887975287
0
1336785606
0
381765128
0
1792852707
0
1132395492
0
1170954330
0
689283202
0
1255984096
0
1707935109
0
1998951161
0
1137989259
0
696115831
0
127862761
0
1505777127
0
1648877241
0
1550808599
0
431099754
0
2031224147
0
236702270
0
1115337646
0
95061659
0
2120953092
0
777560691
0
1024541642
0
947495448
0
964752031
0
1085850167
0
567724563
0
476886720
0
626132436
0
737981552
0
1537883039
0
87061181
0
800905460
0
390566824
0
1546585736
0
324401664
0
1905270762
0
757036517
0
1819616391
0
2125550257
0
732701554
0
843786180
0
1679806119
0
1681418571
0
864611924
0
1658251066
0
182895496
0
875502415
0
11139661
0
393205138
0
791572547
0
298604264
0
2120065656
0
894809368
0
233068035
0
164292117
0
1741124024
0
1459297346
0
2147245482
0
292128139
0
650015131
0
554994428
0
1269872475
0
1054203439
0
1257111523
0
1329247875
0
396655384
0
797798600
0
1860661979
0
489013439
0
428952204
0
297089649
0
286251468
0
665053396
0
2047527584
0
1518144760
0
1205771313
0
1742764499
0
1113473260
0
972580862
0
1668510317
0
811435293
0
1271811001
0
1422755216
0
16505967
0
390396906
0
838257557
0
1102036179
0
2023088725
0
943618124
0
223076973
0
1895721196
0
1318754280
0
124463273
0
205157133
0
1364680896
0
1066469112
0
1247847522
0
248005652
0
2112717984
0
1956537590
0
1257672266
0
16237241
0
168886318
0
1646448939
0
1540526178
0
1560625414
0
66068640
0
166586981
0
1656197626
0
30467768
0
970668790
0
1744570918
0
1409186335
0
1745073229
0
1261592724
0
1482865437
0
971676224
0
1496644980
0
636221549
0
654495630
0
696813476
0
1115764041
0
819031483
0
91957511
0
1489145184
0
1288685350
0
1562097455
0
1184341610
0
203515227
0
1686454165
0
1745978049
0
1436516935
0
1528966971
0
558561595
0
1093706128
0
1606358623
0
2052450324
0
502773707
0
1917026251
0
763044616
0
1866004875
0
92753337
0
1979690884
0
1700544417
0
190158596
0
539856236
0
245349877
0
426780499
0
304465713
0
1849191237
0
973780875
0
362292338
0
931185521
0
1721715758
0
1682085028
0
1328336488
0
111359604
0
1162607891
0
2144603631
0
987694969
0
140752673
0
1250679764
0
604856712
0
1786657333
0
85959730
0
1616171326
0
1618308826
0
1036049327
0
1083629013
0
1891494931
0
1154878776
0
1090386646
0
1650399471
0
1365124445
0
2078746214
0
76165655
0
215909973
0
1699036428
0
615191237
0
1532843601
0
1288572595
0
1814507817
0
17609272
0
1753774865
0
1481100980
0
1381218483
0
1988303358
0
421506939
0
1866055967
0
951456581
0
967521305
0
384398051
0
947232981
0
848436456
0
380099912
0
1722854806
0
1498711941
0
1015896724
0
1681246618
0
122081500
0
976887615
0
1037663990
0
303982643
0
172684688
0
1061144119
0
1945003345
0
675144781
0
2002227166
0
363230472
0
1666018130
0
1874921324
0
1775140037
0
1935777735
0
239140095
0
1285673128
0
327806182
0
1142946319
0
257561018
0
1648480821
0
1330628600
0
2127663989
0
1898456926
0
53528156
0
1999553446
0
523175019
0
1204493515
0
1741649983
0
1709155671
0
1038100225
0
1193333347
0
1003783696
0
2108531487
0
313559215
0
64856767
0
1273473940
0
1454483578
0
699141645
0
1590594778
0
1249995990
0
1997568976
0
1529926081
0
1645937836
0
1540352645
0
791539930
0
1897893992
0
1329714653
0
1799342289
0
681134169
0
1734139873
0
40788427
0
483809196
0
1008069630
0
1127780227
0
911606767
0
1226595271
0
1691192144
0
1920296163
0
2033364425
0
1848616264
0
2047627899
0
1056655318
0
1663652583
0
771878541
0
13927060
0
2143863544
0
1433954642
0
1414181460
0
1946276871
0
604459793
0
1558090641
0
413811769
0
1382352597
0
1722004533
0
93075512
0
952035168
0
2101898426
0
500852632
0
1841773431
0
856766959
0
804426778
0
1591299981
0
217440929
0
1660010156
0
1830633715
0
462637436
0
1656584712
0
93771229
0
1907532552
0
116235401
0
1505749484
0
1184281340
0
1338040984
0
6066704
0
1031362719
0
1772703296
0
1783661041
0
1266887614
0
279768493
0
1227358568
0
1635022941
0
629822375
0
477760562
0
280409401
0
1261681089
0
820532345
0
1694625028
0
1634719082
0
1965315103
0
604961614
0
1402261600
0
1325169022
0
562849717
0
149728584
0
1784960651
0
1634596414
0
2051117674
0
1727245274
0
127379972
0
1981476992
0
1654890515
0
1684173308
0
2066320096
0
1683797835
0
50712679
0
1924471741
0
1345343520
0
333221377
0
1961815510
0
1916844179
0
1997927806
0
1118330950
0
1011398106
0
1234901537
0
1708167751
0
1613997961
0
1597785270
0
1841510802
0
737728650
0
1582326419
0
1870123332
0
592183432
0
1387721426
0
1761600362
0
2007726592
0
450286433
0
231707403
0
918470210
0
616364834
0
1930135557
0
2047818564
0
2113678326
0
917136408
0
1821474737
0
1146516774
0
136656087
0
1118835566
0
902544630
0
1390597649
0
710156442
0
2032694315
0
1323495729
0
357101677
0
1738575621
0
1577961065
0
1516062652
0
571520509
0
1998325379
0
1357889420
0
738765271
0
1824946390
0
1512530276
0
1332419193
0
9905835
0
1131128026
0
1343489738
0
1388962008
0
1137225566
0
745629462
0
1227287589
0
442078888
0
1873935643
0
241184999
0
1294636304
0
648049924
0
1885498731
0
1308476785
0
1336780215
0
291158591
0
1534691071
0
126746180
0
2066753083
0
371075756
0
377720204
0
381808096
0
367532236
0
951321680
0
847723845
0
1288148717
0
1132841212
0
72235782
0
738527519
0
2124015820
0
713222659
0
2026995906
0
39616134
0
108433568
0
1376844720
0
1492912615
0
183388757
0
575805454
0
1000951996
0
1760789821
0
1269865887
0
943478923
0
31009413
0
1484161717
0
1283417714
0
1075768730
0
780221017
0
639484137
0
1801720971
0
2004936897
0
808522802
0
1713698645
0
82452951
0
659795142
0
1718882133
0
1301989887
0
1833151526
0
1977297620
0
131662015
0
935329695
0
505887825
0
568916302
0
1179091270
0
7880374
0
1448943351
0
2073826924
0
1149520858
0
1234171994
0
184156785
0
599150168
0
366052793
0
1856126943
0
1578074679
0
1278089503
0
1718839627
0
587591545
0
1521287909
0
345585381
0
1457716979
0
1355821077
0
335862822
0
1259425038
0
1557788834
0
1783792461
0
1328179907
0
1774670031
0
478837834
0
1206250729
0
1210374623
0
1801184377
0
1576336127
0
2123017097
0
1107554374
0
278111622
0
1297615082
0
1320247889
0
1605229619
0
257149272
0
1170716740
0
991075366
0
1120510230
0
1131335067
0
528260531
0
777347819
0
1741769232
0
1565889967
0
500581384
0
1577875589
0
79467520
0
2023263853
0
1739510773
0
115191553
0
1141665324
0
202714523
0
1113923919
0
2104355734
0
998638895
0
1539206960
0
863364958
0
27846327
0
2009266490
0
561548355
0
1900057567
0
1185697679
0
1520130440
0
219356721
0
1646471595
0
1921305570
0
1818598698
0
53569535
0
547526652
0
313012769
0
1618157080
0
633137952
0
368088379
0
1708482493
0
461415814
0
452136581
0
1262373781
0
1725188554
0
2067308931
0
1123278504
0
413075951
0
1900361353
0
1996461687
0
99589034
0
903133425
0
549056979
0
263414894
0
1250326991
0
1118251842
0
1829313597
0
1897734327
0
793708645
0
1840264998
0
1274337292
0
932455113
0
1584912032
0
229364436
0
194929487
0
1267326334
0
1210884592
0
1782298772
0
1993552648
0
599494442
0
1857298617
0
1943046774
0
3310689
0
1955658848
0
1521041001
0
490769919
0
2032824153
0
1358199348
0
1652757873
0
200597566
0
2041449619
0
297518414
0
1050053882
0
234983728
0
149089663
0
1784033639
0
1086691259
0
1819055925
0
1295732783
0
1896703301
0
645123839
0
2098912017
0
1847884097
0
479515365
0
1856096011
0
1058200555
0
1864647078
0
894579275
0
660862278
0
326884062
0
677261008
0
1062432356
0
2121566134
0
343539350
0
1429812314
0
513551468
0
522745383
0
426052204
0
948913530
0
1176136088
0
1879744028
0
1225947579
0
1542850935
0
1978110667
0
911641062
0
1802991336
0
1881124982
0
813321340
0
758348225
0
243172630
0
341012169
0
1905154187
0
945244139
0
1781707314
0
642852630
0
433924353
0
112135659
0
1320862394
0
1195796919
0
1606849007
0
1704399624
0
560113235
0
1402315844
0
89364283
0
854435128
0
268048807
0
1823091490
0
401997034
0
380596976
0
1487074866
0
852589076
0
1453707548
0
541307317
0
1011348127
0
394904484
0
1435193358
0
758444802
0
1866342269
0
1468367001
0
2109598130
0
1060758940
0
1913750833
0
1547669112
0
1352832920
0
1653515651
0
51670530
0
843204322
0
490453301
0
1006392721
0
861258075
0
1124685745
0
442255321
0
544277780
0
1543795887
0
680049755
0
688262951
0
1288494715
0
505578657
0
1815180667
0
588780987
0
37403133
0
1569231407
0
825588642
0
776462827
0
1900094217
0
1801674229
0
1219344103
0
79895800
0
631431225
0
1747898748
0
1505450323
0
451249707
0
1389067992
0
771015007
0
532896651
0
1387205367
0
1678131337
0
1450644908
0
607124365
0
1244395658
0
214585873
0
919724198
0
217304680
0
1517556860
0
2062354248
0
1601783556
0
321226900
0
86619742
0
1971574775
0
584570215
0
133918480
0
205031304
0
1397356540
0
490204188
0
1114517824
0
1348698834
0
891408953
0
1064351599
0
18544883
0
298719766
0
1913824123
0
631970495
0
73991403
0
180478608
0
1057055092
0
1940203260
0
1604494772
0
791477625
0
850733857
0
337812873
0
1821677490
0
259219151
0
1599434741
0
1646882488
0
237249633
0
1724932999
0
2067163340
0
823814214
0
1018422489
0
1182106033
0
1284878234
0
2000408253
0
2005014386
0
2110880425
0
1137454535
0
298944151
0
1390095524
0
860876155
0
1148207246
0
631131580
0
1006732527
0
129926576
0
1832577480
0
919241086
0
687575884
0
478377881
0
2065755246
0
780298473
0
1941287129
0
493728232
0
213583216
0
1247937175
0
1754803623
0
1591567510
0
418833538
0
2031361947
0
405223223
0
916064324
0
982828125
0
2095567798
0
1476170186
0
113742311
0
406575147
0
15530875
0
1181894838
0
2030291163
0
1735909358
0
1863235411
0
791012123
0
1616976331
0
115642332
0
127973389
0
1217618276
0
1138692469
0
1777548066
0
1605331845
0
1975261654
0
272919805
0
2085576290
0
1052619696
0
408946686
0
1219281202
0
1170202340
0
935489154
0
1038431591
0
320150768
0
1327422041
0
1922118051
0
441581336
0
2101513767
0
478339760
0
1425055599
0
24337402
0
1016822484
0
60625762
0
1029933256
0
1370038772
0
921977870
0
1587547985
0
1582153567
0
1112483415
0
1516125123
0
1621470606
0
488994612
0
112526815
0
1452570345
0
755689319
0
652096075
0
1169681884
0
778119750
0
1830711667
0
1772776700
0
869878422
0
2125453425
0
1252729777
0
699686851
0
16453785
0
1660857679
0
1042567247
0
1108644456
0
1419250620
0
1244303111
0
806632091
0
1289926
0
204949812
0
27720496
0
2041908520
0
1567816580
0
668911370
0
316503545
0
158087196
0
534231833
0
205289124
0
1435569986
0
645980657
0
1467066614
0
1728830291
0
996956927
0
1187658195
0
110784500
0
86769551
0
194447344
0
1753883521
0
1159798725
0
28107256
0
2099732899
0
612062342
0
485112864
0
1443981236
0
279938705
0
1940628005
0
153249399
0
829756240
0
2101805709
0
1090041660
0
147187063
0
2019290144
0
1525376667
0
345864383
0
1851936299
0
2012881322
0
1186487663
0
1912489646
0
1825735673
0
1893107775
0
344660473
0
945173752
0
598713005
0
1608588840
0
881001797
0
97456114
0
1562368984
0
1452962219
0
899464696
0
1165754439
0
1341544692
0
910828591
0
1032693121
0
510449593
0
2076623433
0
905807387
0
393179726
0
364473063
0
1075408597
0
1169916627
0
428478057
0
918035608
0
1901943608
0
672134061
0
793180007
0
1545380720
0
1546534222
0
1606089513
0
1824485848
0
214651823
0
2028145848
0
39338505
0
1884773906
0
2011244892
0
1600296064
0
1090752620
0
1358873548
0
99135391
0
1868690112
0
126375009
0
123449380
0
344526658
0
843628694
0
1180422564
0
908102162
0
306757505
0
1712633735
0
1511863404
0
861719724
0
293685900
0
1061500494
0
1492147029
0
201086737
0
1673012028
0
1309764425
0
1503309225
0
973037620
0
755307435
0
676222628
0
790248872
0
1673918656
0
1515075692
0
1163552965
0
848593173
0
866558884
0
21069434
0
1926659130
0
1601568444
0
1000806810
0
1468132366
0
313571332
0
268507186
0
937132755
0
745146187
0
1694819252
0
604074556
0
1525863323
0
2082640834
0
1108534585
0
1720132370
0
839886676
0
565351801
0
1400065079
0
915462574
0
1606634110
0
240109392
0
396778631
0
721727282
0
1082790318
0
680449948
0
971855761
0
219156045
0
421193710
0
896583458
0
2132911254
0
2042410254
0
1410525330
0
627242077
0
60365016
0
942542528
0
1472887824
0
781658999
0
1185327494
0
1740882086
0
1688012674
0
22551401
0
1064274735
0
874175282
0
1328335447
0
93863517
0
1311133321
0
888024180
0
11046610
0
976780628
0
1387017128
0
661882111
0
287348117
0
1916563963
0
1583304788
0
1133701939
0
1653572589
0
1008627496
0
1913899501
0
1898848541
0
192950520
0
219082670
0
1335463732
0
1787348927
0
972161853
0
1068676995
0
1848515104
0
347431779
0
277873460
0
1589793642
0
670205120
0
585723325
0
186885427
0
1362279675
0
1511337058
0
605357090
0
1606575791
0
1407425606
0
69788337
0
406508697
0
1046189372
0
1856157215
0
2086856183
0
1088944877
0
1040908005
0
1139051573
0
1370558053
0
1059599049
0
1746815619
0
481170396
0
1754914617
0
1309560021
0
215374844
0
1295057913
0
1291581446
0
844659046
0
1317679452
0
1387181900
0
1283721468
0
1885994914
0
1057889878
0
938066033
0
1398364004
0
242782460
0
225875920
0
1692983191
0
1957652034
0
660779751
0
1087336420
0
1924858617
0
1405117511
0
2079824965
0
1026864536
0
1333669260
0
1692429081
0
1234659852
0
1941135250
0
88581526
0
583540111
0
829728
0
1060336614
0
1258168692
0
1917218082
0
1839664586
0
1920631043
0
1219241644
0
505351034
0
137004553
0
533052687
0
1862218772
0
884229626
0
660486942
0
461062851
0
962338381
0
1321823910
0
176127155
0
936628519
0
860386323
0
1505535410
0
1881306916
0
1723602431
0
1179143434
0
884600722
0
455046473
0
776804744
0
1204242295
0
1814362737
0
1874217006
0
675085646
0
1008345221
0
1464670870
0
118266529
0
1283179428
0
1365863222
0
1610469371
0
274831609
0
2005011413
0
2060913214
0
1004645235
0
1556031931
0
172811151
0
1039124113
0
1221949787
0
923953848
0
438071879
0
1100128437
0
24439989
0
593518546
0
204662307
0
1638074902
0
384523374
0
906052995
0
226146088
0
1938729473
0
456876780
0
1474003435
0
204380253
0
1192560618
0
901429275
0
1972178987
0
2143064
0
1658738296
0
1929319165
0
1211620102
0
1259113460
0
616064682
0
1180448187
0
1338747923
0
1150172242
0
1444564647
0
1495392794
0
1065567917
0
1133848686
0
1972465771
0
527154458
0
1514931731
0
891484085
0
179611476
0
1515553097
0
597364212
0
414261359
0
348677139
0
1881286157
0
1374705918
0
2053289400
0
1720222157
0
201453138
0
1388662694
0
401622462
0
527616313
0
687394128
0
1718572083
0
385946831
0
1207774677
0
1053564895
0
1262520750
0
2047812890
0
2018315408
0
175374244
0
1167355224
0
328650776
0
305652148
0
314767812
0
1050393723
0
1651724121
0
6196878
0
1071713490
0
1343279041
0
2142744823
0
1958963618
0
1229735569
0
783089455
0
1604681369
0
1780129757
0
2046139542
0
1811642983
0
1260468115
0
1908914797
0
1872790646
0
324573243
0
494031721
0
1019355545
0
1831592696
0
1547845574
0
23662460
0
410490525
0
1396779511
0
1529496020
0
860353550
0
954719599
0
2121973656
0
750310663
0
447337857
0
67114452
0
563680089
0
1220888906
0
273596057
0
566441772
0
391854853
0
1719652669
0
1367486557
0
976573305
0
50023114
0
1072371021
0
1656984323
0
367582365
0
1793839783
0
542312648
0
728077068
0
429461270
0
263027323
0
1178872135
0
619845723
0
303894864
0
844866682
0
512450410
0
1344616400
0
997417419
0
337212651
0
323680924
0
529211817
0
1733226092
0
1862740336
0
1060221186
0
1465653943
0
1608388911
0
1815762388
0
1775831246
0
668025516
0
460340896
0
1713342578
0
540485823
0
89400351
0
1460630004
0
922908371
0
46609116
0
1675365104
0
55723464
0
241389356
0
434297109
0
2082078457
0
246598934
0
2092328675
0
723321100
0
2100285680
0
1312718021
0
1752273316
0
2014370701
0
448676752
0
1095086247
0
1179698539
0
1624315869
0
1064689619
0
1404679729
0
1164473832
0
1293219313
0
455002304
0
34456361
0
1434958284
0
1102523378
0
1621507730
0
1112937680
0
561022390
0
1650098400
0
599991442
0
1620443029
0
398377149
0
1818215544
0
56351198
0
54296459
0
2027520085
0
259557999
0
852002136
0
178941556
0
993625892
0
1037527772
0
162050364
0
571203352
0
962834974
0
1078127873
0
1775631772
0
1610433292
0
1815935503
0
390407757
0
1020630314
0
1781798809
0
33125448
0
541139963
0
346113096
0
1737088396
0
204490607
0
899796649
0
302437569
0
2121913381
0
1884752385
0
1649541445
0
1976666992
0
270115454
0
50005620
0
778349363
0
1394850064
0
1313534996
0
450786612
0
48281268
0
1861936357
0
432648015
0
135559363
0
2013548121
0
1655960221
0
335369227
0
1553508461
0
710523801
0
1764446087
0
443702786
0
1249501918
0
136151813
0
1233437036
0
716619561
0
1136669351
0
2134742192
0
602730515
0
411402706
0
1695420049
0
2111735147
0
470381660
0
817255013
0
299597279
0
1629799585
0
887707610
0
1132905561
0
1153749425
0
1436737212
0
936195216
0
20313743
0
2110662375
0
1767655479
0
696862955
0
1947357594
0
1588302078
0
1371292736
0
522514348
0
838014253
0
1307793145
0
584260970
0
1378888706
0
1486446965
0
1036875204
0
2079241870
0
1964205106
0
1276594858
0
220661229
0
2096501081
0
2129472038
0
74081764
0
1699175935
0
812401739
0
334999747
0
1786109042
0
1608251128
0
1647527154
0
334732860
0
1595506527
0
49899200
0
1137232070
0
854942190
0
200305253
0
1423512322
0
2003768274
0
494828864
0
1532036064
0
601200118
0
459824091
0
1617335531
0
1857749438
0
930060733
0
2144756665
0
1412253760
0
1759677676
0
1905397695
0
742915801
0
715943749
0
515715302
0
383081422
0
293485848
0
1994193824
0
638321239
0
1584247108
0
1938888650
0
984680972
0
1024112622
0
179407249
0
230593555
0
1525379697
0
396789593
0
905965616
0
905050882
0
563502073
0
376457641
0
636748225
0
916404574
0
258958934
0
1520934916
0
855282971
0
1632844226
0
519381369
0
1869127375
0
1033003309
0
1428812015
0
881395351
0
269467251
0
2040559681
0
372715977
0
27627140
0
472874228
0
1907656096
0
45155762
0
871164543
0
118968955
0
203951328
0
426069084
0
1232615690
0
1944642868
0
1059058783
0
1256499545
0
1781151864
0
2044822715
0
1154568064
0
163217356
0
857485073
0
2136350541
0
1864448394
0
1850264581
0
1833604307
0
997253299
0
1873815105
0
362786480
0
646295527
0
316635763
0
232791475
0
1958599138
0
1546371150
0
1012822056
0
1544909070
0
61963613
0
2040358543
0
1287156905
0
1643326104
0
594645861
0
1971576336
0
610805942
0
843634534
0
1278575444
0
1296115426
0
1885333261
0
674906142
0
138905140
0
263963691
0
1884023582
0
137967659
0
1687589700
0
1503561971
0
925972348
0
3263027
0
1154603614
0
760706206
0
1219053651
0
1640719977
0
1890625959
0
1582451901
0
1831615659
0
1933784715
0
1102191307
0
335357727
0
1360227961
0
1387918212
0
774015370
0
1567873711
0
1629112087
0
70346959
0
1205334063
0
836354690
0
1332805215
0
55326648
0
14553785
0
1939812384
0
1477492781
0
867760006
0
880974065
0
1778848037
0
1979107972
0
493477021
0
286447233
0
1807792104
0
963254172
0
1681137718
0
439282847
0
2125514790
0
136607685
0
305343152
0
1563922981
0
1801186034
0
1604185326
0
2033069644
0
1189199291
0
242181208
0
858051791
0
923761732
0
1504145561
0
2144434890
0
299148629
0
531789976
0
2114671465
0
428954405
0
334081856
0
1391500534
0
852559108
0
950035372
0
703581759
0
1053663131
0
766089555
0
1502687120
0
1254737120
0
77362300
0
1000569665
0
1777403645
0
1325531745
0
216684237
0
1827189594
0
559354258
0
1531091287
0
1902202255
0
724246896
0
480269876
0
1652260506
0
431284985
0
849434270
0
2117974281
0
104808095
0
573062125
0
2138461727
0
839929497
0
1285044348
0
497318957
0
433356175
0
1300186248
0
1584161911
0
506982671
0
1790123848
0
365618866
0
1005566795
0
2012305322
0
95590251
0
267580601
0
396404189
0
870931529
0
497669951
0
2037545039
0
1245235411
0
1443412662
0
1461333722
0
2012878562
0
1140100343
0
1817366267
0
814938188
0
15425150
0
1552458410
0
242185820
0
935565675
0
177036391
0
1185772442
0
629188534
0
562213110
0
187692970
0
2049752994
0
265904984
0
151596681
0
969812225
0
233184845
0
2127517787
0
1588723559
0
2012672962
0
1979548437
0
1453921335
0
1986941779
0
1159768803
0
1672691849
0
223483266
0
134353059
0
1066549616
0
453394603
0
931113065
0
503947766
0
174599394
0
1029353156
0
210232660
0
769717305
0
197255607
0
1707719528
0
523164941
0
1035112569
0
371922836
0
1729691882
0
445331335
0
703237550
0
1710993409
0
1860191733
0
1175523505
0
173996135
0
1627797378
0
1596352913
0
1390206820
0
583944380
0
352927870
0
308878076
0
845848533
0
1982034638
0
289828602
0
656402418
0
531944687
0
419931948
0
1164985994
0
1311191459
0
1865149546
0
749624363
0
1797595639
0
1389958677
0
708372273
0
2110936990
0
2088142490
0
1233070156
0
992918342
0
2030636804
0
1102646704
0
1546764165
0
1175774220
0
92795846
0
546656000
0
712350134
0
247370113
0
21148599
0
1109701638
0
2007439318
0
2064523256
0
1549079013
0
1426718910
0
62317968
0
1553552087
0
1443745983
0
621008828
0
524847776
0
1401233003
0
1217408419
0
1906593164
0
1507810461
0
1463383427
0
2102532145
0
414349630
0
1832247836
0
1821365319
0
1455012095
0
991992276
0
1498631071
0
1804198281
0
691413127
0
546411572
0
899216032
0
1281425885
0
1958837079
0
1250478243
0
1512860559
0
441034633
0
1503011034
0
256308777
0
2076902804
0
1306228490
0
56908149
0
825037328
0
100463017
0
559780177
0
99577332
0
706457911
0
1025914
0
62667422
0
984374524
0
168608380
0
1270112267
0
789420289
0
632826057
0
1568520055
0
1754797460
0
1487985969
0
1133111668
0
322822480
0
1133729038
0
2109025482
0
26198592
0
85588109
0
1812788120
0
1179432851
0
1453864947
0
1039228663
0
831637990
0
1516123254
0
1590058323
0
823731393
0
1773933589
0
986359022
0
1309811561
0
148040330
0
1327763084
0
1211576811
0
531521623
0
1899429888
0
1373714961
0
430660630
0
1093318020
0
1525878408
0
188690782
0
1640110102
0
230391422
0
275614013
0
122489912
0
1398617158
0
202574444
0
907099813
0
640147038
0
58196196
0
998406787
0
1933135098
0
921496623
0
2089164244
0
1225820458
0
1553811935
0
1516044025
0
258456520
0
1666797406
0
2087311174
0
146044026
0
2135620108
0
325479198
0
688031877
0
1699801291
0
585341796
0
216978465
0
329828649
0
774810836
0
2052368891
0
1281612923
0
807417451
0
315933564
0
1315834764
0
448281742
0
898604118
0
1734405522
0
210583876
0
230153676
0
574784285
0
1018033789
0
1091676074
0
1846979397
0
306607994
0
1347286005
0
768312067
0
201740658
0
1926044040
0
2001169049
0
1906810876
0
871928751
0
78110929
0
697875386
0
1783416235
0
1447400466
0
1912362493
0
1836158849
0
981767753
0
1453764770
0
1503037471
0
700635436
0
926936351
0
1172875919
0
773174820
0
325651743
0
1440512045
0
2102787684
0
414226309
0
1907075436
0
1023421377
0
1446554416
0
577702025
0
664366088
0
1233360263
0
1573779397
0
2101728927
0
1947050233
0
717453045
0
112649410
0
1365540863
0
487548952
0
1585122959
0
1626930878
0
2065472942
0
330582439
0
558857484
0
1771745257
0
714285097
0
556038549
0
1638544946
0
1842101941
0
2083067235
0
1832605251
0
1385988283
0
549953372
0
296706516
0
289386078
0
1808836138
0
1330464434
0
1516009674
0
1828602910
0
690636153
0
372711436
0
2098790200
0
1947989425
0
1470067460
0
624441485
0
235455506
0
1635811568
0
999374482
0
1017315787
0
1909118342
0
998804167
0
21966170
0
1965715553
0
892873823
0
2062101572
0
1650025318
0
1519185915
0
1524594222
0
80213150
0
1670165381
0
710808530
0
107435449
0
1781327863
0
707870614
0
122005118
0
1840618988
0
781396281
0
1064793362
0
1000804683
0
1432383877
0
784137869
0
2045506291
0
1906011661
0
324424128
0
135339563
0
466853168
0
1643432085
0
228384881
0
911417778
0
197740795
0
1272339656
0
1717925213
0
251420976
0
1532009983
0
162856751
0
1239247779
0
1741013047
0
1741590554
0
710332468
0
696196003
0
1475313565
0
748898693
0
338678184
0
1332573938
0
463221403
0
733899846
0
1656127001
0
990957040
0
1279288795
0
400503801
0
1053633709
0
271594001
0
1277624932
0
353245771
0
1356872889
0
833797930
0
1311012835
0
1010499625
0
1166516899
0
1271308030
0
1559256207
0
676126708
0
1325605079
0
1449208775
0
92357151
0
1763443723
0
776840214
0
1800386585
0
1052747865
0
415599422
0
1362665510
0
1553614962
0
353002461
0
1562529013
0
1995085975
0
600317567
0
659174963
0
2032951915
0
1358011635
0
645349129
0
1590393753
0
18852462
0
1173232725
0
327562321
0
1339341786
0
393809448
0
210792482
0
1588711071
0
1802787146
0
596787299
0
1455502803
0
649387044
0
736154454
0
894618011
0
1311898230
0
858947861
0
951624693
0
1645496042
0
557571828
0
1638561335
0
2117551864
0
1595180164
0
1007167200
0
993024746
0
1671485185
0
1417917888
0
319912857
0
1623819158
0
1306402430
0
832834082
0
144005028
0
78435427
0
1856745978
0
1244777689
0
192929949
0
2020829520
0
1627865335
0
591022565
0
1204382580
0
2024649085
0
1398784880
0
873994451
0
436592477
0
2005622787
0
1598857797
0
540119268
0
371161407
0
1817256561
0
1118593093
0
1122268213
0
612984290
0
947907371
0
1445490951
0
2031398593
0
1021132545
0
1632860638
0
795217853
0
1435720090
0
1021294938
0
67232495
0
400145143
0
1468119644
0
99752678
0
1506014486
0
1343202660
0
859009356
0
1985171158
0
1465712714
0
448669461
0
972546410
0
1089475553
0
1370044949
0
1025794709
0
532956047
0
237990292
0
1288286930
0
1308303456
0
571123359
0
1765876270
0
858468350
0
1482417904
0
2039923681
0
420882212
0
2103687513
0
505266783
0
868481643
0
124625242
0
779886469
0
1459186842
0
290004754
0
1469505435
0
1915905545
0
1254691697
0
1461421586
0
1342125163
0
2076870100
0
756572362
0
461014247
0
145450953
0
757776785
0
1376398785
0
440534011
0
1678991668
0
877842496
0
686175382
0
562460884
0
57063294
0
1285075696
0
1024184793
0
1392385246
0
689528163
0
1078076329
0
909331764
0
1645325496
0
1986172500
0
1115398532
0
1118372661
0
1712434883
0
317241487
0
1823260155
0
1089266042
0
2143760866
0
1855729143
0
1334701020
0
1853350225
0
6931840
0
539317942
0
1935660854
0
422204775
0
709683737
0
530392321
0
99120350
0
1615896025
0
1286292213
0
2142833189
0
1296647333
0
87675975
0
396329983
0
1771234934
0
727221024
0
1074315291
0
2122075508
0
314653580
0
1277980146
0
2028360175
0
1494048747
0
2098490105
0
1199260054
0
1829700483
0
1957676388
0
1070097429
0
2099429225
0
1950664365
0
1330627453
0
2108386360
0
21893373
0
742216374
0
1845576042
0
342740626
0
890559928
0
1827173953
0
296475971
0
709583557
0
994150708
0
1268175696
0
453726197
0
61762482
0
807433473
0
585215318
0
238746366
0
1110720766
0
1956054438
0
1727271190
0
562950184
0
1838277453
0
81923182
0
345902147
0
339152200
0
709426262
0
497977290
0
760540671
0
584390553
0
1409306540
0
1617875017
0
187472405
0
490200686
0
1055659710
0
2110338103
0
612583269
0
650398365
0
553557325
0
738802471
0
302683143
0
1954308305
0
297301270
0
1695481968
0
1004924133
0
1948503323
0
1517216558
0
637865828
0
372605372
0
316172552
0
1037538786
0
347162662
0
49791335
0
1471828662
0
160192441
0
1557346196
0
786826536
0
2136775973
0
424749430
0
528027382
0
1153779870
0
1948426327
0
223144786
0
887970640
0
1258683477
0
1979274989
0
1153048093
0
386868523
0
1666266592
0
1755854864
0
2079905821
0
238327681
0
516332912
0
25834457
0
408022105
0
712233864
0
440703870
0
238844587
0
614037466
0
1468767227
0
246261924
0
723168899
0
1689727120
0
919957912
0
1997852231
0
1995625572
0
1079389758
0
1509296497
0
669386715
0
1863176019
0
1940294426
0
989238087
0
306133135
0
1956265380
0
977606090
0
228171433
0
1618964536
0
1319149062
0
317113406
0
1818086435
0
33899882
0
672150319
0
1066428213
0
560458029
0
754817661
0
1034525598
0
1244119474
0
2015212326
0
1708966245
0
1901090
0
1886848572
0
372934355
0
1550422539
0
385040275
0
1003673514
0
256702613
0
106169868
0
1985544466
0
1297449329
0
681920865
0
2071237663
0
581484171
0
1953868147
0
1489500352
0
815542985
0
1590313741
0
821574425
0
2028994412
0
1416251771
0
234771849
0
883006604
0
1579992658
0
1301307851
0
1107590709
0
888793967
0
63954837
0
1147121959
0
1718065794
0
466682196
0
917389328
0
1777333883
0
153041811
0
1635792018
0
670797632
0
1954137921
0
1728624676
0
1836152916
0
882051822
0
565357113
0
1489343863
0
332916009
0
1124462828
0
990656596
0
524693781
0
960522685
0
870192296
0
958282802
0
1879184361
0
409558898
0
771310051
0
1196733865
0
174231253
0
1284458310
0
1385196526
0
127795355
0
372884485
0
712257449
0
837096965
0
923319258
0
509935984
0
2034331558
0
923351419
0
1050465911
0
717504190
0
972243425
0
292173952
0
1419994222
0
857120043
0
296258625
0
1351616629
0
538665637
0
1709788954
0
944269371
0
431167067
0
1015070091
0
672927669
0
1246447781
0
344878782
0
319325821
0
347439694
0
410900865
0
1850912950
0
1993323855
0
1049137785
0
2018010625
0
1495337304
0
132947487
0
1065421129
0
814266417
0
1609871835
0
969462292
0
794311855
0
1240997233
0
1079315367
0
259006960
0
180624251
0
1357393346
0
991184141
0
801208008
0
1180523766
0
461520529
0
64597939
0
1218319038
0
31497521
0
1097858285
0
524700971
0
1081365015
0
347702544
0
533653521
0
1223017575
0
1690397588
0
1451095353
0
1735302539
0
254363066
0
1587592732
0
186732749
0
943704176
0
1669352937
0
2088447751
0
2068624489
0
1759025340
0
1679004778
0
1098182266
0
1674882344
0
531910732
0
1996733910
0
379873701
0
68410176
0
866076887
0
510080443
0
167286677
0
531086416
0
1027356780
0
1016879580
0
1020238234
0
1634561190
0
1459107906
0
1110811049
0
1325957172
0
924384885
0
1240059797
0
356214044
0
1852513319
0
973438227
0
1045858343
0
587520106
0
320612636
0
500102929
0
2126416992
0
267531170
0
1713101019
0
775571004
0
1943610585
0
889347578
0
778560326
0
645537911
0
468285533
0
2094870523
0
494487496
0
89631382
0
1048600727
0
1581611407
0
590334883
0
383929441
0
1661239299
0
1014003646
0
2076539377
0
1640561842
0
1380334661
0
18808886
0
440850893
0
562376501
0
786321860
0
97137382
0
500407554
0
803798426
0
1768006152
0
148173125
0
1412165002
0
267921970
0
1838825678
0
706006169
0
998532708
0
1902005698
0
1715680691
0
1182445368
0
545630638
0
658960176
0
570510453
0
54699716
0
215125896
0
1405956171
0
1142798056
0
2060672071
0
1246722128
0
660861517
0
314093935
0
461961219
0
1028823828
0
2051235199
0
1555004302
0
81319724
0
941001776
0
1347272724
0
545098300
0
301889998
0
1508822172
0
1287341028
0
442914071
0
878470795
0
508578440
0
692926020
0
203800459
0
37897448
0
1287249024
0
1044086490
0
872757793
0
1126917941
0
1451551494
0
811729738
0
1925580822
0
658315064
0
465531304
0
901700307
0
84962870
0
2041814482
0
2134803561
0
1634159298
0
1146960003
0
1143554949
0
1896870840
0
1313468165
0
1475041642
0
473656126
0
16630253
0
331788061
0
1494393615
0
1452235640
0
1572753325
0
2036405999
0
1428742954
0
1868170771
0
2135229057
0
195535982
0
723269564
0
1234120128
0
1459928570
0
2018809015
0
2028976152
0
1109355951
0
492445203
0
124551283
0
1684341203
0
593164067
0
689384695
0
814293300
0
2061694416
0
1249405367
0
660902803
0
1007987737
0
1898888223
0
859885894
0
1684759795
