4000
54
8848
3674
1643
16780
12309
4385
4315
30366
3060
16187
14246
30829
23227
7609
14355
20999
26420
12297
9553
15997
3596
11679
2587
19390
19834
32320
8461
17635
5736
22240
1772
18243
29892
6961
1727
15070
21057
17806
28877
9704
11929
20843
18239
32469
22460
31001
27935
9367
2070
14024
268
3160
17371
26102
8898
22707
16153
692
29110
29142
17146
15267
10719
23704
3136
16571
17482
17083
204
16636
25694
22320
5733
18456
3430
29024
31706
14118
617
7793
24032
3473
1229
4213
15334
31990
927
5161
1526
22791
20897
14305
3470
18662
32120
27672
11370
15593
20965
952
2529
1599
29299
25287
6517
9934
8436
23215
6544
5350
3387
31254
21326
9908
28651
20214
3970
8922
8469
20350
17867
11534
24169
16502
3364
11591
27540
14756
11901
4594
31962
20840
28623
12941
16190
28156
21621
14940
32024
17499
9116
19171
8450
24495
22313
28078
13368
13285
6550
12168
27437
27597
23457
6268
29547
11345
26384
29718
22301
8949
28653
17703
31110
19274
26247
16374
11471
22144
6452
29280
5588
30435
19137
24309
5924
17822
139
27535
3459
25343
17736
28001
3422
30155
28670
9954
10990
19755
20219
11523
4827
16661
17455
19976
2072
10226
29862
17709
819
25625
18288
32569
2883
12485
19725
14239
11630
26355
22820
29821
20272
18140
4709
9945
23131
31975
22611
8181
2383
3725
18355
16899
20163
31659
20052
26534
29836
19120
25275
4800
25914
23816
13959
23386
26176
31101
15261
10597
14453
2041
26071
6461
16985
20048
32158
18961
2967
24973
6408
13814
11526
25110
6702
19112
23849
16074
17141
27620
18643
11642
31543
3240
19043
18522
5742
32655
12935
11252
9741
11745
9712
8921
15647
12646
32093
28372
20458
3248
27843
6412
19896
32410
12301
7089
24912
30378
10198
10503
6393
23303
9697
24148
31926
9584
13823
27535
6129
6990
4859
28215
24383
16527
21510
31599
16065
22630
8427
32620
10732
14375
3990
10432
13089
15004
21353
14253
15449
25321
12908
25175
17415
7750
1588
12611
10624
29477
1527
5042
550
23155
16129
18023
3475
31634
12460
25905
32589
14572
5819
23046
18849
22902
18382
16243
3081
2053
24526
26603
8535
25622
24042
7214
30517
14705
7578
28135
25703
21304
29860
21270
14725
13209
26603
6515
8656
18473
1872
23772
1651
17029
13260
30432
8852
29979
21236
14498
31944
17504
5285
19890
29558
24306
284
8549
24599
8805
2922
15566
23466
31612
18383
29489
4991
27300
15940
25312
23639
22393
25401
18311
24709
23414
19867
1629
15352
32671
14941
6093
2241
6714
9185
25128
24953
26094
1065
3000
14702
19604
31882
23315
15254
29363
30770
13173
18496
29478
25798
711
8522
26665
3812
2175
14927
13142
22000
1997
481
17353
18642
21051
7793
1800
26537
1958
30625
2584
1265
21894
19626
7282
26685
9391
19023
32547
27079
7788
15012
27355
23758
24187
31948
26820
11750
21089
1093
19035
2107
8753
11579
28484
25365
32551
26590
15802
6294
27993
26448
17897
12172
2139
3243
4907
16393
11453
3758
4497
11878
862
3404
18394
11703
11383
10965
29001
27618
15030
4639
9189
2420
5090
18912
10875
29167
1574
30794
30328
29919
29178
26329
9930
1871
12632
25748
16819
23777
14890
8033
6642
13339
14679
1510
14318
22126
26556
670
8567
25324
6205
10686
30343
10770
1617
30669
21018
17656
23523
10235
22752
30765
30421
19648
17232
12057
2486
26236
27699
14911
31622
15865
11500
13547
10573
3895
12837
32640
16284
4633
10516
19183
825
28323
17436
11457
10308
31541
23163
17473
3731
19007
2663
24634
2689
25443
1911
22521
11788
3946
18068
1736
9384
6795
26606
21814
21458
5915
25186
11610
282
6102
12329
26629
20611
15607
29410
30775
29317
31305
30406
15675
25837
3409
12547
16124
30596
11103
21700
7460
1009
4200
29489
16102
23193
2852
25868
28245
2954
32216
12211
8876
9315
27322
25035
1380
27320
22324
14641
20167
23881
25013
23161
11186
7344
14600
8280
20617
25806
11530
24594
20894
32067
19301
20712
11155
9820
17529
25215
10683
9768
26576
11937
13608
12852
30580
6635
1866
21150
4688
18965
13013
18974
6426
25836
16776
13687
6352
19418
31606
5926
8369
7736
22143
14670
5758
11136
23843
12278
14281
24275
28217
32675
16170
19732
19738
23644
12128
12533
10154
24833
12435
3453
32637
30708
21634
5905
20123
16867
9783
17698
20040
17724
21902
24341
27862
23605
11745
5813
16490
321
17300
10456
962
13272
10447
16596
1952
7376
9895
6857
20202
32212
29328
27103
9339
4160
16666
8411
23967
24982
28391
4804
30871
1468
22391
23266
21641
4474
26462
19123
11840
27438
17881
8291
9401
19206
6386
12766
19869
25997
6198
20145
12828
23882
18686
12593
187
16756
9191
5366
31987
13721
16076
17132
2797
10682
31036
1680
9452
30123
23186
15080
28279
26201
1066
10410
16257
10658
19196
2831
23892
11285
3040
992
12618
31429
11869
14001
9514
22762
28272
8852
29820
31559
6932
5018
22470
6148
12855
10717
29448
18493
3477
6329
7839
20312
9023
25307
5931
25573
26175
21079
18820
20
589
30157
7005
18102
14700
21967
12418
5471
24264
4703
451
32128
2592
7698
11021
18002
10901
29039
12622
28467
10467
20142
172
27362
15282
2045
17800
30394
13394
29263
7920
2299
30085
28150
22494
22012
14685
27692
20037
11884
14537
29334
27027
26522
12016
29251
16165
383
3953
12529
362
18283
22774
5835
28628
23338
12656
9290
30104
31932
12577
30388
21409
25512
17784
16192
5084
18194
27183
26460
19675
10529
6081
32728
31690
6422
24489
27899
26754
20164
16233
2151
2820
12249
25274
18762
8401
30937
2310
13924
24270
7029
32600
6464
11328
7814
16793
11118
12453
10604
19527
28359
19341
9040
23629
19417
32621
22874
7432
372
18595
26118
9815
854
31583
14388
24333
22390
1830
13656
2873
7964
18685
18446
12383
7996
28391
10083
21216
5910
32646
23711
30647
18021
7791
29494
479
7459
23976
22107
31253
3077
2404
32756
2409
13256
4476
18466
19915
26641
19841
23912
27347
19943
6630
16728
32261
12223
11051
3857
4665
18730
21257
30021
32712
13890
6689
24762
21648
25033
28258
27117
24085
17234
9243
26904
8451
20951
6591
20217
11219
14049
29914
12701
17858
24360
18989
18154
16837
27302
16535
5932
6416
25307
4225
1775
768
20313
22027
30212
5612
15400
29250
27677
5236
18072
15054
8599
7229
20881
28519
25806
11961
24053
1789
16739
20905
15844
12300
25965
24671
1756
19972
30067
27290
14596
7564
9455
15212
4438
6397
30815
17023
11696
28766
23343
24788
944
426
51
2384
19425
9947
22070
5781
31996
9612
28874
280
3587
21969
4708
15111
13936
30494
20807
1464
23411
24532
969
17133
18142
691
11378
27542
31092
18389
21930
309
7955
2744
8612
3793
4541
32180
16916
7443
20436
31885
4969
19738
2486
22648
12078
832
17446
164
22086
5412
21219
13223
5530
1148
26970
8987
19266
18029
15075
4660
26840
19590
1900
16345
12553
18745
14628
424
9628
32080
14677
3718
32751
15671
22438
28774
14022
26058
20745
10764
3816
2314
27399
20068
30311
29163
1761
4532
11645
32102
26439
23541
20616
4727
15461
508
14136
21062
647
24668
12326
27928
16963
14181
12383
8864
3993
1040
5839
19577
5674
31773
29241
31729
5676
1791
7832
1486
24848
21046
32405
30623
4317
28233
10960
19483
28253
8175
4434
2883
8501
1013
11477
25115
24002
31015
817
25441
152
24736
7052
1742
3218
18931
21945
21316
4485
31494
25236
5058
29625
29854
15357
21272
17520
13299
12450
16576
24930
23885
31760
9506
15711
1869
18194
32575
12763
6630
14429
20209
20175
2627
10704
31270
25217
31053
11292
17753
30941
3832
10499
22515
13990
18692
9902
23366
26909
31934
21030
21423
28665
29738
28987
29457
28558
28688
17609
21959
26439
23326
13123
31031
4031
18237
30920
7189
4296
16463
3392
15649
8086
2746
13319
15389
7638
19941
23825
9671
5222
3815
12348
13300
15317
31679
22043
32071
25369
1142
12819
2809
13427
30343
18324
24836
26277
3224
8629
19616
3461
404
31887
5801
13772
31914
3741
15287
20318
7338
16464
23937
24870
10576
9757
19217
19786
8506
17505
7797
4954
26600
22232
32653
6065
19653
14007
15622
23810
16465
5490
22857
18623
28262
25435
2157
6026
21663
15399
15329
6039
12100
8863
21534
27656
11684
25795
19191
1606
18718
22835
8841
23896
13751
5860
11793
29119
21328
14938
31650
25366
21194
25227
7045
14186
1906
16077
8327
3533
27620
22090
11622
1763
26715
16567
19519
16447
20225
26795
18042
31087
27325
9883
31325
1814
2825
29434
11049
3739
17224
9133
3529
1385
32309
23087
21824
28192
8253
24856
764
26783
13599
30363
23183
21329
2907
23489
24696
23610
23933
19593
10468
740
11801
23515
30647
9585
1283
24635
26253
25684
20688
1571
11180
9176
15767
30533
27299
4508
26799
27398
1983
385
11740
16551
30326
18760
14431
30994
13605
683
31498
24533
5579
14442
19062
3009
31764
16638
25035
28505
24226
27950
7426
21977
6186
22535
10660
15134
3638
20737
1759
23909
4325
2916
9402
292
19763
22212
31757
26673
30358
28536
10019
31525
26578
13092
27501
19576
26108
1781
10526
18552
10854
28490
25209
2732
1165
12830
19891
5322
11348
7199
8439
8286
30999
928
29813
16747
17168
24825
9357
7031
28652
29089
8172
16570
25020
3173
2158
13927
6843
29960
646
6885
9268
21890
26221
9404
10158
3366
9328
8531
23048
26096
26315
5591
19434
27250
23016
7014
14136
7775
25685
10809
26067
3808
26355
31362
1284
18517
26657
724
5804
20346
30243
506
2161
12334
10315
17136
295
8586
22627
19152
6989
10998
29422
32004
15899
27390
25399
23154
4276
28621
919
5122
28787
16285
19411
10404
3202
6477
3579
8985
11229
18768
3187
10476
7339
57
25857
10935
17431
19182
14119
22084
13028
6899
5478
16899
13795
20310
13781
19979
7685
12746
18332
18934
16466
14183
9909
18557
8761
14893
29700
26483
15059
29521
26810
12148
16601
22014
16824
32099
2436
2187
17150
10024
8380
26262
3856
22332
16223
27909
4514
4280
29099
5573
17114
295
3656
28722
2365
21773
29015
13354
17824
10192
11878
9969
28809
11493
18503
12426
11677
12856
21301
19489
4968
1825
977
29615
6496
22973
468
29212
9656
20706
13569
13105
13623
9000
30362
30330
16375
3100
24053
5753
26934
25724
9741
29206
15188
31738
30945
5680
13119
261
19127
9606
23076
28645
7898
26948
30768
11752
19799
12324
27687
5159
23466
1992
8736
21824
28577
26922
22208
30009
1106
9559
19255
11872
31264
32683
24148
30049
27212
21551
29402
30446
2915
30238
19920
10890
11680
18735
12935
10382
23805
2568
5872
17284
3640
21936
7658
21449
11205
3591
14127
2239
7697
15952
1417
21763
20478
7568
12511
31314
19717
4439
15205
12
1675
2349
12025
17121
21134
22089
15923
27300
19730
16592
9872
5125
15619
3890
30551
9781
18654
218
15686
13526
20672
1902
2326
19157
28008
17137
16207
17173
7299
17429
24789
21572
25595
4524
14113
28069
5293
29341
12300
29492
1809
13264
11209
4291
20199
17830
492
348
5407
6767
25146
28467
1930
23649
29624
12195
21136
29854
14023
17076
20690
31671
14992
22909
2679
31245
31085
31206
29004
18759
23084
6049
10995
7590
25965
18955
15431
14211
32181
1620
16451
24492
14110
32283
20803
2766
23191
26045
27797
12401
9312
27857
15051
27143
9457
18443
16036
25595
1160
21460
10315
22013
32416
20672
22108
11472
1178
5613
19126
28627
9135
14054
19462
16334
23809
25140
14923
2908
10018
14617
32721
10427
6602
4011
30859
7033
1802
27424
9497
1425
18686
7020
18285
14814
11615
19625
25365
3021
2669
24007
8979
14495
16711
11250
63
4736
25975
23362
18800
26021
15855
30473
7809
8973
8860
1104
1306
28028
25552
31071
26616
25466
1200
2008
27492
29465
159
13153
11592
23911
1209
24612
29015
1785
7099
5797
11855
16721
17547
30568
19103
30207
22491
22809
5913
19437
14118
4392
19844
32746
29313
29622
13983
386
17818
31151
25284
19027
785
9129
12209
3756
9374
31795
5554
19948
15087
14773
333
13184
145
10385
22618
460
21109
6029
30644
1070
15749
22081
22246
16785
7812
31022
24106
5981
13856
30077
24372
27165
16490
24331
16793
13020
4173
13234
28266
30566
27180
8285
17681
20096
17938
16924
8437
3679
767
12304
20170
20060
2261
20198
18950
19472
17558
14597
2149
3573
10744
24854
4875
4169
9774
2216
20727
1857
2886
32081
25453
15167
9527
13613
3174
24972
9494
12108
11382
1923
8430
15269
27229
12028
14300
13822
13828
20440
28326
24817
32275
19483
546
531
8216
2938
29100
31833
23878
15820
31711
5771
1800
30772
9004
30
7442
5137
18355
16178
32576
23436
26380
24046
20815
12718
5292
10603
9955
2817
28376
22972
21338
23657
268
12899
26514
21768
31750
2018
22512
19250
14905
27842
13785
11167
22389
15184
203
25060
14026
2961
11552
3292
6060
4212
1819
17702
11829
30133
20147
29148
8039
7517
4831
14740
8856
1424
32123
13825
1680
7856
16095
10855
24218
32285
14272
10516
13809
29946
21825
14284
9100
15163
7757
14892
7722
16175
2000
24576
17527
22695
19491
8197
3089
1955
13509
196
15380
11067
12444
12324
30502
30021
7870
6705
30139
31524
7663
1335
20811
3442
11553
13297
8627
27059
24544
32333
8932
13512
6575
10424
7319
31012
22825
12903
4447
29576
25004
32318
13228
19162
13367
31590
28286
16317
11332
12069
2445
527
31728
2190
30472
17703
5093
10501
3641
15218
14667
25440
21181
238
21247
23570
9051
12381
11257
21453
12510
6485
3706
14030
31400
15612
13851
6944
22448
1458
22242
97
19424
25176
10825
11497
23872
15500
4531
26718
8747
10041
7710
9440
20227
17513
12669
567
20874
17265
19051
8525
15741
27041
23217
2748
3891
19405
3862
29438
11161
18078
21064
29996
15186
28561
19923
17412
32698
11533
8656
17030
836
22607
22437
5611
17703
8380
32021
6335
2158
28172
24194
17143
21580
27258
26501
28027
22893
5389
22816
16142
10023
29243
2635
14085
1957
16563
6692
13787
19273
10075
19505
4026
24243
11866
3550
16056
1341
15512
2397
5121
20580
16336
22559
24948
11453
6224
13081
17369
25622
25949
23912
28812
11373
15950
22806
24553
23749
6463
27183
10529
11190
11898
12476
31629
115
24162
32515
9155
24874
2714
27228
21868
14155
9293
8704
3332
1224
25575
25029
25516
24018
12991
11449
15200
102
9420
13521
1417
23564
9283
2999
755
1547
4363
15819
14814
647
15225
762
23223
18388
13445
2677
1333
21106
21586
27887
21871
24343
32592
29906
14989
2700
21730
25693
9754
18359
12820
10843
7392
17352
4934
9502
11643
29887
24155
19544
5396
11974
8167
21607
16233
26871
18409
7682
25848
28489
17566
23957
31933
25657
403
9922
7490
10999
16628
21817
1643
11232
26825
4060
5026
18778
11446
25487
18164
23648
16299
30531
29612
12043
29747
27516
9412
16829
18837
30331
2648
3856
21338
21450
4113
13430
4089
6627
27038
7951
1839
7926
13844
26682
27616
28966
6234
13960
30671
17181
6067
26170
5737
20763
16572
32260
21281
8983
4550
18406
21043
7047
16393
30101
14198
1371
27463
1928
17197
18581
4555
11897
24639
18405
29290
16139
26496
117
31437
22844
24943
25121
31377
25401
11629
13286
21702
605
8735
8780
6637
31355
14378
23274
22110
12036
4385
31149
26213
5383
20420
28335
10488
10867
22838
30006
17062
15916
22200
29761
21706
9005
24328
1243
16194
9313
19371
23599
1687
6567
997
32212
1949
9978
26123
29739
13615
12131
3007
1024
6705
3593
30712
15183
14231
1164
27392
19920
32275
10315
17719
4127
16663
21657
3184
4144
10325
20849
22830
32009
30133
30407
10545
24492
14589
18556
11469
12590
12588
19387
22302
26832
17385
30205
14998
18964
22967
3571
9904
23965
2336
900
4975
15278
14273
27377
9636
15566
27182
31041
9245
24259
31115
18079
5340
17112
23800
12565
23602
29557
14482
21772
8697
13288
13863
17818
4874
23919
14423
17743
18083
25941
23585
32582
19784
12363
9154
27852
17098
31493
13415
21526
25085
16906
16296
9423
30114
25526
27968
31700
15255
6305
31447
20300
1916
15310
19074
4288
2564
31971
19312
14910
18330
24545
18727
3881
15204
8037
729
24869
28997
2422
811
23443
8530
31369
18419
15038
31812
31387
29172
1089
13052
15191
27292
9759
13302
17400
13960
13552
22842
23288
23344
18559
2794
2430
31188
31376
11968
21909
10155
15915
24120
20392
5408
20525
25223
3090
20921
22413
2111
10348
24153
5350
22997
13356
10478
8433
8234
30010
16290
3866
31337
6619
31823
22774
1983
25607
8306
2795
17082
16216
7315
26187
28098
24968
13988
11487
29548
25504
13143
4705
4270
31148
8782
480
3507
19027
32763
26211
29039
25082
879
21981
16623
3269
20447
8853
24289
6455
25755
253
9690
6093
28175
16779
30542
16147
23306
27780
18866
13763
9019
20996
30920
12508
7368
24799
16621
2296
15082
25858
1989
2527
25026
14471
13850
16921
6060
29842
11759
1445
4188
242
32135
20901
14426
13448
21106
19235
29904
9105
27475
19156
16216
4994
8214
28630
17027
11489
18054
3308
12248
2927
7805
1737
23363
6575
3358
7398
8658
13985
4051
19371
25440
11838
22643
22272
23561
31701
1239
12027
18889
18868
17420
32174
17415
13035
29842
21461
21128
22923
18890
22818
24239
10691
18943
4730
24839
10821
28733
19051
19197
5321
27181
16923
4158
21868
8514
23440
15065
23464
7329
3812
28716
3692
18699
726
2317
11223
14006
25237
11914
22885
25394
30755
23397
20561
6250
16613
5720
23267
1326
2798
32098
26194
13347
20303
27658
6823
6657
17511
17097
5602
31447
15623
2369
24161
23625
17104
22957
31981
14898
14653
20655
14358
14932
31865
30731
6946
11473
11026
15906
11117
31326
19865
29477
6597
8563
2201
27649
23009
23470
1211
2761
1059
28345
22286
24515
28494
2957
11513
9261
5599
21815
2333
10917
6349
8129
18408
23596
29970
698
26257
15233
9521
9604
3155
616
26856
28840
19004
19957
5848
5403
3282
6988
9003
26115
28787
3424
31860
23284
26004
30169
10027
32331
9081
28114
8143
22627
16151
2937
32694
7626
2204
14541
12021
12422
8499
9467
16896
11045
1009
11478
30879
18692
6506
696
27890
32380
8874
13605
31360
1960
10516
20654
30163
9284
23764
29517
30190
31182
23314
502
10368
16334
388
21689
16101
19424
253
13553
17683
17787
5210
164
22117
11282
19235
26787
22908
31687
19974
25383
4634
16955
20670
997
913
27860
20767
21362
30620
17004
19875
7685
21121
14813
29230
18257
2557
9518
32651
10163
19524
1366
19744
2585
13047
29778
12263
32283
24234
30424
31173
2456
24286
27308
22743
12491
25098
2773
5338
27344
31940
10531
9785
16837
20395
21818
23175
29922
7194
22355
31275
15766
14762
21422
22185
6905
8171
23836
29785
7038
26673
3817
11314
29221
2294
10948
9524
32389
2458
24736
17317
32264
31353
16643
6919
23295
4740
6563
9441
5643
31399
2320
22531
14171
12782
6089
26384
20757
11654
5123
8614
1792
28133
23205
7576
27701
12328
31546
7556
15449
3843
26833
8853
25196
5999
27879
11007
20575
6772
5327
9792
8024
20714
12815
32265
1253
20723
8589
4291
14965
19490
19633
1446
10491
26594
16145
28906
8541
25242
28168
1480
32125
7378
5540
9201
4266
27235
5809
10334
11732
17987
24819
28921
30361
29565
16945
12803
31347
17341
10604
19402
9188
19269
2578
4339
2739
29380
12304
22684
2528
8781
25022
9684
1677
23402
11675
6824
29605
26173
19569
3344
1233
12540
23548
29817
17104
23320
7652
12838
29352
943
15872
2323
8025
26920
24153
12749
27200
4337
9613
21551
21683
8097
3341
5829
23454
130
5648
23173
17532
8408
5356
2862
20623
26320
24755
3425
20440
30017
12472
31381
27880
4895
8880
18252
28879
17274
6745
10106
18126
498
7005
22540
27576
5771
25498
7758
1578
9753
14632
28969
28650
3994
11667
7722
20893
3056
12345
25559
17834
195
25460
27764
24737
29234
22190
22667
14358
14334
31563
11633
23676
28553
9364
22390
28475
15670
1082
26402
28950
25828
12316
2109
12516
8310
2274
6296
738
14837
24661
2512
7563
4480
16371
20859
30277
23699
16133
21113
7325
22374
25546
23101
26736
14512
11116
12571
19336
23080
26997
10794
15960
7727
30511
12243
8913
21621
16906
7027
8153
27245
8059
19006
11289
5866
21752
27164
31092
17248
23616
27281
20500
28437
18065
29764
7444
4947
30701
25998
25528
21960
13417
28130
16354
2945
4416
31980
9338
14577
19522
32309
32651
16363
30030
2201
27703
10654
12890
11583
31633
450
24392
7921
13120
5082
20501
14051
25734
14123
29251
10100
8996
26554
25079
19616
12851
4486
23147
6323
5241
30985
19848
13738
12408
2282
1558
21023
23729
4784
24316
962
2208
3964
29977
19649
32199
10089
15377
32712
24235
18679
20643
2151
4165
29324
21444
26757
729
23861
22228
1107
20068
28660
10250
32043
8718
15252
24850
908
17862
22200
15099
8273
1695
11090
4479
30823
19738
28138
10052
28001
7737
14358
6597
15341
24328
8129
9301
9408
11377
17056
3462
11415
17958
3000
18472
10987
4156
10719
22173
26709
17758
12852
29521
26865
21343
31514
9228
1913
1830
6191
742
18746
8680
23221
15597
25402
3753
32418
24159
14250
25746
10565
17733
9233
21795
24298
30159
32703
31266
21559
4
32237
2196
2670
5793
10046
18206
26944
31115
12244
675
23694
4672
8683
9962
13166
28682
9002
10766
26730
3393
30386
15085
6896
3679
17604
12439
5523
23745
3309
2972
7006
6452
10564
8437
9831
15840
19384
5688
5422
22312
5561
28311
7725
28957
9071
11303
4480
22225
8181
4152
10807
31787
27055
3637
4185
2578
30793
586
5256
25729
18389
31419
5592
4945
1833
23466
1427
28949
10955
27585
24041
31704
13686
17412
27512
8627
21552
7803
28628
22227
9878
16058
4229
31499
13589
1181
14866
23198
19127
12981
151
4962
32573
3434
28828
18346
26923
9024
8941
26599
8993
7427
9985
10750
25758
16050
42
14176
26584
7933
29166
15495
11773
8062
5686
11762
23326
1352
31716
18740
4573
10784
11005
21040
18852
11816
8833
11498
10292
19798
16582
6019
25577
31356
30319
7561
28088
16979
15665
22039
4600
2423
12028
10152
6315
25321
10940
31217
24556
5880
32583
14260
5331
8361
2887
16925
28551
4822
5612
4585
22317
14975
31667
22662
16797
9727
4515
11443
51
24181
17622
8634
2607
30368
3979
25286
23837
12700
28903
27363
1006
19484
15236
29337
19346
30971
12902
20007
19184
29175
3401
6203
6699
21860
15161
12947
21953
31880
339
15366
6320
20942
21435
4428
32252
19066
4571
12607
10769
17232
18257
62
18328
23339
3376
9941
25813
29670
13239
17152
9227
9258
19115
9100
18888
26971
20374
4221
30727
14523
2395
1471
15496
300
20244
20220
27240
18749
17571
11949
25642
6420
16004
26685
29489
20113
2961
16708
17568
28650
27222
26477
16243
4783
26734
6220
31310
5607
18878
28663
15976
2063
4461
25151
6103
7848
1183
20618
6878
17220
15747
25386
22841
9293
9854
30052
5624
12048
22679
19389
22317
13954
10305
20539
20527
11485
15114
2117
14454
15039
17215
17750
9273
27974
16051
30832
32472
17756
7720
14987
30530
19102
13855
5876
17128
11625
22619
16329
10947
26113
21758
6621
29295
27583
16596
1741
31768
14378
24254
4886
25547
5811
3980
7342
28661
29045
25460
27752
10144
28426
6663
19207
23238
4334
22901
2277
30231
2615
27340
31653
5734
28133
2547
30127
16590
28
3297
19907
23923
12902
15663
23919
6652
31014
23284
22698
28589
17399
4977
25440
19603
21470
13397
21136
5224
3997
28770
19664
21986
1066
13920
15048
934
24715
15508
31674
3373
22202
17114
23680
26266
1830
11701
12291
8640
9184
9119
8258
20411
28859
1023
15844
24379
15902
9005
12848
391
10918
23866
10857
14750
6335
5868
22459
10648
11664
21936
9681
11671
10235
13122
14152
14331
12119
1658
413
14956
2387
29710
28423
22775
11815
30810
5293
23965
26777
12782
29943
15481
2677
29084
29377
25371
3707
8947
3938
27819
32692
3245
13895
24446
17016
14629
11939
24088
30304
7038
31481
30272
30233
24482
10637
30900
6194
32323
5421
16644
21575
31586
7642
19552
13204
15425
16745
16728
26145
6448
4926
10225
21094
12943
20795
32527
25527
32712
22268
22125
4495
7181
26292
15661
26942
30283
26830
20764
7125
3611
3546
23153
8587
5813
18031
13774
31468
11395
14015
4286
326
26363
31184
26041
25099
12525
29074
23817
4784
26069
7264
12627
14852
29873
13259
18994
888
4571
18316
11790
9842
3575
13126
19360
30324
20696
14463
1692
21683
20069
26608
28074
11093
23254
2065
30737
21478
17366
12013
16329
2074
19315
23589
29736
4837
27981
24993
10942
10285
2117
18622
11227
12408
32187
11432
19575
3474
17339
19512
3458
9662
17421
20038
15842
10970
12994
23385
15512
11300
29006
24039
29943
9876
19215
21119
498
6941
6489
5000
0
1271988958
0
118711221
0
167183284
0
940843912
0
841536123
0
370320119
0
562631027
0
769173048
0
1787346443
0
930413265
0
1627311048
0
2012539191
0
1878742887
0
1579639968
0
1816097962
0
973372523
0
2089054862
0
1534920831
0
1840838853
0
181700042
0
110859860
0
1353345071
0
1671302920
0
502073680
0
889090697
0
756128653
0
1593531672
0
1218249567
0
1011382071
0
965401292
0
1260561559
0
1331944458
0
620969278
0
2007614573
0
715066747
0
808328217
0
590792197
0
1627554898
0
1815958847
0
782750365
0
200563033
0
1461053488
0
1597953018
0
365884144
0
1169126847
0
39547479
0
1102032630
0
1963440682
0
1313822572
0
989109150
0
286572623
0
1767738187
0
2086936311
0
288172526
0
740020497
0
1446693302
0
764475380
0
143051659
0
1235031820
0
1750350485
0
1909604789
0
584584308
0
370779531
0
1841517570
0
851478426
0
2114365821
0
1734446638
0
901620488
0
890928584
0
1580724404
0
714860991
0
1645154419
0
1258365008
0
921733800
0
1780430789
0
663133425
0
1990829692
0
2079413184
0
548512210
0
1844900546
0
1874581236
0
354248315
0
1026760721
0
1736334202
0
413653931
0
877052978
0
301648238
0
1740529146
0
51117388
0
136481316
0
328943016
0
922362534
0
1610144892
0
1263763997
0
1468228749
0
1933480413
0
282754887
0
2027558645
0
907635919
0
1060545992
0
482217444
0
25297530
0
2121308251
0
304267063
0
657964334
0
1013263135
0
368189235
0
1256085638
0
1267067856
0
1161612140
0
441402103
0
1236628383
0
666497415
0
547351153
0
1658368370
0
6940177
0
679437901
0
1142251008
0
1456370923
0
207494355
0
1991665404
0
1092839239
0
2068940729
0
631620079
0
627000632
0
297366195
0
639192796
0
1200120078
0
1251738322
0
1216171842
0
450796348
0
211914220
0
1114408814
0
1664051411
0
1032529796
0
2060413612
0
1197769009
0
392027285
0
322749999
0
2063024518
0
2129593211
0
2110636375
0
1330673479
0
734461695
0
361704909
0
1795684553
0
1482590980
0
653844719
0
494370534
0
271334695
0
1214436284
0
1346044100
0
1370451202
0
1411237939
0
1866643305
0
85428112
0
1271202188
0
1927853360
0
198155584
0
1801247438
0
488718707
0
1917842421
0
1595511924
0
140606579
0
942761553
0
859073705
0
919201154
0
16438760
0
1408332504
0
279637494
0
1173142022
0
950600647
0
1614224096
0
1103468921
0
333379755
0
328707262
0
1255012350
0
408185616
0
1312879594
0
172863433
0
1917827687
0
1347877586
0
2121079346
0
752028022
0
1393703159
0
1364855484
0
1853285981
0
1074666579
0
1583721983
0
1703047363
0
1454982725
0
498370686
0
929896302
0
1528648495
0
1648386404
0
1891245728
0
1261491249
0
1924858759
0
1407504105
0
1389121030
0
1662424673
0
1609231641
0
947139969
0
1432667419
0
1254660969
0
944976090
0
1571575065
0
1560743002
0
2042370156
0
736598244
0
1910945600
0
1644758315
0
1043496021
0
1686163545
0
1156495003
0
337026424
0
1488731029
0
770433206
0
1491985479
0
1780883181
0
1824034828
0
1224293271
0
1656183790
0
1945409763
0
1063361166
0
552206628
0
1659958109
0
955879786
0
146400095
0
1677620850
0
1460824487
0
2044100505
0
1901286476
0
365134772
0
1459333525
0
607822288
0
89485637
0
746548159
0
1635442539
0
1239555020
0
462361593
0
1315458705
0
570309070
0
965022929
0
1343865559
0
1262934614
0
413690550
0
1492508511
0
1981547417
0
691039843
0
715078325
0
1002919663
0
471630738
0
335672489
0
207981954
0
1596807209
0
435625104
0
779370305
0
1373953082
0
137792983
0
899293815
0
441241119
0
678453942
0
1784721271
0
1906304048
0
943605143
0
4905306
0
839099356
0
217766443
0
688473013
0
524039455
0
700683838
0
1740428765
0
511497568
0
362586435
0
1579106506
0
1440136716
0
89600475
0
529146778
0
640115619
0
1677620710
0
1458471507
0
1152271291
0
216059191
0
2059459707
0
197873203
0
1350237265
0
978015006
0
658371704
0
1417479784
0
1546633517
0
1127456931
0
1920421836
0
1998066889
0
1308415284
0
303132908
0
923574072
0
497627588
0
1325550098
0
525143108
0
2069910633
0
1900411078
0
684706115
0
1638294179
0
1922428266
0
1360397547
0
2090666467
0
703878655
0
1748626909
0
858750368
0
1927327136
0
2091327051
0
1068895708
0
1229457201
0
399525773
0
1795786289
0
1044984285
0
929612829
0
1059285078
0
764872316
0
371904070
0
1414291720
0
1651933044
0
1370082092
0
1650057110
0
2053514059
0
1201098676
0
519165732
0
392399963
0
143898204
0
430528106
0
1013470799
0
1710914436
0
532892522
0
1317809264
0
1421448537
0
1677472131
0
1108787901
0
1682647088
0
37460673
0
388822540
0
147691959
0
1915142628
0
1317247560
0
570823997
0
1029466430
0
2114028778
0
364732231
0
1136277879
0
1997723229
0
1974972605
0
1857324203
0
225587029
0
1132559448
0
1779079175
0
1568877044
0
1312260642
0
507555404
0
678629144
0
434373991
0
1226750584
0
6570441
0
907735890
0
593274942
0
405377173
0
1356018327
0
1503559925
0
891585226
0
1879488263
0
1222272518
0
2053126471
0
1129358101
0
1661131321
0
1346701047
0
1674341196
0
26770884
0
1114165165
0
1864009962
0
923988898
0
1027157229
0
1957993217
0
2100075138
0
2069105921
0
1260518376
0
606167777
0
199406671
0
1353430177
0
954195815
0
1908670556
0
2062799453
0
494409403
0
924605978
0
661002554
0
537019147
0
1954518935
0
1689876033
0
1275255056
0
1324929132
0
825985781
0
1008727059
0
1439771195
0
388739969
0
907404809
0
1471247516
0
1130289854
0
141234816
0
764122577
0
655942579
0
1393365202
0
2127263126
0
1603603426
0
843010932
0
1535114865
0
807000997
0
1906525774
0
375186731
0
751400325
0
1581417915
0
1633282133
0
1436833377
0
404956724
0
731982925
0
1650690459
0
1960792467
0
1902429654
0
251174595
0
1686051810
0
1426048505
0
1679723015
0
284689643
0
185264385
0
2034714192
0
911830116
0
685454620
0
1333515832
0
1261248332
0
2137120034
0
1912415363
0
577261292
0
1846901145
0
1138910277
0
1143279828
0
1567879487
0
1726189319
0
1707297110
0
2013520203
0
1186742395
0
1898803076
0
1576303912
0
1581579592
0
55620178
0
652945201
0
408557037
0
1112901400
0
2098748077
0
1240028164
0
1972041860
0
1992416869
0
837809612
0
15875505
0
531640307
0
1746668229
0
151470313
0
993428896
0
2021583294
0
1411643071
0
85762241
0
444457350
0
1046557184
0
1595522558
0
319332217
0
454937266
0
1088846342
0
1532313907
0
975940125
0
145585089
0
864716890
0
1274930981
0
173167901
0
592570422
0
1449411415
0
1350643984
0
1371290298
0
481538882
0
1505607878
0
951792945
0
178340112
0
1622574819
0
1867633327
0
1692342337
0
1924237091
0
1696548264
0
1746291829
0
267766454
0
1372551913
0
210665717
0
1605655363
0
970177739
0
2081411349
0
1919416660
0
136459386
0
2107849153
0
1730473559
0
698074792
0
839865583
0
210841750
0
269274700
0
951838671
0
946856994
0
971673888
0
1457383828
0
51519514
0
452562057
0
1970897972
0
2094444076
0
1917127355
0
314815897
0
1858558318
0
1640005011
0
611610632
0
1483157482
0
1585109245
0
1396439680
0
112923697
0
1680515178
0
713671302
0
977404219
0
1130292830
0
191252448
0
1744357624
0
2119321371
0
1270513255
0
1086374664
0
793011054
0
853271296
0
34877206
0
2065649258
0
1146441804
0
1024118944
0
285661103
0
1480207076
0
1389759484
0
1655502816
0
1237697980
0
1463345018
0
1456992082
0
2057379080
0
1735997213
0
1192330749
0
1332988286
0
984717298
0
1634643704
0
698437057
0
486002497
0
1363657538
0
1046760382
0
715704050
0
782061503
0
1507761281
0
636815167
0
2041498768
0
1123565657
0
944289128
0
763222966
0
568566031
0
1734537514
0
281489773
0
92140470
0
269169803
0
1336318439
0
1120023947
0
1548311274
0
1408231419
0
728185546
0
105167369
0
168929302
0
221397380
0
1584089056
0
1429992333
0
1391647154
0
1169317801
0
1101427710
0
386484830
0
1659989282
0
1479804397
0
1064384472
0
571041394
0
388290515
0
1943366019
0
1073894110
0
1485737382
0
1995815605
0
2125790742
0
479565655
0
553836394
0
1134147860
0
558232248
0
2000822040
0
369597907
0
1309315825
0
406139966
0
1291378396
0
1726964990
0
1859097725
0
2115883872
0
1478526031
0
1053723580
0
1782055898
0
59052977
0
365939525
0
2099915314
0
1530427600
0
1485033081
0
896046933
0
1705470167
0
1372860260
0
1098086452
0
64536446
0
184806187
0
776231347
0
157093504
0
1013119565
0
102691892
0
1513260303
0
717081100
0
303820736
0
1746481033
0
1300234435
0
246557173
0
1390451548
0
402120582
0
309584565
0
1982390921
0
1982909689
0
2111908877
0
1242778123
0
945962539
0
970954232
0
99543671
0
140717484
0
659258241
0
1285121614
0
1795928619
0
1289640948
0
442963865
0
1715358553
0
63239296
0
2005926254
0
256776725
0
1351770252
0
973123751
0
55427505
0
1709657384
0
880456028
0
1662134766
0
1031731986
0
1536522824
0
848247793
0
1504208165
0
1049136671
0
1999287627
0
350522380
0
681996939
0
1202329734
0
1882204715
0
1780524695
0
93927920
0
246070895
0
1807511790
0
546984068
0
1931221716
0
975540054
0
2011526380
0
2036297586
0
1754129310
0
995807154
0
1190776207
0
975604656
0
949808547
0
1186301278
0
927400598
0
385540660
0
823709621
0
1408011585
0
1328402802
0
1225899002
0
726417296
0
450960677
0
826308076
0
2130571830
0
1378416732
0
2143914535
0
143476732
0
1936782790
0
2098713951
0
666472482
0
128302222
0
301863566
0
1064579548
0
1702200079
0
99582419
0
791955120
0
286057734
0
1703933352
0
1313414319
0
570051920
0
938070173
0
1467944984
0
1459209352
0
668330324
0
1288281658
0
1219696952
0
1715261649
0
582057415
0
850961820
0
2021703367
0
1282226335
0
379614700
0
10347663
0
2114480281
0
1510692211
0
504831796
0
106075
0
1782802525
0
1870194731
0
1792186425
0
671612153
0
611406839
0
205492178
0
553331270
0
1234463380
0
786513993
0
1178833066
0
2110696687
0
196853616
0
1393907732
0
508146601
0
2024942535
0
2035831736
0
367039301
0
1256497723
0
1750529510
0
623510670
0
1771116977
0
892201372
0
1497635850
0
109904463
0
328373221
0
2083236204
0
377499940
0
974798342
0
282991031
0
1701463559
0
605792661
0
337283000
0
1506036567
0
1714318027
0
1902471637
0
956782876
0
292248196
0
520329483
0
624210197
0
643165384
0
1395413537
0
46407472
0
433818043
0
472867136
0
1788460852
0
332932505
0
1401711100
0
662850110
0
1524121781
0
729831851
0
2004811740
0
852492750
0
1982240113
0
1595763280
0
70179577
0
539628436
0
711682571
0
1912540654
0
535543482
0
775337397
0
164861383
0
571359451
0
1438907220
0
900297673
0
133213349
0
1238796469
0
598296818
0
1056184872
0
199317602
0
2003931141
0
1084650886
0
1886245266
0
970588648
0
397624324
0
2050387651
0
195166948
0
963366067
0
1414273336
0
1342953156
0
960562922
0
1546455555
0
283933244
0
357368274
0
1924304106
0
675385722
0
1756755259
0
32975410
0
166934944
0
1061960826
0
639012365
0
315099908
0
189480254
0
2023864124
0
1090847235
0
801584206
0
1060832611
0
1004455683
0
517715114
0
1781667001
0
2112795686
0
1114991457
0
719114077
0
112326823
0
238788448
0
1817992940
0
610013064
0
402635870
0
380095393
0
1646903973
0
598348028
0
1916871342
0
306972700
0
1034448806
0
2100959977
0
1908209465
0
755693957
0
730046941
0
1324862076
0
1846459236
0
154196655
0
1717902303
0
2013856253
0
392283804
0
339097538
0
1938205675
0
243338382
0
979322386
0
1156670894
0
1145742814
0
13612249
0
1147802361
0
268680326
0
1699613088
0
1717181269
0
632856050
0
2072612406
0
64469655
0
1209733497
0
1763197930
0
940764557
0
1655300285
0
2128726757
0
433045879
0
380008670
0
189350512
0
1990773977
0
1143011179
0
1347663038
0
662654757
0
388307557
0
82307266
0
358750994
0
1541359029
0
525966642
0
878661042
0
1558576122
0
2130839995
0
1590498593
0
1780898342
0
2078845755
0
1749151242
0
1081280511
0
1074927463
0
1673432077
0
1927077027
0
35228735
0
1531346220
0
1891893892
0
1417765362
0
2051375669
0
1768399945
0
324201135
0
682463506
0
453986715
0
145321214
0
724737059
0
128504829
0
1559595768
0
2088161141
0
1546537513
0
1661401350
0
1590111156
0
1711695624
0
777417356
0
762993944
0
1014360571
0
1632926911
0
1909068164
0
155462521
0
1518475695
0
325344917
0
578654757
0
1644547283
0
1791648491
0
220490003
0
1366189346
0
649184498
0
1626931126
0
2069641078
0
1664967487
0
1396633599
0
1224636683
0
985458333
0
1204317067
0
923572094
0
464383342
0
935255796
0
1411350979
0
1619022938
0
153227829
0
467229250
0
1521791318
0
216445856
0
2115687421
0
324257721
0
1633504408
0
877642008
0
1611540860
0
1103478056
0
486911700
0
1612246830
0
83813964
0
2059504163
0
945045195
0
585539153
0
1386473917
0
122069422
0
773892669
0
1653121651
0
2019647118
0
1082587744
0
1570756024
0
680022797
0
235179845
0
1297744435
0
1346800113
0
1191859811
0
2007867908
0
677900798
0
1077964651
0
1179843265
0
1909242104
0
931388454
0
837443395
0
303317327
0
1875620558
0
642263993
0
1278120529
0
92809962
0
783903612
0
255832539
0
515221679
0
676694249
0
126848431
0
1637801993
0
92709105
0
1236283660
0
1315188895
0
330579694
0
512722269
0
1618783319
0
420918590
0
567608912
0
680624010
0
1749832148
0
1787849418
0
793979502
0
2097591303
0
1125480369
0
912599007
0
723303775
0
1809104405
0
1544260609
0
2048181468
0
1770554913
0
35526312
0
90271918
0
1076671044
0
913026886
0
1472215187
0
214067175
0
791901500
0
1532350041
0
1583244263
0
116458264
0
956440631
0
982587422
0
197556124
0
316057806
0
1256486411
0
1560408726
0
719160718
0
896222110
0
354702712
0
73876512
0
396989218
0
2113579344
0
1401029581
0
2093462159
0
446433865
0
2053590084
0
331367204
0
863500957
0
166097873
0
2025694058
0
1781776915
0
1812636637
0
780941717
0
2014870802
0
263939671
0
1480319442
0
1130811199
0
313545643
0
1984235810
0
777704407
0
1292492807
0
1129517844
0
50964628
0
1864011290
0
946308594
0
344649676
0
763708573
0
140228292
0
1027342885
0
783346315
0
1626760095
0
1342606708
0
1580262327
0
1538667440
0
385586906
0
1600966143
0
1615352138
0
735117992
0
654670353
0
1485899290
0
422036067
0
21692028
0
1653178253
0
823473285
0
1730879727
0
1082089427
0
1785476793
0
1719460420
0
283841261
0
958893640
0
1408120392
0
1009638404
0
1724361081
0
1044872102
0
1191636795
0
407121643
0
610554559
0
913607747
0
497327779
0
581627529
0
68318759
0
1477115015
0
961097785
0
1945963408
0
1778538093
0
1064846458
0
1893189155
0
1712414133
0
2115979884
0
944716068
0
1496352605
0
17242218
0
2027149228
0
469015341
0
1475851697
0
1203348629
0
1826903804
0
51049022
0
1134937601
0
946507353
0
1537708542
0
1449257396
0
909530298
0
687119140
0
1391816061
0
1860654103
0
356641507
0
446949372
0
2127781645
0
1728417671
0
504503528
0
925356740
0
394157606
0
1767316694
0
1445354401
0
1883886390
0
2127149009
0
1833122654
0
1492045916
0
649164193
0
1285664991
0
191047623
0
449347496
0
1630862420
0
1570906279
0
1057874935
0
686919032
0
176084552
0
220599898
0
1065710964
0
1390555968
0
9623875
0
687193600
0
495781634
0
365372278
0
1156129573
0
637695355
0
1802432955
0
1086350103
0
380214327
0
1498344064
0
1275438926
0
120264928
0
510533069
0
1332120918
0
1439248851
0
199638949
0
962359229
0
1672216246
0
819958233
0
635459232
0
727135693
0
1787640821
0
1583057017
0
1264382036
0
1118191987
0
823330612
0
1480458263
0
1316492099
0
758692852
0
1740351325
0
1357447135
0
1895215864
0
1415573944
0
1727435342
0
1174369201
0
100961630
0
350034280
0
1068434827
0
2073364822
0
1972907132
0
1502657844
0
762695388
0
291497173
0
782787804
0
829800306
0
694939324
0
1829146082
0
1229793369
0
1754534055
0
1355905428
0
1753550079
0
1998089972
0
1696371265
0
918953283
0
145438157
0
542714413
0
1038090482
0
1029582746
0
1921468143
0
255995815
0
1111917764
0
599163354
0
587669895
0
690632712
0
314878549
0
764066835
0
1866570432
0
1008135248
0
83138306
0
1441138392
0
1892383478
0
1056302676
0
31765783
0
1311570425
0
1791980167
0
1500001241
0
1210325354
0
973120294
0
2144809353
0
150297329
0
606439631
0
473489555
0
1512038750
0
1661276299
0
1635862646
0
1857842428
0
345460016
0
1498191071
0
851569222
0
1492890546
0
1959958721
0
774562514
0
26304684
0
1868676353
0
2042611143
0
491899459
0
1689650110
0
1773134489
0
440787204
0
1639439125
0
1838182865
0
639666313
0
568585709
0
2065265660
0
1141761159
0
1813413368
0
950557752
0
893287831
0
430399440
0
998464984
0
763768430
0
1146244891
0
2009569447
0
1358379360
0
383252263
0
1017326888
0
2095692849
0
1430418696
0
2115079154
0
838532487
0
1427817395
0
1344686187
0
22843881
0
1685018801
0
1244135418
0
135699487
0
73644895
0
799169593
0
1280621213
0
1319616657
0
1733531630
0
555466561
0
615077218
0
1764009915
0
1702894570
0
1034474421
0
383987635
0
491822210
0
391326167
0
1423961655
0
965773417
0
1072415493
0
256941580
0
1975004590
0
247412451
0
732723365
0
1210363657
0
1616878815
0
624174567
0
44331974
0
2058145156
0
1726534663
0
1069042777
0
1553762237
0
680769739
0
2051615804
0
1509381596
0
2099645608
0
1292446152
0
345387259
0
275364172
0
218379519
0
255023110
0
1943534005
0
1749751165
0
426768137
0
96697579
0
1698573121
0
1418325076
0
721070632
0
783892003
0
60720076
0
467585007
0
1058548276
0
1266342984
0
1863590318
0
313483131
0
933596626
0
1442968200
0
433711829
0
835212085
0
1456395803
0
625652515
0
1261883893
0
2081575526
0
383772205
0
1166057494
0
2140022783
0
1306793925
0
970239606
0
973726371
0
1593727257
0
210479368
0
621171367
0
1109157102
0
1445357354
0
1933517461
0
905420623
0
335288119
0
190326305
0
1211057752
0
397631598
0
25158122
0
1925761642
0
1549873157
0
1888995236
0
2092177851
0
335905779
0
1981403337
0
416970930
0
791280349
0
1830083419
0
1951230799
0
113265456
0
982007750
0
1192427055
0
804119581
0
723207296
0
187581852
0
182192768
0
1949654801
0
1542754481
0
357008289
0
169003505
0
1468527201
0
507112236
0
1820239156
0
1854943377
0
1013233740
0
2021631117
0
67920585
0
1227455538
0
1117314084
0
1100800420
0
581040035
0
931725336
0
56968228
0
1834785081
0
1515169094
0
585876732
0
617713229
0
970290205
0
1824143764
0
907696976
0
2086730991
0
1132326580
0
12750346
0
1694184169
0
667652810
0
638722095
0
1878982959
0
1319562778
0
827987277
0
288131979
0
58547068
0
453061550
0
1775942235
0
385933992
0
991989604
0
1453722767
0
797093050
0
739901364
0
1591908618
0
1856868400
0
1154840596
0
448695386
0
1408267885
0
1341069608
0
1516026391
0
2109565529
0
512833933
0
1348036520
0
497315790
0
380128406
0
54269817
0
1579747991
0
1484156876
0
1202055027
0
1560171460
0
1026398350
0
2088415746
0
1530716454
0
2044834965
0
1360453814
0
888862289
0
1212242691
0
985548548
0
573076925
0
239721680
0
322953988
0
1196500347
0
544461521
0
336963580
0
432511921
0
2143194799
0
931775662
0
902797310
0
1342423115
0
642098423
0
642869186
0
712181045
0
1700458584
0
895047012
0
2079667096
0
521043900
0
1893998481
0
282370686
0
2012743379
0
1015563309
0
372508007
0
827242644
0
657987030
0
1394714807
0
1187754244
0
1725080043
0
243564554
0
485627896
0
1510189472
0
645232011
0
1769475174
0
1215705762
0
1207324376
0
2075290576
0
2126799905
0
260699020
0
701789260
0
991903496
0
6505611
0
1965621727
0
1463423888
0
635076525
0
737430085
0
859311758
0
625190631
0
2088934093
0
1652639895
0
365224967
0
827757243
0
716917835
0
1854793175
0
636272373
0
1508694598
0
1290688457
0
868578452
0
1751694105
0
869506012
0
161325849
0
1279181629
0
746848486
0
240587487
0
1989670355
0
1921789048
0
1354478856
0
1399474592
0
1728565800
0
846623984
0
2130137713
0
524663254
0
447455396
0
2042592425
0
177306033
0
1422678242
0
870287596
0
412506255
0
915415269
0
811578975
0
1539190728
0
590553734
0
1914674551
0
2040212009
0
971843614
0
15001416
0
873212013
0
171058893
0
1653694965
0
917917281
0
2060705366
0
1806311193
0
1843386759
0
54683244
0
2085764639
0
2070717692
0
432266162
0
160206933
0
1800913240
0
1314303862
0
488215592
0
2051923204
0
233402455
0
1489921763
0
1455746721
0
453949576
0
1668609688
0
334080043
0
1361029443
0
1973524304
0
1138049413
0
1707124109
0
1253376043
0
824061278
0
875859843
0
1723464763
0
1012841005
0
1863384913
0
1156208590
0
1965734074
0
1204156270
0
368540562
0
718387586
0
787094468
0
197458156
0
816993277
0
195567621
0
1255026237
0
641584425
0
594039388
0
368519213
0
359574943
0
357084343
0
1447243083
0
1414710059
0
93022029
0
53146387
0
2025612804
0
416140937
0
1873973527
0
877901387
0
1675956419
0
1404020081
0
815188131
0
2068733504
0
1443756798
0
802776533
0
1772919677
0
1125409214
0
1864180569
0
1643897100
0
1601441045
0
1007095464
0
1934841441
0
1682716013
0
1195883148
0
908616163
0
355637724
0
756237667
0
1278246323
0
59546073
0
63469409
0
1578468151
0
1448722466
0
508896376
0
1741509078
0
1488448983
0
325053378
0
2121209725
0
795824228
0
889646480
0
1507238946
0
447865410
0
343763135
0
895999515
0
908515841
0
817009517
0
468513301
0
1628000005
0
706937608
0
1620842452
0
669028569
0
138783491
0
366892595
0
938293628
0
928585875
0
979138376
0
211498471
0
569366312
0
152474752
0
695165993
0
1343804671
0
239589998
0
257258261
0
855011216
0
1360425235
0
408535036
0
743130593
0
30985599
0
1083919819
0
336620432
0
1107674426
0
148341939
0
2101938253
0
1170225021
0
1316688721
0
1915835159
0
71714195
0
562149398
0
1264369033
0
899650566
0
2142187882
0
1188390819
0
1686577833
0
1676982478
0
1469124518
0
1956284467
0
1298401299
0
1649295126
0
2131750853
0
1866903470
0
163053973
0
258990639
0
2053800851
0
1726244526
0
487677512
0
1598347232
0
548987901
0
1249904595
0
461493211
0
1752947960
0
468210527
0
834244681
0
229622304
0
233949669
0
2097012873
0
2141225594
0
47601932
0
1181754440
0
1818105624
0
356409405
0
840978352
0
1733281157
0
640734144
0
1335752150
0
192339312
0
683928049
0
1446240799
0
1749192047
0
1767090146
0
1932729459
0
546372891
0
249104465
0
1253115252
0
735914235
0
1152224572
0
1578336605
0
1385312491
0
2076819110
0
2047067079
0
220888166
0
1615663946
0
1680707754
0
1802812487
0
1022693486
0
2097792261
0
208014181
0
2138446398
0
582294994
0
548984779
0
1197433141
0
1189544750
0
1753343327
0
670692755
0
191470182
0
1108845668
0
506053410
0
1204419750
0
501881628
0
1956240027
0
551498219
0
491146281
0
1915889346
0
982435104
0
1932514792
0
1233431916
0
630567721
0
119888902
0
633115028
0
2130288358
0
909070122
0
1542875696
0
246785147
0
927043272
0
822413519
0
1099261741
0
490265846
0
3320183
0
2115224506
0
1133979904
0
2030363050
0
796630520
0
1556094242
0
1220072128
0
1578393740
0
198096789
0
813079873
0
994979650
0
167818361
0
877164816
0
33825857
0
1575495791
0
884391827
0
1239115502
0
1665317155
0
831052734
0
269660250
0
989326580
0
1793434986
0
181340410
0
508975777
0
928518038
0
1986485564
0
2082097886
0
573142137
0
1335739764
0
2131651457
0
196354898
0
1601888894
0
2091642666
0
2078469719
0
1871565131
0
1202179108
0
1498117180
0
1757166832
0
507831880
0
1030393982
0
523526066
0
662089503
0
1625501814
0
1669514411
0
507373975
0
1924319235
0
929658825
0
1832339850
0
1220360970
0
2137993940
0
1567767976
0
1999507589
0
1899940067
0
1358358826
0
38137325
0
1023894469
0
807877072
0
1598332770
0
305925067
0
606750151
0
1397431901
0
1756796515
0
726365002
0
1719539066
0
1605644583
0
788998279
0
2130038575
0
1005934535
0
1750460561
0
1612168474
0
914368319
0
395359501
0
492729489
0
607578791
0
291998852
0
624572169
0
284377847
0
1387359954
0
2128791399
0
1519483973
0
91604087
0
1991598957
0
2123548157
0
1443145206
0
1261168024
0
787383478
0
759881932
0
250382415
0
1256784432
0
126796732
0
768896900
0
1441094301
0
1151346041
0
1845251617
0
1332580592
0
575055181
0
1276015567
0
1221935627
0
685966728
0
1350580400
0
302634010
0
1128529974
0
627702714
0
1359840134
0
1312160764
0
976389505
0
1255863808
0
1833738340
0
1102462283
0
594684065
0
466187317
0
1189892563
0
1156585477
0
1857622942
0
951526108
0
2136061594
0
1303083459
0
885463307
0
2067610686
0
1899907495
0
810921222
0
1221754292
0
1933236677
0
481251229
0
965991201
0
437743887
0
2030017834
0
1437036149
0
1665462081
0
1119340369
0
796834063
0
682074149
0
352514557
0
1952261073
0
249211398
0
902854536
0
156736850
0
1461286728
0
1223050404
0
94670944
0
1996657028
0
1235201574
0
308438669
0
2050669672
0
640126601
0
1862195184
0
487786110
0
1276070171
0
2139665055
0
1736910370
0
1507374919
0
585679974
0
1605768817
0
729515470
0
982363567
0
730192433
0
1622662473
0
1193350458
0
1291368273
0
1556827729
0
662886255
0
2131610796
0
1660449118
0
618333461
0
657111194
0
1706924684
0
49123715
0
988557557
0
1753367307
0
1073724615
0
784518564
0
2001396215
0
1429822544
0
685487078
0
1879037438
0
87707684
0
929263146
0
1624613838
0
1777687308
0
1798088492
0
1083404460
0
264916307
0
714771518
0
141381708
0
1085452774
0
331191353
0
55456847
0
55324731
0
2129818413
0
1600639095
0
413623696
0
368893333
0
204958842
0
179487706
0
1582834354
0
1817052289
0
1980360883
0
76315728
0
590703237
0
132404178
0
523961354
0
1535523978
0
1240512247
0
1518090253
0
289672164
0
174632599
0
1587429591
0
1739789256
0
500688040
0
1222959334
0
711541101
0
1682338011
0
1285254475
0
1881439799
0
1809483365
0
1470990388
0
1103706852
0
37318778
0
151476922
0
1104506359
0
589731045
0
972642410
0
555463906
0
570454633
0
1264016623
0
1419146637
0
1644144477
0
1464138990
0
1916377604
0
598652722
0
595412459
0
1970887040
0
1910709952
0
1979189673
0
1866625728
0
1937495120
0
1185942379
0
1337836046
0
856641032
0
835455336
0
1249748066
0
2125677602
0
725505322
0
155799188
0
734387023
0
1254176252
0
1388272059
0
278670958
0
2108440646
0
934278175
0
12860361
0
1395722627
0
946315808
0
465895374
0
578173856
0
4495117
0
387503774
0
1605511914
0
706714043
0
10869144
0
141593213
0
345250015
0
116187911
0
707585054
0
1765049139
0
1989263162
0
1520547238
0
782029766
0
974357522
0
1464063879
0
653987027
0
738657443
0
12681194
0
531946505
0
450487074
0
1456397043
0
646493195
0
1491358192
0
1975488807
0
1943196629
0
374440027
0
1086448079
0
2026896959
0
524097552
0
1677120117
0
1634939544
0
1375652643
0
785027299
0
1961770772
0
1164932613
0
414016992
0
536568264
0
818979295
0
1362317442
0
2146087027
0
149327777
0
1491048343
0
1062823958
0
113286360
0
1333341278
0
475002901
0
1177041208
0
2059710339
0
115277933
0
445970337
0
705525929
0
1517073616
0
382923281
0
1930577355
0
883182962
0
249074270
0
745627887
0
1200816564
0
72676642
0
1705610598
0
1585600430
0
1061851387
0
947154739
0
1680906809
0
853362578
0
1569053780
0
2135178947
0
1500820859
0
2100743198
0
412288459
0
1549885191
0
2091250674
0
1932711116
0
238082090
0
683652269
0
1106173633
0
694317752
0
2119803713
0
787300661
0
1515460260
0
1184536400
0
1329867110
0
66719794
0
373114024
0
275152128
0
949523305
0
687206278
0
708860780
0
1731339551
0
220416807
0
135984174
0
563412010
0
1010252447
0
1307163547
0
740025619
0
1532778756
0
198722680
0
595011675
0
1677361293
0
1393417282
0
855088039
0
504105749
0
682336028
0
458947616
0
1918805735
0
606061146
0
554743101
0
1340786880
0
1059184189
0
1216714540
0
981987046
0
844454927
0
34535066
0
610269572
0
418798532
0
1443016105
0
1238851164
0
1517555683
0
2042572409
0
1988380768
0
1722536809
0
449103656
0
1827610834
0
1196683997
0
1483583424
0
153981851
0
255175122
0
203432395
0
294296741
0
590486946
0
792168635
0
1727120692
0
181013945
0
1464529463
0
2036606374
0
501478285
0
1619705167
0
882032397
0
238881138
0
1228350123
0
1120218650
0
525717301
0
982954149
0
2066169519
0
1300533843
0
983740135
0
243850692
0
999781968
0
1423482048
0
1494953156
0
119022992
0
1112151187
0
227336421
0
469819734
0
2110382966
0
1366595710
0
1036493305
0
2103116318
0
1642610653
0
1454962786
0
163255913
0
1505512572
0
1497468650
0
1594741357
0
74588892
0
1632541643
0
1876319829
0
1657493455
0
334629301
0
2002474061
0
217827443
0
1713700013
0
105444927
0
538879314
0
1006090999
0
85183715
0
1458589103
0
981223616
0
898388799
0
263022736
0
1101778426
0
1986001348
0
386330515
0
1213900724
0
934821768
0
559093324
0
1440540843
0
439312023
0
468392175
0
1739718970
0
1466874885
0
653924635
0
1837518746
0
215236515
0
1117646057
0
237819690
0
568462763
0
2146395885
0
1045336889
0
413377316
0
522951967
0
1750625845
0
95129368
0
1111454608
0
1404835050
0
1627470232
0
392977385
0
1258695170
0
28315593
0
1306285564
0
1016150867
0
1657660725
0
998452544
0
554689350
0
437393823
0
441459480
0
53479975
0
1189775379
0
1334557636
0
1590978984
0
1264895291
0
1154534184
0
1741279843
0
1930663632
0
185756854
0
1721706087
0
1519544531
0
1109402393
0
1272995897
0
2009949465
0
1302890945
0
1944847803
0
208434034
0
604981181
0
1731124169
0
895458827
0
411107213
0
1024036492
0
1047373986
0
291128243
0
1024632235
0
322608352
0
1829847036
0
125825365
0
1623000907
0
438959755
0
990274840
0
550971630
0
230699546
0
1159286787
0
13899878
0
1687015670
0
445774349
0
1706522907
0
1886392264
0
1293700387
0
2097962081
0
914695274
0
1595524892
0
358559755
0
474688803
0
192963416
0
435825742
0
2004009524
0
254550320
0
439803416
0
137299738
0
1199259688
0
1823549121
0
1650950310
0
2033140930
0
239819446
0
1966107150
0
1031993661
0
1639527255
0
1171900128
0
1552924659
0
1635981822
0
1713349813
0
662084468
0
1540878569
0
1040810010
0
1639533255
0
1272742128
0
2039821176
0
845564324
0
1500301269
0
1957928656
0
1014998411
0
1615685556
0
2043907024
0
796934956
0
230299153
0
872332577
0
422763570
0
1511416714
0
1944135482
0
1121356869
0
328411211
0
574250487
0
636425391
0
1932984477
0
537493123
0
1330698979
0
1163040195
0
820402371
0
1657635657
0
577134668
0
1866215224
0
1480605333
0
1640813942
0
1322412067
0
1471347266
0
659304457
0
2061873926
0
2118946290
0
1408977829
0
388196534
0
363827352
0
960362055
0
317967533
0
1141013395
0
2130645702
0
472499789
0
2056910764
0
307461142
0
653758912
0
1199695932
0
565567441
0
729359265
0
504509779
0
1030417297
0
915381271
0
240174589
0
1492544610
0
440779663
0
1512697538
0
1996107980
0
597286426
0
1254395704
0
781634529
0
774060204
0
173915102
0
265875747
0
1807694069
0
1463063574
0
1021730068
0
938011464
0
481222821
0
488537945
0
1027259134
0
1523226905
0
722036448
0
1983975986
0
705809733
0
1992000150
0
276464320
0
1528697779
0
329218945
0
1264933943
0
1804158348
0
20259196
0
1193890946
0
1785415501
0
689325776
0
1971525314
0
1900762835
0
154235073
0
216109982
0
765620397
0
59999555
0
1242690442
0
1619791619
0
187547514
0
1752557649
0
350704491
0
1595252869
0
81636488
0
1969887030
0
135927411
0
1756879916
0
2128085609
0
394689678
0
2119916210
0
530554093
0
670538707
0
1897352740
0
822826877
0
1604118706
0
913387304
0
1087309572
0
1473624281
0
274389916
0
1023928103
0
1373163710
0
1903203308
0
369075491
0
1119004701
0
1597712928
0
625658808
0
1367650344
0
1581857767
0
435940109
0
1778692046
0
1504850882
0
1113863055
0
1081414486
0
1179161641
0
1190605771
0
258570451
0
1434152076
0
437487404
0
2014275347
0
993545721
0
1837577422
0
1201404047
0
1356568835
0
18529646
0
42631507
0
1395683698
0
292036105
0
1250683340
0
664958544
0
453350020
0
181806584
0
1901511254
0
1995494971
0
1031862398
0
1580873661
0
1075939743
0
1506952861
0
2082085756
0
369273227
0
147386359
0
1073890722
0
1428795266
0
599894908
0
2145479738
0
680039789
0
520764389
0
1491224398
0
1874296696
0
2014435476
0
1537350177
0
1868667782
0
1898558346
0
1758094096
0
1059972399
0
1579258128
0
1840964023
0
137948585
0
1367012982
0
1607132868
0
32800510
0
1522357938
0
1149693608
0
1990097597
0
512510754
0
211334361
0
2106136836
0
868849151
0
2006364904
0
1186716334
0
1460795849
0
1562781639
0
1946003863
0
310981631
0
1840559066
0
1921770874
0
1049028438
0
180215596
0
931579702
0
1904264884
0
1031114147
0
1889920986
0
471388925
0
566488692
0
1180439293
0
1189266465
0
1371174626
0
684923225
0
992294655
0
138263983
0
225456227
0
1081653881
0
907706112
0
92796096
0
550857750
0
464202033
0
35479080
0
1443927341
0
1521609087
0
1448656733
0
1551605492
0
939578523
0
1048979670
0
1508055467
0
1286231975
0
1130413123
0
65533252
0
1905739100
0
38458695
0
2130192765
0
1449922218
0
1345775417
0
1149663315
0
1480963146
0
1212126092
0
1173352802
0
198212813
0
615611594
0
7849112
0
923522917
0
1785349150
0
1721648166
0
546066284
0
1538411557
0
379928619
0
991417002
0
419935541
0
1225373545
0
484996085
0
1628760230
0
599137301
0
149797124
0
789428784
0
775601522
0
309042964
0
1469637502
0
1988071967
0
827485696
0
447994700
0
369256518
0
2014041843
0
1364011287
0
549768884
0
1490983994
0
2128793962
0
1562560314
0
373678235
0
1167911817
0
1093374739
0
331670994
0
1674332193
0
2022941110
0
610136466
0
329169637
0
436214387
0
2093515098
0
1336179638
0
934679187
0
310218104
0
1892862659
0
519963155
0
909786442
0
697164054
0
565477546
0
1365977647
0
1386126699
0
728827437
0
156011171
0
2218010
0
770872071
0
278054946
0
345061550
0
1243623950
0
129391399
0
1427792229
0
921721225
0
1569082764
0
474829388
0
408291864
0
951106083
0
1519152360
0
960635337
0
616050813
0
947351904
0
699691670
0
97446718
0
1404450412
0
1605310307
0
1613272488
0
142178794
0
1597175294
0
179578758
0
965661671
0
1341784118
0
639894079
0
101681577
0
1712765274
0
1575155730
0
1611437541
0
1514479270
0
1876906646
0
782708539
0
1645077098
0
2106314608
0
1709179508
0
1438728684
0
47126768
0
1785607680
0
1771794582
0
1543290372
0
773793738
0
2137871981
0
1665486710
0
1533279972
0
32725404
0
260051396
0
554590927
0
930682109
0
1850804862
0
176688839
0
1786916919
0
153854338
0
259547778
0
680217789
0
1364926742
0
903435540
0
1331736490
0
1420618396
0
610194226
0
1299941957
0
1773330368
0
1585441910
0
545089394
0
152206856
0
487605215
0
383251553
0
1005393918
0
1254245230
0
400101658
0
737267249
0
270010753
0
437779560
0
482090298
0
35838355
0
1039811325
0
2034503636
0
1667982718
0
534013488
0
830532003
0
107668921
0
1410324473
0
1546405772
0
1594714010
0
1762451510
0
1280585499
0
719371459
0
143178803
0
1224457381
0
119413266
0
1229035364
0
1899645902
0
709294965
0
438752258
0
1797840055
0
1202891095
0
579580807
0
28800457
0
865460224
0
883243637
0
1268838995
0
864374255
0
1958715477
0
1354197076
0
958565426
0
186794988
0
1989755049
0
1197757459
0
197906435
0
1908767489
0
1544468737
0
1251221470
0
1119374866
0
1376625142
0
2097432463
0
603340136
0
2067368265
0
2120505042
0
1837118929
0
2085446784
0
1023496001
0
553276337
0
311204449
0
1290493898
0
1893592633
0
2051217938
0
1264898675
0
1211409072
0
2007299544
0
1862825285
0
340475382
0
1473309666
0
1429106552
0
1536711416
0
1870429890
0
1449536444
0
1304522740
0
1453138957
0
1722416615
0
576486745
0
1713991598
0
711146728
0
1496561941
0
1388068723
0
1156170100
0
1318832644
0
1441527021
0
1981620140
0
1913295304
0
334044150
0
757775792
0
1359709434
0
1262969511
0
1000204429
0
2081333134
0
604857155
0
1794102834
0
668443511
0
1043131920
0
2009168979
0
1070164625
0
1081308750
0
1549540336
0
590239983
0
936428788
0
1798474700
0
1131951375
0
149130852
0
328813515
0
893322874
0
1019367141
0
2026486668
0
70787656
0
22193954
0
1499113947
0
1329960625
0
1638426399
0
1997166159
0
1202231703
0
234597698
0
103534394
0
640805888
0
394069911
0
293426829
0
1002261491
0
147152169
0
1432826686
0
1783977791
0
148053923
0
1556220635
0
1196875632
0
409425575
0
678034037
0
1169828877
0
1101147454
0
2118673179
0
1113768546
0
1640485370
0
95069757
0
109572531
0
1192043038
0
792396803
0
1266972974
0
1714414013
0
1368224692
0
497506368
0
1435689205
0
502210743
0
1045224891
0
678510577
0
589102069
0
1138861013
0
315299780
0
1401245311
0
1424268975
0
1835933363
0
1486991845
0
1604738776
0
597485559
0
306256741
0
1886227775
0
676617411
0
982915812
0
1421839560
0
1806944751
0
1754177830
0
1811282794
0
1649222533
0
911680302
0
315014369
0
899309928
0
712052310
0
1684293086
0
1931945295
0
251830425
0
1971168385
0
196824426
0
903311402
0
1392832771
0
1768629897
0
2041520752
0
1493050745
0
357456020
0
1251567481
0
492330802
0
349297323
0
1567300410
0
583576768
0
616923927
0
589393373
0
1739840047
0
1354332377
0
1085085686
0
603994278
0
176630977
0
814430285
0
69034017
0
613554339
0
1938786326
0
1412405151
0
9138919
0
1126472696
0
410769720
0
1794242582
0
869704500
0
1349830018
0
575865618
0
2012128344
0
1416088299
0
1782265239
0
1429963517
0
907336642
0
325564747
0
2125853920
0
1541398301
0
1186011146
0
346119368
0
1842501900
0
215243560
0
1236051372
0
1706091773
0
1082774067
0
407319391
0
1786621548
0
1632004882
0
1444912290
0
895777754
0
1476346008
0
921299018
0
915500656
0
99194637
0
716953987
0
314916192
0
1396732736
0
743348595
0
1547461566
0
12090945
0
1349049797
0
347593153
0
842602631
0
1115250899
0
784588477
0
1028940359
0
1862288069
0
2048904305
0
1034374490
0
851930965
0
1130254206
0
1689582527
0
637267008
0
1045655867
0
1479473268
0
1941550310
0
622044005
0
743198439
0
1171273321
0
1755597645
0
2051793382
0
198967748
0
418902257
0
1038838533
0
717174021
0
1865543983
0
936476081
0
445844504
0
738134345
0
1958391343
0
201444232
0
1238979552
0
1527889152
0
1771010485
0
1249873975
0
2094346518
0
277470049
0
1252115906
0
1119775189
0
1662402862
0
1242654164
0
1010067273
0
342427776
0
2074940919
0
545082000
0
27935898
0
1367202640
0
499747580
0
449033643
0
650902343
0
433980983
0
1063916069
0
1288526761
0
1044175779
0
225954369
0
863991887
0
1974707442
0
1695696956
0
323260155
0
2047281822
0
1682590120
0
1227483144
0
1581288126
0
1599402057
0
1097562500
0
1995893417
0
1286093379
0
948513798
0
900291305
0
26186373
0
2027707023
0
1253941318
0
1734703615
0
925665633
0
1290754963
0
1986344794
0
1863660143
0
1487031906
0
130560356
0
1747099705
0
960836504
0
1849580935
0
1080984220
0
390131920
0
679605149
0
1805704497
0
236581675
0
1235981128
0
525500865
0
1640281591
0
965123398
0
884964395
0
124847643
0
222812782
0
1750430353
0
1104462618
0
2002059705
0
1843680739
0
700637810
0
966836169
0
1754219181
0
358785404
0
2119687899
0
988298410
0
1692850972
0
1882930948
0
1101420844
0
271087968
0
1362662889
0
1509563815
0
867233047
0
614308740
0
1733102051
0
1925466896
0
891044429
0
1380247672
0
704268410
0
1856788253
0
1955293614
0
1825004104
0
335045827
0
413091955
0
21856934
0
129786101
0
1619097802
0
1411467077
0
1422798377
0
741912894
0
1039954976
0
153878699
0
668983105
0
1522153690
0
2011864766
0
1281100147
0
779125807
0
1559642490
0
725934148
0
920626829
0
355438368
0
1700628669
0
1606181960
0
1230758930
0
802848606
0
836766941
0
1819056831
0
1310959925
0
121241255
0
1887275429
0
1104669013
0
1175973176
0
1289165691
0
1045254054
0
1168653118
0
667518764
0
533294620
0
1633419409
0
1596547462
0
365024569
0
1754635351
0
910903653
0
146776508
0
1561543200
0
458912413
0
1327148914
0
1626639856
0
1469233482
0
1640158768
0
1048320884
0
1173257400
0
742275046
0
684192699
0
1599246055
0
623120533
0
1656535359
0
1411779005
0
222921332
0
1427346556
0
2021229702
0
1911273268
0
709423450
0
450716006
0
1009089873
0
1095135152
0
2001644874
0
1314067063
0
803302093
0
2016072009
0
1125272897
0
1720584397
0
1994653524
0
1922048198
0
1415045612
0
1437694006
0
1984646445
0
1236795911
0
1334656864
0
1111220333
0
1762342419
0
1594576709
0
1602317250
0
701087370
0
2080140148
0
2029177923
0
205553854
0
1589919802
0
643092593
0
172015200
0
546477538
0
2007906594
0
1328096400
0
371167882
0
1926081886
0
489763124
0
144006117
0
96738250
0
234646971
0
931665705
0
1202233658
0
267455383
0
439348910
0
1088351984
0
1813573589
0
1495908452
0
1142297335
0
87505165
0
1820493607
0
1836534040
0
845151949
0
1011965585
0
35102855
0
1563164707
0
1941776798
0
133660527
0
164582527
0
179593953
0
1221044036
0
733382320
0
1548002107
0
507028944
0
420350512
0
1757340201
0
1274161016
0
117268028
0
1681242297
0
49458453
0
172048182
0
1100806012
0
675024779
0
2132837199
0
797767869
0
1344166062
0
2018521241
0
1487325828
0
775540116
0
1424475969
0
1019914227
0
483942835
0
1106656656
0
222550725
0
1641005648
0
249447515
0
576305661
0
817996457
0
2023628352
0
1423194525
0
957521389
0
1967017952
0
1307457346
0
1382938118
0
825437745
0
387820595
0
487871520
0
564072394
0
1371908100
0
127518861
0
20817121
0
1981001833
0
111344143
0
902754864
0
629033193
0
98880570
0
1880880859
0
1005313373
0
2048009062
0
1020410918
0
241893884
0
323964617
0
1002272774
0
336785550
0
1735329005
0
699177128
0
39473912
0
2013075708
0
158565871
0
2136871617
0
2032238138
0
98979831
0
1401676839
0
87025483
0
200929174
0
1172334334
0
260690313
0
555450711
0
348686268
0
2034717260
0
963393992
0
1883608811
0
1756846050
0
1558899747
0
1127554429
0
1411587075
0
1292121116
0
1324958148
0
1313657693
0
365471444
0
675328888
0
801546221
0
422418716
0
10422830
0
1230328403
0
9432258
0
1761653975
0
761316636
0
741132426
0
807531182
0
79926834
0
1153019663
0
2056529160
0
336293655
0
2057984328
0
1170982114
0
1156248890
0
495572527
0
1145878223
0
141947665
0
2007557485
0
1903072378
0
316018628
0
598021765
0
728336395
0
493002865
0
907241929
0
881207003
0
1398869709
0
152231807
0
906956672
0
381859898
0
1238168450
0
780599720
0
561894517
0
1275551360
0
2009943166
0
1197023652
0
749714068
0
1157783927
0
525135622
0
1944093431
0
414605712
0
1841250716
0
661430542
0
1287762522
0
1084512788
0
1712715827
0
744100001
0
1291440326
0
620338853
0
1996186
0
1337643397
0
1913756583
0
1644309362
0
2087877538
0
1074989186
0
563326891
0
1727141061
0
523355728
0
2094186031
0
1875132334
0
1026617813
0
1481963093
0
838366145
0
779591048
0
789013389
0
236508698
0
9456689
0
24782145
0
2049167144
0
1156942269
0
1411775145
0
158046312
0
1994578092
0
654262574
0
1074808578
0
1822815529
0
58887801
0
1884793787
0
197901212
0
1820984528
0
1497508699
0
120361253
0
2129467344
0
2142673353
0
757767328
0
1217454986
0
541761086
0
47909122
0
2049729476
0
2018121605
0
1213094517
0
269802601
0
1234336190
0
796315310
0
553327066
0
1163806752
0
819023988
0
2113472693
0
1756029871
0
726281176
0
310675484
0
990113731
0
2138179961
0
399255629
0
1550443375
0
735230927
0
405285251
0
1958568920
0
1038497224
0
1423244599
0
1799115107
0
1157853589
0
1695944856
0
194748161
0
367263899
0
736349015
0
2017121091
0
1577324895
0
1561371697
0
1871428786
0
1058112340
0
382017573
0
1740728528
0
1254647015
0
710451212
0
544442764
0
21714681
0
2033907224
0
234020822
0
1145397697
0
655681771
0
1304932440
0
1896515916
0
1790711438
0
1651309408
0
1626050075
0
146718803
0
591695265
0
1773033245
0
886662943
0
755056468
0
753187553
0
1554587853
0
1671995969
0
1412729988
0
1173707084
0
1857663093
0
1626343965
0
791160739
0
1967281796
0
1446916160
0
215082492
0
676465143
0
571231183
0
1430590591
0
709151125
0
168717025
0
948625135
0
624048617
0
74973971
0
1662113455
0
673558009
0
1103153926
0
1481709731
0
875078305
0
1473057479
0
1485566937
0
1278630137
0
67857030
0
159286653
0
1366152809
0
35107139
0
1635165895
0
884966606
0
162007920
0
2005330691
0
984567619
0
1266472398
0
1891167769
0
2098717983
0
734238306
0
902173280
0
1591769140
0
1660145301
0
1954532083
0
1910854469
0
113119598
0
678055991
0
1538809755
0
629991464
0
1172155738
0
1553994635
0
291715631
0
159444116
0
1865149803
0
753943762
0
1379290634
0
1799199920
0
435822033
0
1941672361
0
525871515
0
1427345200
0
1998439410
0
1126924790
0
1566662637
0
601944192
0
80573927
0
1291293479
0
299764971
0
153231735
0
532877392
0
1063519354
0
1063388697
0
1014920145
0
300268894
0
32731008
0
354237824
0
850438484
0
1815929803
0
294607857
0
1524446264
0
1888450338
0
1524011753
0
1028074902
0
201454152
0
1405704992
0
1216199897
0
922316733
0
840367485
0
56374076
0
438807005
0
570489237
0
1845606051
0
847101889
0
1572352460
0
1741518885
0
1653275232
0
305915691
0
449167719
0
756834028
0
563867415
0
74309694
0
1235028151
0
1688685602
0
595034062
0
2053619602
0
827476230
0
288899638
0
75689999
0
811494169
0
113856286
0
174669325
0
57199826
0
1432285373
0
1276064788
0
2049192974
0
1591067079
0
598024309
0
771093403
0
1850498223
0
1465458107
0
464456906
0
24162297
0
221316396
0
222990968
0
450235161
0
1517462546
0
477218850
0
1913274052
0
2124345433
0
1958061056
0
1092761564
0
763457004
0
207075403
0
1392790081
0
1051139067
0
1293818847
0
1941435654
0
842504260
0
1609413149
0
1850261278
0
1778090786
0
2136892297
0
232323251
0
531609311
0
1225718457
0
1986964775
0
1546262575
0
1335485678
0
8711702
0
388687518
0
25860852
0
851642870
0
583208835
0
875524937
0
389666915
0
1454200702
0
239812007
0
1841079877
0
2085106763
0
1751213995
0
1390231830
0
1004287450
0
1985190377
0
1788726447
0
501820376
0
926777663
0
653290350
0
1914508986
0
1405044701
0
856107295
0
454872165
0
2142177482
0
1013598019
0
1701617329
0
1042721404
0
1552077508
0
282816847
0
921436718
0
1082340909
0
1717167473
0
400986678
0
579412860
0
1501082522
0
56062298
0
1641205100
0
1454153632
0
1596190164
0
802368024
0
1349559855
0
330203371
0
630312549
0
126180392
0
1147488755
0
1440355225
0
1614597591
0
938348445
0
1849895194
0
2067767939
0
247891372
0
192014024
0
1659263574
0
20248276
0
1010358506
0
942213513
0
238100013
0
984884130
0
143621834
0
80544810
0
801924060
0
330307848
0
238773841
0
1572493091
0
1957620455
0
130031498
0
1448517887
0
1365504417
0
2022484677
0
1528801623
0
2074525053
0
2145556726
0
1973977105
0
158341232
0
508847591
0
921579583
0
1335989317
0
2030921434
0
1591455820
0
689143355
0
1053059214
0
1353474771
0
1703687173
0
1470851160
0
911185503
0
588862164
0
1401744972
0
1232136814
0
338624877
0
436643189
0
710455724
0
620275948
0
1092235498
0
511800330
0
1156140075
0
814202469
0
535097799
0
1874677804
0
1977266691
0
1759321959
0
221829370
0
254610398
0
1449534362
0
1269530566
0
1750189817
0
1356741360
0
770673674
0
1238563861
0
983821456
0
1610612739
0
536933938
0
522411272
0
1253099568
0
472313247
0
1069183017
0
1763292270
0
378853290
0
98231675
0
1712320829
0
547819556
0
940883003
0
1498538560
0
249365904
0
1352153231
0
967400863
0
507613004
0
1646712344
0
1672606719
0
940187003
0
538284795
0
1751428401
0
698786178
0
2058711850
0
513542486
0
371784909
0
1559036440
0
1277470033
0
2044825572
0
1202585663
0
1888636124
0
351549761
0
769320230
0
2113550670
0
919105663
0
559005170
0
2106420212
0
1336582289
0
1259583603
0
2075307142
0
257741020
0
378807141
0
1470089079
0
987792018
0
1771855216
0
414882363
0
48473132
0
791627311
0
1219022812
0
1122408904
0
830094280
0
1340793048
0
1162849765
0
1914812655
0
66358643
0
745700108
0
267151264
0
1770471818
0
786432294
0
1953201620
0
1024599298
0
1916519840
0
841729527
0
1473377500
0
421708943
0
966169901
0
1293671140
0
1606407752
0
730677780
0
1189954914
0
57035087
0
811000647
0
409166620
0
620744646
0
379708196
0
1581734935
0
518986332
0
1672191457
0
403329510
0
1300684638
0
1370668053
0
760885402
0
2083317176
0
1738396344
0
712336173
0
12727586
0
1311656849
0
1097024688
0
1546821721
0
2143117912
0
1787019500
0
1877933205
0
856216476
0
142393585
0
912200337
0
465308026
0
1444034255
0
1171029038
0
1944900558
0
1095087319
0
1197715643
0
1642588570
0
1083813805
0
702326781
0
1436084355
0
701045852
0
1382347122
0
1629986208
0
1876796724
0
1082733132
0
1866808493
0
714259181
0
120468337
0
1781744485
0
1267585627
0
1273854749
0
1412289500
0
212876209
0
102688761
0
1460637586
0
1050339045
0
732750975
0
1674404927
0
1097897801
0
1188846383
0
753307393
0
1421255086
0
573624821
0
858275164
0
383024449
0
1483424284
0
1774283165
0
419231913
0
136915984
0
1191957151
0
1496377641
0
438022270
0
266349974
0
1188092670
0
970554884
0
1977636423
0
1530956742
0
1788388087
0
1257454797
0
656203052
0
1476167619
0
70598742
0
1142083650
0
791068664
0
419777271
0
712813302
0
1589383748
0
223567603
0
1551805018
0
2145528358
0
1497196129
0
1309448204
0
483550172
0
949620556
0
174220188
0
1098488855
0
385272726
0
615510177
0
450817240
0
563046064
0
1302248966
0
1892524985
0
1287127178
0
1143704415
0
113978608
0
83051532
0
2130211421
0
1763473610
0
1279151023
0
232453444
0
572279415
0
1868356639
0
964145239
0
1624915258
0
401202307
0
2056005816
0
130385635
0
958047505
0
72031329
0
1597253242
0
1489650794
0
1196538032
0
1177833316
0
340283966
0
403664601
0
490108134
0
1647621893
0
1927011233
0
1076912624
0
678294652
0
1255017888
0
501262782
0
145229893
0
1337388659
0
1927342311
0
198889629
0
1253439871
0
1896818474
0
433352803
0
1243513044
0
412877904
0
719269071
0
569827334
0
1458420565
0
296089097
0
649843180
0
1959981265
0
1153459522
0
859304785
0
507995420
0
1631527115
0
2005016909
0
5800839
0
857936958
0
1141247148
0
1764365079
0
1229684977
0
2080273358
0
2120554746
0
525010410
0
1987138994
0
179394014
0
8152910
0
1734488609
0
1607027085
0
402389276
0
530557329
0
724926159
0
1159224882
0
1120946190
0
2016063846
0
988077356
0
125080041
0
1981242321
0
2005742312
0
1460230825
0
656357859
0
1930525221
0
6966824
0
1127294030
0
1330028376
0
629633809
0
1603499094
0
1236986655
0
245523978
0
1205412359
0
4791915
0
1080820466
0
1932885736
0
1025436783
0
959744706
0
679601125
0
1738073129
0
1722512609
0
42374256
0
1367033435
0
1950886439
0
768057877
0
224536622
0
658238175
0
1320741528
0
1311885704
0
648423379
0
1719705975
0
115916852
0
446863735
0
688480586
0
651318866
0
992032103
0
20519813
0
1279113571
0
1750481327
0
1961182636
0
2017549096
0
180870342
0
1198477489
0
1562032410
0
91130295
0
471027754
0
938738636
0
1965384390
0
1769468223
0
1098880305
0
521921935
0
1618747197
0
1961299783
0
1838955078
0
733348322
0
976597721
0
460382826
0
270576441
0
1355363188
0
1230056987
0
1890194487
0
773152938
0
2105364616
0
775049493
0
1768509796
0
22983245
0
1879825902
0
454520250
0
522509371
0
754365814
0
2030267657
0
1340844016
0
2019468941
0
235450552
0
1552549690
0
1776328780
0
440144866
0
1581082594
0
292509380
0
615081677
0
1838952328
0
687129072
0
1558743185
0
643700542
0
1799879455
0
1119348543
0
934214481
0
1089838950
0
1035207387
0
1965528962
0
2051806180
0
414063734
0
1322161058
0
1547606297
0
297101215
0
480641230
0
1451156243
0
611197122
0
975745853
0
1175422879
0
630258600
0
1366943196
0
434239566
0
1114953256
0
77069870
0
380665949
0
498820430
0
2046292769
0
91961878
0
1562541353
0
55000708
0
978931146
0
1023551155
0
1480249615
0
2104712457
0
551631415
0
582287806
0
428176063
0
137389744
0
564506883
0
84430135
0
1678071925
0
452107424
0
772332082
0
1194139706
0
1671357527
0
1419853529
0
639976439
0
1485906097
0
536441316
0
832847906
0
376344996
0
891007357
0
757178568
0
2059583901
0
137718114
0
1788454179
0
220779394
0
1935016589
0
331461155
0
295051767
0
395307046
0
1758601951
0
1005556796
0
1844252129
0
1714054952
0
1775937406
0
304772989
0
571128028
0
1844348153
0
1180446673
0
1313302125
0
831891009
0
1473646293
0
644345600
0
1903951026
0
51070035
0
1488103092
0
954114282
0
538345425
0
622953164
0
991048223
0
664317829
0
422271250
0
1826929062
0
475560228
0
1954101509
0
1116648192
0
646571811
0
665173657
0
1921270564
0
1230252856
0
887197476
0
1149018011
0
1372757053
0
1510970050
0
879504575
0
703449724
0
982034533
0
1642568936
0
753825167
0
1533548116
0
244454318
0
407505915
0
626563122
0
1534070213
0
429404009
0
1448125343
0
1210468350
0
1228970419
0
808115287
0
1307044981
0
894770504
0
1727364434
0
2130102092
0
2073464754
0
1504980609
0
1146701097
0
1087089101
0
2063135478
0
1847014284
0
892953803
0
1258841785
0
344990251
0
45301657
0
1175738161
0
1634235880
0
286590030
0
2060297636
0
1396044024
0
2053067893
0
144837655
0
1187495534
0
1671908367
0
2087886821
0
1231008567
0
703530371
0
189985015
0
1917447663
0
1403265159
0
1012115959
0
414955026
0
1269720173
0
641947372
0
251638676
0
895926589
0
1830332206
0
1837626614
0
2028173991
0
512337906
0
1601245319
0
2012495876
0
1150747682
0
378566492
0
1720468630
0
48957555
0
343390084
0
1068582299
0
256959432
0
127559507
0
703954443
0
874912178
0
828444637
0
1532530558
0
322226188
0
1849267629
0
110217572
0
1295828890
0
1364490003
0
5614108
0
2014516335
0
748863743
0
1898757181
0
804946647
0
1738803676
0
1115914156
0
1194530641
0
1799351131
0
829741663
0
1856810070
0
174488286
0
1309444647
0
423767673
0
1207506659
0
843953663
0
199725606
0
271319781
0
963776686
0
1873095928
0
1160480523
0
749668007
0
383636700
0
1036108606
0
2079931166
0
664301096
0
141039719
0
1780094592
0
1455121387
0
681379273
0
1558635507
0
981440043
0
240910094
0
969275263
0
1945882746
0
422851859
0
847806290
0
526318185
0
344593302
0
1963714402
0
1619267318
0
2113038842
0
906747055
0
1153794273
0
43013901
0
1380128715
0
852441758
0
1125217569
0
790686701
0
442576071
0
1640155736
0
997362060
0
1554277585
0
752288987
0
1484774620
0
847060200
0
871685437
0
283699825
0
729262435
0
1024571616
0
1451268466
0
349845436
0
42017366
0
1811234146
0
831595597
0
803624103
0
985643138
0
15367408
0
581988616
0
1842140674
0
586569119
0
1517243303
0
1087369043
0
325669731
0
1742836361
0
173774247
0
46009409
0
186024143
0
1919065016
0
668829619
0
1089998135
0
1563146035
0
1627956494
0
2123131878
0
889194994
0
361564685
0
1586423432
0
2009144119
0
652342605
0
1018144300
0
801550804
0
499445197
0
1809333503
0
1099743401
0
2143074525
0
1057814191
0
1813478271
0
2041382473
0
1316479239
0
542554832
0
503496262
0
1176106254
0
1378323990
0
585199741
0
2124427374
0
1187759796
0
1818392507
0
883084692
0
744934027
0
276529779
0
481383545
0
1042342566
0
1627398183
0
1329533489
0
902002588
0
870432343
0
697785437
0
271643392
0
2107739469
0
2034498218
0
1576922392
0
1238954717
0
1110487307
0
179792672
0
265946975
0
857339418
0
1835810603
0
1571248172
0
361619645
0
362652505
0
542061349
0
799462069
0
1901298051
0
559675797
0
492746319
0
890440601
0
1969128711
0
275761860
0
459870794
0
254789205
0
159776317
0
1006001069
0
721213852
0
1043506896
0
1868939670
0
25729021
0
783442900
0
1102580543
0
434796238
0
1881004972
0
943796917
0
1080567277
0
1972505507
0
1194997410
0
1054403126
0
318283638
0
11339189
0
1599188587
0
1804739504
0
1197813500
0
1139787522
0
854751014
0
1282177515
0
1706580607
0
708672517
0
714686957
0
867648628
0
1156527666
0
885993465
0
240557957
0
1493359645
0
1254171026
0
1300438677
0
1531768820
0
404597504
0
1137023326
0
1641549076
0
792907323
0
1257348026
0
1009186502
0
571695108
0
637843478
0
2144452569
0
596279582
0
1512237772
0
711271759
0
1450474311
0
2034867880
0
1347380685
0
212115180
0
196976240
0
1307365653
0
1989337514
0
622697655
0
991675754
0
473813111
0
507593501
0
1318925423
0
853380027
0
1862319123
0
423345236
0
550058941
0
2071004699
0
961025517
0
731355132
0
1836791743
0
881398976
0
330392626
0
1663637687
0
521521469
0
1330566076
0
1076823121
0
1321501378
0
1197782772
0
623342026
0
1084200916
0
766050417
0
844894754
0
984256514
0
332697957
0
1754630158
0
823624902
0
2131622999
0
1865544939
0
952543573
0
2056726673
0
1508410999
0
819207358
0
900404989
0
1936873361
0
1473457101
0
1759562950
0
2124681460
0
1163215904
0
1626059887
0
311629087
0
1984933823
0
1771790663
0
1477423739
0
1854854759
0
1671314661
0
699404667
0
1716238238
0
1963203209
0
1617581155
0
1690984712
0
581470186
0
1718822252
0
295569920
0
513969929
0
1113368469
0
1358842172
0
1719282606
0
1590288657
0
399987637
0
968399949
0
119382230
0
707413312
0
1026064992
0
780635134
0
1157097615
0
1875191720
0
2024718315
0
414849843
0
1649393139
0
1631571697
0
606822936
0
473245749
0
1709358602
0
153794248
0
1397098795
0
453251267
0
669548560
0
288337640
0
1367607848
0
867627495
0
801345335
0
1341095008
0
1942924191
0
90541855
0
1318534909
0
732462170
0
1115426586
0
1589876239
0
2058412899
0
1931523970
0
1760555738
0
1630600200
0
1458742033
0
1404034479
0
1057175317
0
1813341188
0
1884912139
0
39559629
0
1306237680
0
211364479
0
464846415
0
128189119
0
548425092
0
380708320
0
1210949827
0
731219770
0
1709246256
0
413078673
0
1946110007
0
2094943839
0
1726709508
0
1860179045
0
962276289
0
278243666
0
1369394943
0
838562102
0
1925556700
0
252896610
0
563186857
0
1521073270
0
1033115002
0
1158552619
0
559640184
0
2041682275
0
2060284159
0
1169536085
0
475159604
0
1663264882
0
698238775
0
1448444217
0
127332727
0
1187430277
0
575133968
0
452705029
0
78861082
0
420794975
0
637495254
0
586819095
0
1423622641
0
1710416060
0
746621678
0
723592725
0
223036114
0
1209003983
0
239674367
0
1675248044
0
235779691
0
641937922
0
92812526
0
826996760
0
820381936
0
1314184612
0
631464489
0
159483149
0
373693787
0
1429294281
0
396905425
0
705270393
0
1517247358
0
1155521428
0
1154020575
0
1698987968
0
1948207664
0
843043039
0
2074737214
0
1416379359
0
231659718
0
117028415
0
1949033900
0
1844689609
0
476846724
0
2101403311
0
769389415
0
1128859318
0
1868020028
0
1749175103
0
1482312338
0
265675919
0
596668520
0
1606667797
0
806286801
0
640451837
0
885985695
0
109967567
0
1388962149
0
1139595353
0
1919933925
0
240197653
0
1880181258
0
2132021248
0
2116464941
0
507134479
0
46593610
0
1414755762
0
861152350
0
1495249317
0
801633625
0
1891417744
0
2005080514
0
1074810074
0
1847958801
0
1735065493
0
565298238
0
499831738
0
1863477149
0
558935395
0
933711787
0
1230995480
0
483577162
0
1403241486
0
614243848
0
642462207
0
314535933
0
1448170664
0
1972178397
0
2139710581
0
354582205
0
195999010
0
2062930219
0
544709918
0
216804665
0
1703739343
0
200188703
0
1612140119
0
437805834
0
923677416
0
87046549
0
554985436
0
1118743931
0
1509918832
0
391552825
0
938435367
0
1163309601
0
1053341719
0
1806569012
0
1881583398
0
2075468111
0
815663356
0
1465905491
0
1541188853
0
1960785904
0
1792125313
0
1791986416
0
1605028184
0
1166598521
0
495645337
0
222112246
0
713940036
0
1199049263
0
434419793
0
1996544798
0
1496435611
0
1412324060
0
793726129
0
2134118586
0
859202708
0
939870928
0
1668463211
0
19724751
0
801408419
0
253864149
0
1792229301
0
1392229085
0
212413883
0
922310267
0
731693423
0
1079997639
0
988534229
0
1361293611
0
2118428586
0
1297861289
0
1163281644
0
583468420
0
943402738
0
898051765
0
1040943239
0
1731229411
0
516777474
0
1055137050
0
1915926071
0
1599672179
0
1342535660
0
386158591
0
471857703
0
2002789597
0
1226073701
0
1515099742
0
1567761315
0
1887556162
0
1527981250
0
1171417924
0
2038456619
0
1533774942
0
1909235253
0
816243697
0
482278443
0
1050507723
0
1420238474
0
667296113
0
1086166557
0
1590323999
0
993980631
0
557175204
0
1414952708
0
2023740125
0
1154279689
0
1758949672
0
407252702
0
665779525
0
1366675805
0
235166323
0
1070480181
0
2089891148
0
557994104
0
145819479
0
509142326
0
1580223434
0
884992789
0
602065601
0
2121094990
0
1014956730
0
915152989
0
698406309
0
2116704508
0
238569754
0
289886529
0
1629981507
0
1797787017
0
311481429
0
1650729464
0
468865855
0
1110924142
0
1079227576
0
930987270
0
537194848
0
612558348
0
231551118
0
439271862
0
1940889895
0
259867335
0
1756044994
0
980453437
0
838892228
0
1031533441
0
347060656
0
482860140
0
89670967
0
1713905822
0
1416993143
0
1957592818
0
1813020086
0
783118119
0
2086437217
0
489834256
0
1339521641
0
1269148786
0
1776064298
0
289963186
0
770872059
0
277853262
0
1250325856
0
1099175897
0
1194969385
0
583386951
0
1721636902
0
356752236
0
160488028
0
82825964
0
486573692
0
226313668
0
460279239
0
677073379
0
56435400
0
1469479473
0
1479562211
0
1288931664
0
1406929559
0
322660996
0
567151097
0
1576061893
0
1808933553
0
820234692
0
986938351
0
309175829
0
1555215910
0
1490331733
0
1903661570
0
1628633984
0
624804426
0
2040437599
0
468367450
0
1324165895
0
883163404
0
2067846611
0
1570131676
0
924024196
0
1620410715
0
2002759398
0
718519108
0
850101075
0
440064034
0
222539170
0
1446800763
0
423088760
0
534434103
0
1457357367
0
1754273134
0
1265573475
0
1815354437
0
1361849730
0
727702384
0
574598223
0
38373402
0
696673314
0
907544954
0
1679180884
0
1910512161
0
802399983
0
1886694768
0
2082917821
0
1468887800
0
125248688
0
520725156
0
831835367
0
538471199
0
589353135
0
1063559981
0
1746206686
0
984251700
0
251789059
0
1275930023
0
1931681266
0
109262316
0
273226827
0
803244103
0
1041434079
0
1390842703
0
533811726
0
1734485363
0
1552471563
0
463248291
0
1185806462
0
1200962674
0
380863765
0
1676030295
0
498170366
0
1858085356
0
133383618
0
1953023905
0
185226940
0
1405376077
0
2130576433
0
1455779353
0
1002395600
0
253638485
0
146978100
0
654732650
0
385441322
0
1301619502
0
2050541772
0
637994948
0
395241565
0
658062784
0
520428638
0
143224635
0
1994755805
0
1493601318
0
1021001843
0
1583635771
0
254082279
0
1163372917
0
2117493731
0
618138833
0
1680965692
0
1843009159
0
150810985
0
649521435
0
847380344
0
1957378351
0
355956864
0
1825056353
0
1213194770
0
1954754772
0
1358621198
0
152856235
0
664299833
0
119812478
0
1496140507
0
747478426
0
90570832
0
1805551348
0
1957573726
0
1492140842
0
97101828
0
2050335123
0
1459812499
0
68003718
0
477188222
0
1398509256
0
536549177
0
498184086
0
2088677396
0
1633300710
0
1749057016
0
1645107776
0
474436107
0
240869038
0
279247071
0
1053753602
0
139152005
0
118056452
0
2047382583
0
1228596600
0
967790295
0
610345687
0
1698063337
0
1440319976
0
1022167648
0
1849967583
0
1136926215
0
9404499
0
1295108462
0
2141158489
0
1067251844
0
1518322364
0
2043278094
0
963926681
0
99094599
0
1183098968
0
793267603
0
870123045
0
1941864892
0
1614256385
0
1646150144
0
813645907
0
1918378500
0
2015457089
0
1527730692
0
1255256912
0
223571856
0
1623285189
0
921920035
0
615515140
0
534230381
0
180885360
0
1450885015
0
347635420
0
1552984100
0
487523062
0
1149989729
0
524552303
0
730185586
0
1507584944
0
1968086502
0
2086708020
0
746252983
0
969386801
0
1673018265
0
1414589684
0
217363051
0
351114610
0
2045671961
0
395460057
0
35290534
0
422518366
0
1685240380
0
673246377
0
160522196
0
657087540
0
1309371906
0
1348693333
0
798953646
0
1946167278
0
910013889
0
224898489
0
297685903
0
1717557858
0
519736432
0
1394220275
0
1466089508
0
338995278
0
219521855
0
126911439
0
549293802
0
2096215408
0
1623133221
0
515277506
0
1614978638
0
900154433
0
2020745963
0
223522836
0
799406049
0
959769911
0
1103221560
0
470950722
0
1791545459
0
636314826
0
74718522
0
1663749406
0
251699055
0
1910716442
0
2088267103
0
1179957200
0
1676664002
0
411465680
0
606340420
0
953533925
0
1521703561
0
888997604
0
1338998249
0
1062434030
0
2217405
0
760703836
0
1179221061
0
41794064
0
205681079
0
1580706730
0
417814073
0
2077082868
0
37596844
0
529964890
0
1505222121
0
910825987
0
988927693
0
1531792118
0
796166990
0
207996473
0
1840828042
0
2147483212
0
2140172602
0
1677318211
0
669338108
0
1046238170
0
528821554
0
1616526792
0
1150174947
0
1490027582
0
1086763007
0
877440914
0
379237649
0
115702447
0
1138326194
0
2064015082
0
1598133183
0
1246433652
0
107412679
0
1398632473
0
459973649
0
1983473190
0
845251949
0
545181938
0
1707593864
0
558613740
0
1970107143
0
1687882955
0
2137331462
0
1170918465
0
86500147
0
2109025257
0
22417017
0
953166494
0
1788741685
0
757925442
0
1727393337
0
468391166
0
1722760707
0
2064673695
0
1930023639
0
166812738
0
1155528231
0
1268358596
0
1380242850
0
623225056
0
1265769773
0
819567629
0
513028745
0
327274510
0
797069603
0
345827635
0
1234312663
0
400897021
0
1220031308
0
892332000
0
1545616999
0
1222708081
0
783699224
0
1115650717
0
1061878662
0
1405565664
0
1021997848
0
1143622630
0
886901760
0
473886493
0
1740924775
0
258003050
0
487778057
0
1140723400
0
1551667031
0
1973864496
0
413205416
0
1928795961
0
1008065062
0
1051005851
0
1202341182
0
2074611251
0
1446802865
0
458417074
0
1591920929
0
2063779377
0
1931606542
0
1000859695
0
209486914
0
1120866165
0
671083671
0
319144453
0
1594155012
0
957306712
0
506425260
0
1011651759
0
1203080214
0
1610620193
0
662213316
0
1558943258
0
1858843806
0
2143234533
0
1599585000
0
2024801854
0
1818889816
0
651422467
0
585770463
0
979133793
0
134471990
0
917939286
0
283059754
0
709007373
0
2047644455
0
1334912010
0
1104491861
0
346063159
0
897797237
0
1058058437
0
1623553499
0
1136438911
0
409220759
0
1530658819
0
1076163520
0
973005606
0
217248137
0
567238659
0
900232780
0
1190040345
0
1492873904
0
1680256627
0
663171939
0
490650843
0
31513821
0
1371812385
0
666320503
0
1868958463
0
341582972
0
761221973
0
1297615032
0
1319407539
0
366369051
0
729024208
0
1315657721
0
1767687335
0
1232266747
0
374925161
0
650160629
0
852895667
0
164131544
0
1189857260
0
563247956
0
400480516
0
662282714
