5000
7677
9637
20349
8925
16311
800
29978
31992
916
11392
24863
20258
15211
28654
2218
9206
27225
7648
22407
316
410
29168
22228
4089
4385
1748
16270
32614
10600
16392
19572
29042
5050
1299
7679
23511
1843
32451
16073
2153
3830
7075
17967
12499
958
1920
10384
22832
28517
20179
1754
17289
25934
23957
30947
4973
15251
8248
8890
21514
21887
3599
27352
12559
20862
15970
30230
22212
27616
19997
21499
4256
21222
32446
2871
13540
28888
7925
20372
32746
2027
8557
32089
24282
12384
25079
8395
31334
20513
15396
31538
19685
16660
28837
26378
29196
30677
32248
24669
704
30544
23269
29099
7642
25203
7626
16411
7950
20803
7224
31654
31815
21176
13297
452
17453
26442
22256
6090
6961
15248
25879
30580
28560
1110
30121
25934
25502
15061
22079
27278
5712
16397
3289
27127
28530
11778
32220
3943
1756
7194
25697
9386
9349
1235
6854
12194
11246
29268
32685
24952
13021
12045
2878
30264
21537
21385
13895
20353
1463
7533
27839
7774
3842
10999
19693
22082
9481
21970
30143
29659
12569
22455
20337
9588
25810
8741
11936
3377
26990
26690
26677
27549
15980
11310
31121
17902
30823
25042
6282
32126
6486
12955
24022
4294
2274
8894
20704
16066
11046
17745
16591
24435
2558
19283
9756
32203
22924
5055
15518
9917
5645
3913
26419
27093
16972
30606
9321
20536
2492
27727
26297
30543
25694
28282
1112
3937
11281
4120
3664
2524
19231
27569
17667
12412
29815
19004
5434
26178
31741
12033
207
31429
17014
24019
16749
16697
27441
22485
28189
12572
9631
25103
21460
9081
23329
540
19871
32726
23543
21537
15540
26521
4307
28402
32680
32397
4505
15375
27848
28985
1477
10146
26254
1838
18610
1503
28245
6118
20753
17036
5862
16414
29960
3487
16950
20781
1732
10763
4451
16951
8025
6866
23689
17134
13447
2233
6391
29312
12453
12007
16458
9614
25638
3637
2777
2220
13832
15967
26248
30087
10922
21968
16800
20368
427
20960
28664
3839
28947
10403
26041
23337
27825
20786
8490
18607
25065
2366
8638
12001
16586
4223
23219
4133
21747
10846
27826
5743
7545
23543
14795
7021
6221
24930
28945
11186
4545
3448
2864
27490
7585
2269
13098
28372
16261
7214
28095
15367
26405
9309
12981
7783
23462
26491
17455
1074
25731
28489
9482
4388
8924
9708
1897
27309
6360
26356
12044
13335
17388
8554
15305
8935
27157
9967
1184
3283
24882
19235
21940
3564
132
9420
11232
30701
6096
12196
20026
19442
4160
19224
2721
12560
28841
5050
27085
3869
11882
10040
13182
10704
9045
818
12165
17505
17609
30097
886
2988
6677
25641
18803
15414
1198
378
22133
18263
8607
10874
11734
20818
29897
23730
17280
30172
29447
26052
6705
22976
27805
21822
828
12472
4491
9907
11683
5114
32237
25198
21255
24528
24384
29827
23996
22241
30169
4281
11678
30063
31692
15319
1118
8851
13440
21122
22924
5545
27600
8664
21386
7786
7775
23891
27145
2277
15813
16357
22306
26901
28502
3188
1350
14076
24417
27114
2615
30848
17513
20034
21333
28386
16385
4053
17991
18177
4622
13828
17338
29979
23298
20042
25390
23111
379
12517
32755
25477
16838
12704
31356
26807
18273
10849
12691
5414
19287
25239
21754
1449
26910
11952
10705
19710
13713
15905
28701
8561
32542
16991
23495
25647
25908
21569
31407
7319
26098
1244
23887
762
15860
27793
15411
10457
7463
29096
29941
9415
23234
27540
28933
14084
25572
14678
22043
1054
8406
17365
24938
5131
12068
29865
14850
19573
6933
24020
7905
9017
32477
25593
3852
14067
30966
621
5857
31893
15410
26593
28529
4169
32572
26188
32337
31131
27107
12406
375
31284
51
3228
7229
16038
5696
14675
4366
756
21864
7026
10302
288
16519
16586
4357
25097
26834
14909
1107
26304
28628
20782
11439
5416
18116
28948
578
1105
13393
7580
15028
4226
4331
10605
8171
31305
2576
31961
15000
16221
24593
3712
22404
17079
5110
28507
19538
14797
15590
3547
153
13266
14042
2463
32494
29385
7541
23130
27904
17290
498
62
14214
19106
22362
20904
4448
11869
23406
5756
283
30772
14517
26223
7548
7120
32447
22227
11774
31093
10460
24960
5338
26256
8340
18180
20383
19029
7715
6445
10514
22819
3987
20755
20612
6163
28336
31995
24518
17607
19957
1477
16315
2433
29416
28032
9651
4724
29228
13205
22094
4954
882
32590
26502
6028
23176
17062
16319
10597
31594
6612
8262
23832
30966
32462
15036
32561
6618
1790
21199
11246
31826
7159
22288
29198
8309
13915
7887
383
10275
30158
14347
24326
30808
24280
18694
13316
23656
13045
20592
3522
16730
5390
17567
13699
1514
8590
24063
9281
9055
14471
15193
16755
1495
10489
32559
31205
17941
29516
4433
18325
7345
3715
7884
22142
30954
27769
10452
29743
27067
8914
1383
6199
18982
32013
25334
5042
2814
10383
7957
29141
31899
19463
27238
27685
28217
23516
28981
21931
27203
171
22305
9113
467
1485
22678
3136
2593
22012
32323
29649
14127
24798
12230
20217
15556
28320
31277
20316
5628
18423
4948
27369
3125
13919
29761
1025
21324
13804
7165
26677
27219
26343
20129
9539
9063
15837
2512
14949
22547
14552
22206
22478
6086
15446
10024
10440
23186
13318
30649
9170
6187
4628
26496
1136
14008
31505
17024
30084
21740
20853
26395
18704
8601
9461
12727
28255
17136
10044
13368
16896
8256
9643
20682
6714
21666
18988
10386
27512
9214
20191
2068
8689
21291
9178
4199
12174
6274
32507
16016
28780
31348
22436
23474
31412
24288
19907
11789
26700
25159
5165
27981
3656
27577
29080
21047
15444
4411
3610
9957
29831
30312
13438
13024
29163
31126
868
24234
2242
19134
25785
15998
21170
8075
14577
16690
17883
19742
2773
3298
10480
12412
9861
19741
15549
10992
20255
7375
16268
2524
6736
26023
13940
3596
11764
412
31586
26031
30493
12798
8228
30010
18472
7913
21182
13019
24734
19653
10358
18431
23176
14826
11698
22589
2504
30759
23235
14785
18541
27745
70
15469
12182
6744
4705
3417
14939
4086
17836
4037
10564
17350
29355
17904
32010
16348
3014
23480
3700
26561
15969
16332
19425
17876
22623
24162
32108
30262
28844
19038
30396
27394
29927
31518
8523
17961
18680
818
16867
541
1631
11513
8152
8845
22044
13414
3764
6399
25563
15462
25007
12054
12282
10666
17687
25106
2344
4684
9755
17201
19905
15968
32184
29047
27554
31533
17742
10086
1600
22249
29729
10584
18776
9407
26591
721
14173
21761
22812
25335
14871
13210
21182
15328
23805
26321
20510
13
18315
29525
26813
1190
8099
27554
31976
31794
24556
1800
27313
15981
21729
10816
25905
29344
3181
16497
13212
15446
6827
10009
26884
31345
12892
9722
20857
1834
11174
9294
30264
28775
1429
28607
3401
10957
29983
19327
27398
29481
5678
5902
5314
20457
13080
25154
20764
7623
31168
24922
25594
16198
1738
1706
26615
6287
10664
11116
12964
7783
1550
30623
2019
4965
11639
20668
24084
5119
18629
25599
2764
8122
25825
9055
14812
4779
31300
4358
27361
25278
14011
2617
210
13351
27853
298
20819
4993
22045
12665
4386
17765
2743
19416
22721
2503
11474
6519
22498
17516
9282
16065
25034
13891
26063
5653
4311
28315
11850
24778
28235
13027
25131
32766
2388
16629
31821
15426
8585
7175
29707
31790
27216
17720
26538
28144
17080
14729
23621
19539
31436
1379
1585
19699
30851
5158
15433
25267
22462
29795
15440
4721
1711
5159
24679
31831
25184
5369
26071
1987
3431
19274
24483
17030
25738
5338
24847
14889
16501
11127
812
1794
22495
31432
31543
32249
9486
14289
1098
29196
6709
1497
18725
10076
5770
6547
32401
2676
14052
17891
14978
13708
1832
12765
7692
32262
25612
17385
156
29156
24600
27884
31930
16010
14790
23466
8148
27236
31843
25183
29463
25985
7269
5941
26277
29183
10802
17830
10504
20987
8638
9293
19617
22684
26930
20868
22073
19231
23482
15876
26475
10487
30605
1677
4684
8500
25526
22118
27969
20295
9837
19810
19608
2125
30171
6215
21472
5337
4165
30531
30616
6764
11373
32648
17636
17034
23183
70
27752
16570
22227
21309
17166
23759
12243
14706
23063
12234
24411
28259
15158
27613
3191
20068
2866
27041
29051
31560
13325
8476
5598
28729
24470
24924
22084
32207
9378
4993
18432
4936
13450
20331
30345
22169
28895
18067
24350
10182
17230
15640
26623
13232
17794
15660
31841
23355
6175
4058
13164
26719
25223
15656
3986
3290
12436
14523
31331
12992
24635
20014
6762
7951
5666
1598
18517
25938
26067
6323
6226
14592
13008
384
26317
17359
27524
16996
8528
5597
17713
4799
15309
32164
12055
7782
6873
29229
30658
28607
4529
27445
2203
24021
31013
28907
2474
27103
23192
13227
1354
5271
7185
9201
2473
12518
16255
11500
10324
794
30000
20258
21125
13072
27446
21964
16675
28513
20538
32366
31005
25484
108
29660
28070
11644
14049
30840
12143
1174
30442
13172
7067
12843
7002
14547
11700
715
12610
24405
29295
2405
12036
6313
23598
22452
27436
14238
25589
31275
11721
31721
73
10021
30756
1443
25781
17483
1022
25308
29661
20633
24160
27303
6248
12744
9553
21853
29709
11782
26651
28324
24814
9738
26636
31159
26935
10884
14625
15774
13139
2042
9382
27107
14366
7314
9522
193
16571
16603
145
1901
20676
1846
24443
1545
14797
16858
18435
15499
14082
31539
27142
20555
28927
11497
24977
8826
1364
4549
31488
26265
31146
16913
23117
4133
29395
5979
8740
16322
31049
24192
15174
32660
27740
3508
2157
29354
597
4891
15523
2878
30131
21372
153
9893
5913
27615
29747
28722
1344
28868
2133
2056
2124
13617
1011
2127
30175
13226
15054
2072
14823
23795
25094
10767
20800
13157
8804
24183
25201
31855
23242
29274
28118
13157
6878
16207
29697
4381
952
27951
13498
2979
21495
4813
21469
24854
32321
3695
24728
14855
10180
10172
1750
18768
13574
12758
25334
2752
1928
16204
3971
22269
364
11286
17457
22612
8175
29281
30735
21491
32686
14170
28470
29512
8072
32548
19346
22723
4538
11252
13016
3146
12332
7682
29986
16211
24220
31729
7846
4175
5612
4678
1136
15562
2637
15984
11073
7632
17336
29357
16088
26171
17290
13467
17220
5668
26656
12631
16345
13671
30974
4261
8810
20519
13832
16889
9331
1722
26364
12135
462
19852
16223
22032
9557
21516
20546
4752
32038
24457
17440
13203
29850
26111
28254
22341
4954
31796
20777
18361
14312
15205
17714
19683
17229
1562
1495
14734
30933
7222
6789
6506
29812
4838
14261
15364
13370
20811
9359
10615
15971
22864
11936
26029
14653
23534
26814
12119
28230
23505
26537
12415
29952
29762
10890
12561
17550
21451
7821
10313
13833
27016
3495
5686
8986
31025
12099
17658
29469
4107
3873
9967
30729
15054
10948
3498
32177
3459
30652
1021
21716
14923
28374
13923
11880
7515
14253
14203
24974
21734
21166
11411
17458
16571
15075
9905
5292
32555
27169
6132
24750
25414
8732
21703
18599
24478
2326
27777
3371
30443
21064
29375
28800
26068
24817
5543
22240
13431
1763
8645
6531
27784
21570
18781
26431
25285
1421
21938
13790
7440
27736
12194
9669
10827
9554
14390
15635
13942
29640
30873
730
3126
1205
25188
3299
23433
7240
5576
18415
489
24411
26039
100
2577
15745
16777
32626
21433
10239
21389
20959
1579
20385
28563
17208
1644
3892
6061
21574
22606
1408
26526
12866
905
32709
3347
10264
19504
2441
27404
23633
21316
32389
28610
24171
22583
3424
7404
14932
22782
12961
22736
26117
27918
27095
6788
9280
21126
26738
3006
20024
19610
14350
9992
27990
20000
14591
32231
19017
32664
189
22046
24619
16540
18777
4663
15459
1244
31688
8887
7940
17254
23491
27479
9108
8971
14127
23282
15032
31689
586
2584
980
13046
11987
6661
12361
26344
8747
3136
14706
28153
126
7989
22661
9633
17225
25948
1326
2727
22123
8268
26865
18870
13479
7337
27410
1592
17908
10629
19686
4271
17379
32176
17161
9330
18871
5023
204
7243
2658
28856
21470
14103
16564
27186
28458
17061
31352
2973
19312
5545
26194
1400
21911
15038
2442
5763
28926
27991
29503
18941
30763
28213
22506
17642
29853
2734
27298
20260
26600
14596
15036
1200
9572
9273
31685
31889
10012
3836
7097
26016
7865
25659
22322
11918
27455
32671
8333
32220
4642
20499
32756
2113
19986
5507
9218
26030
4396
10355
10481
30360
31884
21002
3409
1657
15624
21054
27645
20839
22540
6130
25566
7192
29103
17206
1048
6032
22549
24080
6720
22012
11534
25291
8012
12686
28355
24990
27350
9093
17401
8381
25781
15143
28848
20624
5944
21672
31250
19600
7504
16007
5032
19463
24631
20700
12367
2636
25319
23927
18829
21840
31241
6230
10883
21577
3224
20827
19272
24234
2681
21137
20565
7819
6908
29018
30742
1536
26932
28247
8411
26936
3328
17422
25355
30129
26578
16614
21048
19403
26705
4755
30952
25264
7110
22442
23296
28439
24210
17417
16041
16758
10098
4182
32761
27861
2983
20174
13756
22748
32755
23135
5874
14558
3449
1800
26325
22039
10349
4953
1258
8054
27334
27449
2430
3265
18836
32577
3636
24584
13296
11857
22870
12938
1328
24264
11473
24343
23481
29531
26960
2550
18818
1313
32460
6958
23170
14125
30500
24363
9033
2660
2533
25658
15865
3627
30810
23857
21053
12190
16750
4363
20868
18437
21106
24391
24344
7670
30038
30652
3514
2572
6014
15943
12769
13988
14941
10524
16882
1390
30145
27972
16398
17666
3256
20193
6656
32117
13442
15363
24028
16362
1297
5858
18295
25834
18146
16691
30980
31924
11050
14600
22187
6112
25407
28371
25669
7610
9904
25570
7693
19842
12594
17158
22353
7888
20626
16775
4512
29599
25879
30195
9891
3757
877
18843
29542
26168
623
17343
8703
15738
30702
23524
30912
1968
12242
1768
16085
10788
12687
7292
24664
12936
22726
14073
29365
24967
26581
30489
6852
2153
8728
23566
11979
1889
13639
13041
30018
22667
3635
6057
10706
29483
1983
3048
3773
31298
2943
9659
29282
13439
2214
5093
28756
21324
8862
11598
17824
6028
27738
1698
22750
28659
24978
19984
32364
497
29848
14370
13986
10922
24628
31265
16895
19360
1122
4535
3636
24481
21597
11932
25534
24745
7795
28691
4109
11306
29646
3831
17590
28203
23294
19724
19033
2669
20321
22328
4164
10867
28829
29541
31858
15405
6086
7627
23552
29895
15239
10924
28500
29146
19778
12905
728
1846
13838
27134
13628
28601
3427
9558
2879
7458
7951
4632
22557
31603
16850
22217
11453
16584
8611
15528
10812
17130
7961
12704
4061
23034
13750
15278
3519
17540
15521
2112
5568
14939
12192
6250
9706
11003
7744
24832
17452
17461
22928
28345
14753
27053
31563
7950
10281
11683
7709
482
24224
23898
26877
12850
31284
5386
15699
2560
25826
10835
14936
26292
14607
2306
20667
10096
14011
2497
23258
9679
3901
24233
19672
7523
10546
27341
18578
27203
1169
11884
19097
5349
16708
14527
3252
28274
4416
30860
23852
31483
6947
28138
19095
279
20820
29506
3502
6162
19092
22834
31273
16165
458
21666
25385
12961
21586
27854
31527
25592
24447
8233
21286
3530
14659
16825
19387
28033
13938
26158
27359
24246
28790
1770
12375
7154
8133
18865
30950
18526
2746
6429
18855
4605
16846
13189
24170
8477
24147
13094
31015
9851
10700
31382
5388
15529
3586
9564
8724
18510
4669
12486
30220
11647
32489
4707
4263
12349
27049
24064
32457
24277
24950
1705
9335
1447
28940
1137
210
17976
4392
11504
12795
19971
19717
27399
15041
21392
8850
1721
12048
17576
28120
12437
27183
23386
3934
12829
8643
25672
24289
12001
18144
15860
17109
11239
9509
30997
24226
20844
10306
27761
32558
23185
31662
28033
25221
10795
23380
29067
3418
1286
9625
19235
20013
4209
21379
12004
23857
10961
27325
13740
13627
3768
21065
8202
23013
23336
10808
18872
26986
9732
17290
8334
21795
32008
15481
16923
26599
25302
25857
10917
14937
14700
25690
29918
9483
31602
10666
21111
30381
5184
19033
8949
27821
22942
332
8799
31828
32018
22619
24897
28837
26710
23143
13851
3326
18198
22865
21848
4079
28170
30204
28519
26190
9080
28679
21425
2078
13759
29796
20835
22908
32380
5119
5761
28596
19244
15646
6292
32740
32388
3561
8456
30045
20259
1801
24291
13900
18640
22945
30463
24661
24742
11243
10290
18536
7563
29197
21625
30838
11633
22689
19085
31485
11106
8124
23078
31401
28030
8901
5088
9056
27221
32647
6080
9685
12323
25183
26950
32301
26243
10725
24528
17318
12665
906
18821
17022
23273
1377
26221
31284
156
20787
24640
5245
331
18489
9188
10519
4616
20788
13099
13476
23167
18908
29224
11597
32004
19273
2751
248
25901
4939
2051
27948
30893
11254
14658
5857
23608
20181
31431
11257
31147
21027
27351
17915
18432
27343
26541
6156
9678
369
26428
4491
10617
14848
22007
17281
15359
23844
31720
27580
6643
31530
6964
21798
7953
1704
29467
5811
6848
11229
18501
14073
8054
22494
14960
9519
14888
6276
26097
9338
7056
23723
27444
8085
31754
2048
9687
13833
7892
25736
20350
86
20680
25525
8697
26981
486
27707
7575
12104
32271
17557
6956
16468
19059
15442
11808
19756
9560
15972
12889
21418
15130
17007
28628
19564
13535
9319
16583
23144
24331
17194
4013
29297
24008
3624
12615
13346
32678
31429
15499
11294
28956
29073
5999
20886
27085
9607
21370
23956
5166
17248
23159
22783
21238
15420
7394
5275
15983
25288
25864
1313
4764
3573
9541
10490
11055
7324
16019
8953
26382
15259
15425
17386
20252
10565
24228
4389
4848
11448
29966
7675
19474
9871
18942
24735
5722
29431
17334
595
24209
4200
5357
12082
30769
27426
2042
7136
2699
11738
9262
12474
26189
19105
12034
2788
29065
22505
1527
26652
10936
11190
15059
32066
2218
7941
22671
10523
8042
26323
14710
23755
15761
26116
13906
15420
5791
5942
23268
21859
17264
25038
5360
28947
12056
13901
27292
12799
25769
7605
23703
12097
15015
13914
21418
20489
28493
16098
20739
1695
7131
14952
29677
31510
32705
487
18997
30232
15081
13513
31559
32521
26380
18336
31011
27381
10365
8554
5817
20892
30902
5459
23392
1580
6641
31136
2003
11174
6362
30163
9401
27459
6962
17185
13967
25422
16866
18270
30701
5455
30223
28333
11271
26449
27708
20074
8457
22185
7404
7271
4437
14488
32106
29772
21800
13632
26299
32190
20616
2455
1541
11546
25927
10651
1355
30720
20799
9376
4542
19803
11431
30065
26639
11850
1130
7009
31693
29720
21959
1395
12025
23644
18732
219
5549
27307
8747
5907
19105
13732
8515
8554
10703
18481
32114
29826
15156
14407
14734
64
11041
5747
9576
10546
253
15443
23267
27618
16160
14221
31662
31753
15147
28620
16920
19999
21934
10725
28466
13853
15133
1936
24513
28073
4174
22563
2484
3239
2053
25958
1829
1619
31685
20985
14756
17510
28560
2091
10301
16155
1060
11791
20664
28580
6212
5497
5573
16067
22188
15198
9528
23527
7085
23207
8034
20255
2967
24789
16002
12640
4052
5698
18151
23302
30973
13013
17833
23639
19306
1974
2318
19873
6456
11066
20727
30713
8793
24690
26900
9675
12521
1052
2910
5610
5170
11349
25136
21893
2200
7521
14180
332
1532
23480
4743
12457
8761
14829
24867
12965
28827
21089
20987
16891
14179
16028
31811
11045
5944
21740
26581
27314
25273
22014
5824
1992
21327
21144
2328
23215
13698
30671
24125
27323
10616
1465
12194
8639
26594
8827
19100
26817
21216
28812
8642
19965
16362
4110
24697
9237
26358
13503
27353
28958
2740
5928
7293
17839
20508
31861
595
3183
14885
26133
6762
5053
21770
31228
11796
32407
11068
17752
11136
23482
14174
1794
28794
25899
4606
11427
3879
16764
17805
5446
2722
31869
4898
6961
11367
11796
3720
18933
6554
20606
29894
6468
11351
29521
22250
11985
10905
31299
27734
14659
17267
16198
9001
19557
26928
17679
29225
30155
27534
23688
24884
7912
32470
19052
25778
26759
30437
28010
17449
26770
18540
13781
7976
24244
1229
29447
30803
11034
18238
23534
25472
29525
763
4670
10032
11354
22366
23932
29325
6577
9363
962
31655
11937
19790
12245
10183
28875
15621
3099
8115
31801
6409
7232
9197
11762
19449
27773
32553
2464
11887
24936
8404
19723
333
15645
20829
12204
8941
1532
14203
25075
11719
19622
19586
29829
18241
31083
3149
4095
10742
17873
10412
10640
11876
9074
27344
10791
25310
24685
3824
5730
27221
3626
18285
13844
28788
29477
5220
5455
32040
26538
26465
11251
16432
30751
18651
14207
1343
17074
8114
16618
12101
27918
14450
11203
29359
17171
4229
21370
30643
4490
22634
15323
4384
7468
6751
9896
16189
17685
31847
2970
9582
21224
5722
24687
6930
2467
5571
15304
20889
2961
20336
17458
5847
26635
13071
10822
24024
12907
28683
32459
31407
9141
12204
20112
14358
10960
6195
3283
26349
23595
7235
21962
12028
9702
11269
22459
13201
31004
15599
20190
19228
8847
25449
6849
16789
5647
6464
10551
17937
8938
5595
18433
21571
122
7422
21064
7265
10693
7915
11127
29818
6049
16058
10280
15200
5462
14000
18477
27230
18166
17376
10617
9687
11209
7034
22156
8332
6405
713
12171
14509
19113
9909
15362
1424
3309
6831
15168
25892
20674
26414
32076
11919
15366
17911
16038
7756
27126
13093
14493
10516
22139
4251
31828
30590
814
1251
6515
9883
3396
12589
27033
28651
15019
18356
31957
12541
11636
2918
12098
31949
32647
940
24645
754
19179
1178
5500
27479
5338
30519
17829
15429
27717
23100
18222
4104
23964
9239
21374
26916
27805
21728
15984
18424
29332
23305
18369
26103
15818
3560
24476
7743
2606
9308
31954
31176
15117
15614
16901
14323
9909
13604
20151
30726
2592
13403
8614
7673
17897
24924
29928
10788
32315
28964
10289
14918
11932
1821
18522
4200
1962
30799
15733
25162
24800
13668
8477
28449
2541
32158
20159
974
7111
12613
3553
32307
22933
29395
9632
13668
11887
26039
19854
6343
9451
10192
23666
18684
1096
21715
24363
1874
26515
2880
6182
22558
6819
17978
5994
1489
20177
29496
2191
24455
12402
3349
18821
19478
10358
23546
27324
24044
24835
4378
18366
3357
20619
32117
6933
21140
6665
19104
26502
11067
13921
5416
31887
6540
16784
20594
30927
29546
21641
26427
32458
15164
17823
18865
8381
14044
7885
11010
4265
16072
11054
26728
10414
6262
15206
999
30980
4251
10990
17868
24968
19913
13095
13341
14122
14921
32001
1610
14450
23991
5221
17662
5784
20422
18151
2092
31415
8591
17358
30883
13855
7207
15300
14995
58
20507
5576
1723
10802
3572
26854
32261
10363
13933
15332
381
30919
24795
24530
28553
5451
26583
19615
27955
19768
4766
4056
11443
11488
14904
9527
16974
1020
23771
11743
26769
867
20494
15015
10639
30018
17868
29732
1758
17173
9567
3775
27564
28751
20974
1672
19247
3077
7129
6186
27353
21537
25383
7526
8641
28142
19788
21046
23260
9733
8059
13039
28010
16711
8232
30595
13942
30778
18852
21072
4130
30310
9522
27447
27455
8490
13190
5266
21802
24190
6263
6957
11744
12134
21916
6912
7638
22863
28287
30440
12940
2117
28006
18788
16010
29750
12047
24639
18435
17920
13420
12713
13201
510
9681
17895
19756
6096
13498
5421
9514
25440
12465
9860
4415
3887
19115
12878
12816
13130
14926
28041
21118
16531
3542
14403
12080
24961
21620
13059
4838
5538
2605
24162
6299
22127
6825
7135
14272
13687
9201
7881
8221
22973
11958
10176
14272
32519
16954
21211
6643
4241
4022
29691
30370
843
10008
4732
3836
15483
15540
26242
601
25172
32308
11074
29814
9328
8031
26545
3251
1946
22158
31646
31243
28823
17962
31986
8445
11917
14894
9050
23121
9825
6631
152
24718
8869
22019
29818
11454
25574
14794
31917
25198
6916
2497
19129
13285
3859
452
16878
25156
28064
14208
7063
11137
8805
7854
6874
16963
23727
24265
30245
29962
24883
23427
25763
7647
3246
29514
14734
30416
29775
4957
3317
10430
16612
17898
6513
8755
11781
24966
21663
14100
31648
17437
12748
24211
6258
15366
17991
25962
16277
27655
22560
6405
3045
27497
14050
15233
11574
3983
31498
1785
2902
14073
4099
7938
8745
14641
21325
20378
10531
16782
25737
27028
27918
10711
21380
30342
28303
29998
14621
2350
31729
7486
19001
1868
21515
18423
9018
2519
1331
9341
28140
15586
5071
21187
9635
17072
7918
29586
12203
28879
19851
25099
28675
20022
23842
3169
11309
12956
2199
20895
9245
20462
213
25969
431
25303
5235
22929
13523
6605
18836
12523
7482
20962
14572
27211
26823
22240
14343
17665
22451
7926
9918
27499
25222
16116
32475
30864
20837
13980
15659
23453
12281
27838
19508
21329
3223
1130
5591
22766
5412
26003
12206
24302
20050
4216
5795
8268
14758
13560
25325
14217
27187
17940
15601
25013
21589
13413
20653
9706
32368
2171
17865
31055
22986
25371
8565
4093
10073
16944
24256
2027
20881
5218
3618
8804
14015
18313
23997
4878
24181
18491
5786
19057
24599
6631
1420
6839
24214
22835
14549
3366
13635
14336
3106
27045
20605
19338
23180
11945
15910
12492
11429
27369
27749
31734
22402
14121
24845
8131
16549
5915
16072
12117
1305
9891
9695
25697
20194
30978
786
622
27766
12389
19286
24608
23216
966
2053
29190
31394
22900
25992
20928
6944
15883
9257
30005
6017
5020
24782
27756
12370
23024
17394
10964
6489
2005
5135
14976
12256
5885
14345
26074
21479
24367
2790
407
9653
2277
28434
4307
26104
9411
309
5690
11206
24792
10413
24193
4409
596
16186
2550
25080
2009
3833
32437
11478
6404
23372
30835
479
11370
26689
13482
27097
10716
13760
15633
14395
11601
4520
11591
7434
28361
28336
2397
9576
10089
19902
32197
12960
14799
10089
19676
7515
15166
27508
15490
30028
27200
2028
1923
30899
14240
24368
26620
20814
29384
9778
4333
1245
7518
2476
29843
25304
24200
14592
14703
6993
27627
9498
11989
13139
4296
3567
10853
19566
21263
9338
12678
22609
15867
4944
29188
24335
24537
17402
26690
30381
29625
6769
17901
25313
13493
16389
31622
20588
20294
29013
11956
902
17208
10575
25910
12606
22629
25433
2545
2990
5818
27710
24367
5848
15368
4340
448
19146
25
24794
2297
30793
14802
7234
9091
24528
31987
20023
5351
9150
28540
20107
2888
7201
2220
10085
23599
13346
1304
19790
22174
6254
13372
16139
25443
29799
14547
15719
7174
23600
25964
11687
5369
18233
91
9661
10580
10317
22579
259
22918
3327
12127
29919
30683
2027
15135
25952
8583
9672
23338
11153
19779
27103
24359
29510
1492
621
10165
17861
4210
7094
9657
6673
8176
12082
26472
30190
29331
17525
18589
22840
1642
77
6159
26331
25884
8643
2052
14126
9728
22499
7400
11744
10825
1209
2955
11978
12721
28103
23566
3659
18912
10248
13492
11423
32730
27605
25454
29930
21565
3363
21877
3487
10884
20774
7582
26023
21557
29936
19421
12456
22402
3317
6643
11519
1102
7522
31421
13997
4855
7326
20279
7380
4062
6761
17548
24043
3536
17226
8902
27296
23327
24996
494
29289
19628
17496
26566
8185
8518
27780
26999
310
17774
8881
4057
14855
6482
8927
23378
30164
27694
18349
9689
16286
8063
11586
8330
21518
27160
24426
16680
11597
30574
28520
10403
21532
486
26095
21224
4769
27113
20528
8937
28645
19521
25318
24582
22147
9151
22977
4659
22961
27057
534
16327
6983
12335
26296
27078
18909
28822
6947
29556
32332
16578
31805
3385
31168
11298
23086
6750
26414
8513
12665
29476
31407
1258
29518
10032
17469
2280
12571
31086
16473
4868
24941
26750
16639
13807
19569
9003
13727
26677
27321
13731
28063
24613
12566
2196
29311
70
13325
10527
2573
14828
18739
9838
22628
6511
5484
15916
9883
549
6003
27863
13083
6857
29303
24018
10011
15915
2071
3691
30600
14746
7985
8996
26907
5112
18952
28531
26965
21335
2212
10302
22785
17932
8802
21425
31812
23673
11966
5923
21659
11727
24888
7957
27332
31929
26162
1789
5637
3410
26801
16183
7640
18737
13044
6494
26790
3539
28622
21536
4482
25179
22096
13581
17737
8180
17255
4711
29804
32512
1704
18227
24396
8917
8151
27650
7517
7642
12028
7071
25106
5728
21381
24717
31286
30749
14248
22573
27117
15653
9843
15331
15971
26398
26982
9178
6139
23526
28080
19582
30751
24330
30909
21430
31203
25551
22984
1023
8997
13828
10223
13073
14461
11919
4845
22370
24860
9189
30174
23695
8150
5913
26980
20148
8670
26188
11391
18974
23638
7615
16893
17540
21767
13245
13969
31541
27937
16508
31907
23862
4643
10942
31414
28828
6514
26202
13154
20133
15211
23479
20811
5425
8887
32458
2866
21276
17121
22566
18865
1732
10205
5658
27241
4572
31901
23123
8124
18300
9102
5659
5276
5533
27779
11223
2222
7019
1056
11432
17108
3510
28599
24810
15827
18493
3395
31769
22607
12884
8424
15939
2611
28339
24401
19885
15407
8780
9113
26958
1723
16995
317
6530
9914
23284
23838
22592
31203
10171
15057
2975
26725
21017
26111
26346
5643
6659
2360
12405
23689
15462
12759
8344
13770
21425
3581
16200
8772
7960
25580
17266
30531
22308
29761
24806
18569
354
3868
21303
16409
11815
6377
24413
20890
18695
23822
14106
9219
4863
32207
20039
14460
19234
5043
19990
6283
21786
14437
19398
19806
22658
15996
13671
23235
10472
3285
18521
16610
10720
15671
29994
20940
11099
30191
20308
31487
9374
26853
9987
11095
26664
16167
14669
26395
19741
19526
7322
17874
31827
21325
22808
25345
20584
31263
10721
23240
3987
18826
30759
447
32150
14278
9808
18796
27227
620
28460
19812
26507
22027
5701
29452
14016
22118
24677
10874
3470
27200
17396
23714
3379
31490
29029
12437
28767
7295
16191
15512
5472
9646
11005
23383
18600
2688
13581
25490
5345
16315
31845
19471
140
13071
11537
19401
25464
1657
28784
20829
15938
23794
5618
9721
30203
27567
21710
7397
27019
18174
16576
27437
21048
25129
1763
26606
19728
15185
18861
6264
24906
18240
14130
4356
1872
31706
9941
30341
6722
20185
32489
9409
229
5114
20784
18169
27071
11500
13922
20674
26667
30744
29550
20161
30166
26906
23486
17897
17839
30109
7241
28147
4046
4213
24695
12079
4383
26365
3810
4710
28191
11680
25667
23908
18778
19035
7997
13993
3159
4768
12190
1573
10886
21203
8910
28859
2715
16430
32228
3851
190
9954
15052
5291
13282
12116
5909
26934
23573
27090
3876
27772
19144
3138
16910
13247
12793
14582
3087
10495
29684
7065
10903
9308
2833
792
29563
3455
28428
12447
4447
27356
5636
15290
10752
31181
3186
24440
19997
16655
21106
25373
213
5899
23334
9926
27691
2333
17037
15552
17193
23128
24346
19482
25824
19223
18118
21994
31250
15971
27451
30067
26067
13264
8528
29601
24995
11698
30589
25962
10274
22147
23707
21447
17848
7325
5288
30170
23056
29345
18387
1200
681
4291
21026
16070
10845
7864
8972
29883
12852
27844
14130
7764
30515
14782
27732
11043
24078
24407
24440
25486
6756
4314
20940
13828
7221
24548
2656
28309
3517
25080
3325
5535
24786
4678
11695
13494
12256
31074
16258
21576
17829
15459
27564
27655
27597
28203
22697
21136
1405
8560
13223
12528
22979
9579
27406
26406
31012
10081
11807
26804
12025
27187
12177
14005
1473
13581
17406
5000
0
892014747
0
508513122
0
1742610041
0
664981301
0
835826919
0
1052492606
0
420428703
0
924012691
0
1427046180
0
1267777564
0
204772614
0
1344521004
0
1541580494
0
2100645250
0
913560070
0
1843504087
0
2026614940
0
79171513
0
1343241498
0
1511759622
0
1264939297
0
1894143026
0
564254854
0
143546026
0
953923401
0
1625175752
0
484357671
0
1636354367
0
1532262687
0
115085585
0
1508144795
0
640084024
0
1146603545
0
1595016284
0
400319687
0
106713358
0
382562661
0
164604309
0
545684027
0
1556269099
0
2011410080
0
81643486
0
2087502416
0
1212764673
0
1168565434
0
1341297423
0
1049945802
0
565966815
0
999187142
0
16176054
0
1288000056
0
781779432
0
1061961278
0
646609129
0
1292377283
0
1335389623
0
541798964
0
684524668
0
736198097
0
1628125912
0
675572910
0
607856681
0
667528788
0
701767988
0
634384992
0
1999736836
0
1457927102
0
592391044
0
582089016
0
1382079827
0
1432526437
0
1032660142
0
2103655187
0
2109447348
0
674049513
0
773927066
0
83748383
0
957284296
0
129679548
0
1975745178
0
1957056732
0
1392957272
0
1713634557
0
1152809582
0
673181440
0
1216609684
0
1367155901
0
1861688854
0
567832388
0
141617848
0
759290460
0
1046930746
0
1431528151
0
1434336516
0
1389886837
0
1648441040
0
662029333
0
614224624
0
319364439
0
996492420
0
1970623634
0
1778612604
0
169669188
0
1919243147
0
1515193689
0
999244897
0
986864339
0
1212739792
0
750390467
0
1788603685
0
586043089
0
1266191681
0
1468124444
0
180426278
0
177544782
0
1140365391
0
1977060709
0
444866132
0
1474505317
0
49576439
0
7555237
0
279333086
0
351924060
0
617712582
0
959416076
0
1598767656
0
1172603128
0
483343777
0
1775707085
0
728735236
0
753872611
0
183455777
0
1702210594
0
276308024
0
1049314554
0
693999914
0
1072867741
0
1415422775
0
1334221606
0
238290068
0
2031654868
0
1033379176
0
1303557743
0
266819907
0
496322013
0
857587543
0
1711080184
0
1171135511
0
1586908622
0
1573797861
0
264569728
0
1332269206
0
1784041620
0
1220827926
0
1396188844
0
192090339
0
794406132
0
678027125
0
1053658893
0
694861489
0
520973237
0
706365440
0
594349464
0
1284999251
0
1886857325
0
520046026
0
155115692
0
2131771633
0
68669283
0
925920942
0
1286766032
0
1516374534
0
1518353989
0
427315822
0
711704786
0
138424512
0
775983483
0
286210550
0
2124828217
0
1482277156
0
1821855692
0
1106776518
0
89587712
0
314639037
0
1033555945
0
2127030679
0
1991833991
0
1778797301
0
1126388020
0
1135103835
0
1592918544
0
1650825506
0
2083043749
0
1437876049
0
749275852
0
235138556
0
603800212
0
1209931009
0
787814820
0
1566995985
0
1909556734
0
1924407570
0
266821523
0
523482125
0
2071056763
0
1836065165
0
1554704412
0
1483519435
0
1226002375
0
316323660
0
1429727295
0
1232120782
0
69175053
0
836462744
0
1001385146
0
450807283
0
395698765
0
1899772243
0
685224505
0
1760940321
0
1651835740
0
1882177411
0
1321626367
0
1150989248
0
143598960
0
1843585139
0
1241372257
0
939892794
0
2035965073
0
460550613
0
943088903
0
2065877861
0
693605131
0
880200801
0
1667501871
0
1042352547
0
1795148850
0
1068965247
0
250715527
0
412946875
0
1878464668
0
1198580529
0
1146342043
0
1494919464
0
1700245195
0
1603585383
0
539762231
0
812891489
0
2123777056
0
995283405
0
978061352
0
1437308926
0
1955057826
0
9598835
0
266346320
0
1126679892
0
1745629245
0
2016619048
0
1729422782
0
217534929
0
1092384509
0
868744560
0
248503967
0
1897963601
0
352149469
0
111194351
0
532684367
0
2114315473
0
888247802
0
1621977917
0
425436001
0
1329807944
0
1219800479
0
1307756291
0
2112339439
0
2036782716
0
1317774632
0
839388513
0
782660848
0
843534461
0
1744132180
0
477767710
0
400545837
0
1760132761
0
964076702
0
473013899
0
2107622946
0
76096157
0
1195340734
0
382198653
0
489172794
0
959748042
0
735669277
0
1330182760
0
1076882050
0
164437434
0
2035983196
0
765143874
0
641012082
0
1712088822
0
943445201
0
1611727406
0
2091273031
0
160981568
0
1935301803
0
830085559
0
1194219201
0
859946345
0
553276105
0
307305225
0
180745540
0
1248413922
0
1177555864
0
2119599143
0
1644059965
0
43745806
0
796354168
0
1206413472
0
1798112577
0
1488201055
0
453094776
0
186887970
0
1405019876
0
438873520
0
1688406842
0
204882036
0
1036092911
0
1816145301
0
1768999096
0
1804197404
0
676673388
0
1923721251
0
1616759972
0
774263913
0
1450168618
0
1192052923
0
958533998
0
1806068239
0
2055026175
0
845428524
0
1365394316
0
172017170
0
579587328
0
138398904
0
345589827
0
1532440901
0
962844636
0
1240517107
0
1599772273
0
877331871
0
694035595
0
1672558308
0
126543326
0
804869552
0
443068011
0
1318256728
0
352041397
0
442311894
0
1495100191
0
442756590
0
379171275
0
1147638276
0
1805871025
0
887934124
0
644959065
0
1477039046
0
1831770449
0
240372951
0
531447450
0
652804277
0
187531016
0
1475275763
0
113560479
0
1645492017
0
489923653
0
694533373
0
1448778566
0
1451769076
0
173663118
0
325747953
0
910029868
0
493457542
0
2106547327
0
1325520447
0
26798751
0
1582525834
0
926723943
0
1897901957
0
1463582408
0
1151838518
0
1532377968
0
2052613352
0
1095301656
0
505110308
0
386089965
0
1465944168
0
43749545
0
859195541
0
819415159
0
97949102
0
1258083712
0
488959222
0
1665210732
0
1189885020
0
1029810276
0
1450597559
0
1958813369
0
851984273
0
2026201762
0
1724823455
0
226057332
0
447007381
0
955255261
0
387426655
0
309372881
0
572101580
0
1026967441
0
915709948
0
1469281634
0
301965785
0
635090634
0
974560048
0
572951067
0
271909921
0
144841431
0
1250958766
0
999076032
0
296233931
0
936584571
0
121752287
0
1886255665
0
1145364641
0
100109579
0
1061998652
0
1274753947
0
1492724757
0
1321026645
0
1808879829
0
2064779071
0
1553594424
0
7820295
0
439195598
0
659120847
0
1123424303
0
716036097
0
2067808138
0
923515965
0
1668506886
0
753770476
0
614356479
0
387967777
0
814075747
0
552764792
0
303602222
0
221399882
0
1626140170
0
1660945468
0
370553323
0
187123361
0
1066269119
0
34048818
0
1027834024
0
447984900
0
204547918
0
1863022626
0
1509701922
0
1040913749
0
1235590981
0
410751177
0
1482590381
0
643777326
0
942904496
0
1114033059
0
1791188067
0
1072078423
0
1034257031
0
1025281199
0
492328065
0
303296564
0
1526656817
0
386508963
0
2065592613
0
194409289
0
1114293136
0
1867334912
0
971848726
0
100918800
0
1777674117
0
1576387355
0
836522446
0
2004796660
0
599043190
0
715557194
0
461336358
0
1264203236
0
260584034
0
916703205
0
983082857
0
2081881228
0
1226738425
0
1949697775
0
117534852
0
1870785971
0
991738870
0
1534603723
0
806171991
0
858323814
0
1200684999
0
8947334
0
53987248
0
1125578102
0
407713891
0
1974532107
0
896325258
0
2088311148
0
1920221515
0
778755489
0
1778158805
0
1132603983
0
380095273
0
1644887133
0
1061056500
0
472390812
0
225334325
0
1180330614
0
1510182159
0
522322420
0
1907247651
0
1770355235
0
974505460
0
1802974198
0
1593086616
0
180644316
0
1694625801
0
1647710893
0
1275350586
0
783018195
0
407014549
0
958109348
0
1111426630
0
934608804
0
1274774670
0
1841016218
0
1015189950
0
539914235
0
1220139070
0
556004287
0
1062703512
0
236434085
0
902919645
0
1251023813
0
2092320961
0
593671902
0
634632952
0
1872233262
0
1694038590
0
368390204
0
338804327
0
1305175692
0
1689884986
0
1425728127
0
590097263
0
685217395
0
1641442551
0
1150025295
0
1122310065
0
1316390854
0
1204551784
0
573493419
0
797285397
0
1825193746
0
1374875274
0
604688398
0
1105287582
0
834844124
0
1714526217
0
1106553673
0
639199091
0
1305920143
0
1316971061
0
218672598
0
885834569
0
1864960179
0
1861900488
0
1977281379
0
2006183175
0
279880678
0
965368216
0
704653227
0
1881956631
0
1905944201
0
1338107555
0
1124925501
0
176867119
0
488301585
0
1349723908
0
939958495
0
992718133
0
813207788
0
997363408
0
1576933421
0
1424319120
0
531236731
0
1406217338
0
1237264531
0
620818616
0
1622921986
0
1260018155
0
788888018
0
276881948
0
2105320634
0
35844019
0
1135006173
0
2098996957
0
1127987030
0
92377494
0
2105348524
0
504591249
0
252199940
0
1739156049
0
595796226
0
1978408068
0
1615092375
0
664248545
0
1405298709
0
830252457
0
1851790240
0
1705551356
0
589920136
0
2003211200
0
1869504381
0
926892210
0
430998132
0
323263193
0
2098341488
0
848937782
0
215951406
0
247917212
0
626306904
0
1522781581
0
1827410568
0
2125780629
0
309596464
0
34893767
0
196506338
0
1999657327
0
121619339
0
1799282276
0
1819979325
0
1782931054
0
1882897987
0
547445317
0
1093499071
0
273835271
0
291944176
0
1853116284
0
370052747
0
363877117
0
1796762410
0
270780756
0
494318099
0
1537543297
0
819468328
0
991560485
0
683970675
0
15172334
0
1598347192
0
548315621
0
688312870
0
2127483348
0
1009907286
0
1948493561
0
1353146624
0
483487838
0
2049456665
0
1727954422
0
1308612173
0
1464762684
0
1661384427
0
1305686295
0
1681655019
0
543626166
0
1329537624
0
971499533
0
674482990
0
1616924064
0
1384674510
0
2091690678
0
737923756
0
566505667
0
1465738118
0
875634489
0
83423732
0
1943325880
0
399277937
0
1925373931
0
1476065321
0
498759903
0
1029015480
0
977363069
0
438684780
0
663737309
0
1402889845
0
1146664502
0
472036936
0
720191334
0
1037916046
0
245320541
0
2081213994
0
749954822
0
909169111
0
1059100172
0
1952124468
0
100774810
0
1505117834
0
1305558025
0
1673304776
0
1935012767
0
267224801
0
858924530
0
559500576
0
1842774266
0
497931628
0
2140583084
0
2133838244
0
442462008
0
1870582542
0
1867674961
0
244601328
0
730819338
0
1421636573
0
542825889
0
764183967
0
1687724309
0
1618451787
0
1291311207
0
597719467
0
2090064850
0
1329919971
0
955154621
0
843453822
0
388832507
0
315207328
0
1994888194
0
1571179594
0
1356512846
0
1225006170
0
752975401
0
136432836
0
1661623303
0
1025507933
0
8079109
0
494115202
0
274937065
0
1629926758
0
877620574
0
1251299622
0
285391883
0
1250393830
0
94131268
0
1516257084
0
1691855486
0
184183275
0
1044367598
0
1302372655
0
1823882361
0
809264049
0
1286935092
0
62798660
0
1042607943
0
1792622128
0
1552021533
0
1489528669
0
1291466804
0
1065354599
0
1843580354
0
1160950762
0
63040292
0
808749673
0
1231752248
0
317675056
0
520319750
0
460627666
0
90635027
0
736993066
0
2104268013
0
1671795695
0
194208517
0
2034885426
0
1642276307
0
130576858
0
2024448819
0
180397865
0
1847491138
0
317504393
0
1946954003
0
1247599082
0
367441866
0
1579956737
0
697583604
0
1174403455
0
676668608
0
1843383791
0
4800068
0
1217847937
0
703637602
0
1992216432
0
1764032247
0
2078228494
0
2112263850
0
766358393
0
1726080092
0
2019002568
0
987054129
0
107573028
0
1946134469
0
358593026
0
1033874500
0
1038533623
0
2035002592
0
1464001622
0
1755117275
0
420665733
0
612808607
0
142686837
0
1545919407
0
2010312043
0
954288450
0
1318103354
0
2069251873
0
1566049993
0
1042654719
0
431302713
0
1147388766
0
1907323749
0
901850674
0
464697392
0
1918526852
0
213841859
0
1299982782
0
311992496
0
1650297945
0
1806260610
0
993238278
0
965350215
0
402110420
0
138791831
0
507062975
0
992309529
0
388251301
0
1284296321
0
810131050
0
826235370
0
908602088
0
119079199
0
2056822236
0
967054693
0
1131984755
0
710148512
0
1899414805
0
1120214980
0
464035611
0
1533391820
0
1912554740
0
772286884
0
434496920
0
1145334640
0
1743366419
0
492524465
0
1456707717
0
1573023819
0
140147716
0
1820585700
0
1236857444
0
221358348
0
928078232
0
1037117063
0
1849198789
0
1100707339
0
1164111315
0
1642847035
0
1132867766
0
518528860
0
425910494
0
714677207
0
703780378
0
96885370
0
559809164
0
586761841
0
461354663
0
1571855371
0
1976878650
0
1679967813
0
104042335
0
587835687
0
1329615209
0
127986981
0
1446059020
0
841516041
0
32801945
0
1546475983
0
627266640
0
473195357
0
862420258
0
1330142603
0
401963351
0
1961970442
0
225819009
0
736480014
0
2071337637
0
114263542
0
576969976
0
1245720427
0
1005141986
0
1314991400
0
1306248523
0
393602780
0
1032290700
0
189410787
0
856332255
0
2088291238
0
1585594145
0
956219392
0
1559190843
0
1725037607
0
1677826349
0
619678886
0
1794832699
0
50382684
0
673213070
0
1748215094
0
379826604
0
1424334544
0
790467899
0
1060138151
0
70084698
0
1092480730
0
338447260
0
1746401564
0
2112082599
0
2015040130
0
962351720
0
1546012483
0
1427156728
0
978274153
0
718888039
0
608273451
0
1229731237
0
710281531
0
1987581491
0
1173990152
0
172736028
0
1924015499
0
119735167
0
196774530
0
64709330
0
942983928
0
301563036
0
308539132
0
1591667666
0
2102155430
0
525351566
0
1278496945
0
2124266380
0
629417285
0
111863873
0
1047922386
0
918152455
0
1718307490
0
233899574
0
1255066208
0
1313377022
0
2090684888
0
1013480402
0
1872312057
0
870862508
0
1485117651
0
169931276
0
2029188869
0
389523276
0
1187543676
0
333547314
0
997387728
0
1985679661
0
1422188047
0
1221514819
0
55897613
0
1020827952
0
808533381
0
1891499898
0
1238359145
0
1838126938
0
1847184871
0
1612525865
0
478587915
0
1300829390
0
1656031270
0
1529489770
0
755309800
0
715971183
0
976798540
0
1688064112
0
887069867
0
1151777195
0
501722307
0
1426015627
0
1127142469
0
930226296
0
632406712
0
963039581
0
221990428
0
814028557
0
1907126109
0
1875082488
0
188856091
0
123491171
0
1046907995
0
1049152094
0
111018341
0
1869451591
0
39650680
0
689048190
0
1601104706
0
1796696832
0
1316094957
0
526378199
0
1353248600
0
49914823
0
1399807831
0
886862732
0
1965426544
0
330466854
0
763704036
0
63974933
0
1484875431
0
393907030
0
1850853156
0
988366097
0
682982734
0
590717123
0
365786180
0
1670129546
0
108529685
0
844799492
0
1530671727
0
1293108276
0
736287092
0
976381230
0
1116785883
0
813260801
0
1888352899
0
2033838127
0
1220191190
0
1431985127
0
524797560
0
557252691
0
569793070
0
882545517
0
272954390
0
519362738
0
1555996158
0
1719057987
0
2110084418
0
643866768
0
298672543
0
1120147162
0
1471702132
0
181086378
0
534427247
0
1342128575
0
2134215584
0
341964447
0
730221357
0
2108788141
0
332175699
0
1566974540
0
1549130619
0
146577305
0
361022026
0
1055888207
0
1655719888
0
591059790
0
1830023155
0
938373751
0
127729489
0
1413358270
0
995824423
0
1481016290
0
2105317300
0
2127293128
0
2107847040
0
1694960368
0
828327521
0
1711645593
0
2084029986
0
833692132
0
1680349496
0
76537575
0
24318472
0
698665974
0
38443222
0
1870138054
0
839616086
0
312512965
0
1807885840
0
391191477
0
1307710472
0
1342259506
0
39805607
0
1145422632
0
1074764316
0
1078904095
0
1936693044
0
590352929
0
687228563
0
1083404775
0
270210512
0
1647645426
0
175046717
0
2105059876
0
2095735254
0
2143119531
0
1814230033
0
1791344525
0
1554184382
0
1333309813
0
2093654293
0
1528146356
0
1798870819
0
1347072467
0
1474346195
0
1670180279
0
961199216
0
1503230578
0
1798701138
0
642727547
0
479138019
0
1956492730
0
503710246
0
477568048
0
1339793897
0
1549988084
0
1673089678
0
467344328
0
1308423617
0
443185639
0
1147746877
0
1483644385
0
1178553378
0
1704947765
0
1182784434
0
1949345606
0
641081410
0
729800871
0
1484130880
0
765140255
0
580187549
0
1636378663
0
1940605559
0
1923483124
0
1909526777
0
1420920271
0
1388840057
0
1235078756
0
391720190
0
1603855275
0
780869781
0
805842450
0
1762179168
0
998300799
0
151794782
0
4328438
0
1881097115
0
344960671
0
1695634244
0
1416743218
0
2052070637
0
563825239
0
1512941309
0
1798199883
0
808069350
0
534981822
0
2072936012
0
1208348403
0
2106243189
0
508840375
0
800300271
0
956573536
0
1068838110
0
261407615
0
1873727190
0
1032682722
0
335673600
0
226654531
0
1894196386
0
1461076374
0
1982598020
0
1168655288
0
703989954
0
1471745555
0
910896739
0
30572910
0
590306737
0
2058363266
0
1097342139
0
439769737
0
1718740432
0
1067904827
0
1755589410
0
1913387737
0
1887565581
0
1686286383
0
1073549622
0
2138378507
0
1588734604
0
50822630
0
1624934551
0
725459758
0
1537488687
0
2049121705
0
393248996
0
1528693953
0
264915363
0
698905710
0
1920202527
0
459624173
0
404797352
0
200901368
0
704998892
0
1249097345
0
1926427990
0
2011765758
0
1764556338
0
149207696
0
1620330623
0
656653154
0
451097345
0
975803505
0
2144380043
0
1524818747
0
1706321178
0
643416608
0
1322768011
0
1011247133
0
844981973
0
302662600
0
1609042104
0
2056558904
0
836201063
0
898279873
0
579787101
0
1348500068
0
1845716085
0
548959680
0
775594248
0
186788846
0
1886526455
0
1401564877
0
352763796
0
1846253652
0
993913661
0
1579094061
0
1230973601
0
115856809
0
1585204681
0
852948885
0
1058566470
0
1572129542
0
142419706
0
1351215984
0
247476063
0
1801850249
0
2030228596
0
684345789
0
2024746038
0
880790304
0
837860557
0
872108120
0
945282065
0
271645949
0
3231321
0
621720872
0
1754753049
0
741570292
0
1724294103
0
2066656503
0
895339343
0
550423272
0
1751864875
0
1592153755
0
1681918665
0
679757194
0
66157518
0
1660359527
0
1260061171
0
1511857930
0
769718206
0
212398714
0
667364884
0
94517107
0
1558602216
0
421918206
0
188285848
0
1276835305
0
2114370311
0
1809910068
0
52653121
0
177742083
0
161436004
0
983073067
0
1917340698
0
1752988051
0
1142019964
0
1868181709
0
171580376
0
1828325158
0
317425583
0
622394333
0
188710194
0
1966367586
0
1114174219
0
2016180540
0
801869767
0
1565289044
0
1138286758
0
1401214230
0
901890608
0
1135868130
0
1553522727
0
950292463
0
729542902
0
1443413191
0
1470224625
0
1118429993
0
528530160
0
1014035128
0
458173704
0
1796568633
0
1308938011
0
498671009
0
1682457669
0
1148862834
0
912180861
0
137974894
0
1809188345
0
807556542
0
506152354
0
719887911
0
233252979
0
1125162278
0
2008894511
0
752148243
0
1266773859
0
515371855
0
1053218634
0
1885363064
0
1175805163
0
612854847
0
919842517
0
58408466
0
271061383
0
915848794
0
1655382709
0
1366543278
0
155268681
0
408090462
0
1861109963
0
1575829586
0
52033451
0
500366628
0
115955144
0
1090437379
0
355585355
0
2023555531
0
199291978
0
1573268573
0
2106244547
0
531664281
0
2115600
0
1197150848
0
740013593
0
1330657774
0
470507760
0
789134066
0
117243390
0
1267151431
0
418773518
0
1022605807
0
624171308
0
2137041608
0
594309581
0
614685670
0
1625713620
0
934370559
0
1565558249
0
1367847899
0
607197358
0
323705362
0
939941283
0
703436049
0
752198808
0
2116619814
0
962601343
0
1446458950
0
1120688610
0
1981884080
0
2054367590
0
514008664
0
1764387614
0
1608430722
0
370996218
0
1188408685
0
1986851695
0
1793210662
0
706094236
0
331191130
0
51708886
0
1487853614
0
1056104830
0
1001535355
0
827886299
0
738478380
0
1298136647
0
1496256256
0
545388222
0
879641758
0
861600758
0
441707985
0
2082619863
0
756074988
0
691584017
0
1271076155
0
1957100376
0
2126481980
0
1359784486
0
376884828
0
1374029193
0
1416990560
0
1914180337
0
176408252
0
1366058504
0
597606651
0
193966338
0
112066620
0
160523921
0
686079615
0
1100388562
0
101393570
0
1167198919
0
1996599935
0
275639523
0
551236482
0
387099816
0
1258640749
0
1261145493
0
408704961
0
1451576421
0
1230677827
0
1587234132
0
602193490
0
2123041766
0
1522166257
0
75594688
0
1357085839
0
117881286
0
1250851268
0
1339840793
0
190685509
0
805748439
0
182136291
0
1000445862
0
1844130271
0
1813471193
0
1922422527
0
1263942174
0
167882294
0
1951686747
0
1333932551
0
1822593624
0
624297760
0
2114836725
0
1058995578
0
194213110
0
2112079977
0
1970972176
0
1194107057
0
1122625784
0
180229146
0
1159314552
0
480546233
0
2002025311
0
1265620781
0
462942732
0
345243643
0
9093707
0
366594612
0
225060641
0
875490920
0
1965426843
0
335492147
0
1471941254
0
2052526185
0
1777769534
0
1032577227
0
710102782
0
1130830695
0
641214915
0
826135759
0
1381923658
0
955277701
0
764575735
0
1829718144
0
107021168
0
1260958037
0
1553099263
0
275583956
0
1764805560
0
42914556
0
1857920947
0
1665128849
0
1961161086
0
1655358246
0
955393637
0
565628440
0
1754569458
0
1950923649
0
1393446347
0
1343583494
0
817235453
0
2118336006
0
1889352876
0
1660582390
0
710752318
0
1310164012
0
1776716993
0
522389816
0
892488576
0
2029706184
0
494101893
0
51252702
0
263220067
0
123353249
0
876336588
0
1146183390
0
975922140
0
1990794841
0
1493672427
0
68647159
0
554082874
0
981769926
0
1490286381
0
1141430506
0
551095691
0
168309126
0
535517583
0
340052904
0
815172861
0
1812090614
0
193867744
0
602480909
0
511241958
0
361516459
0
775889050
0
846558766
0
1034018787
0
1316081585
0
301634995
0
1517954045
0
147907955
0
1250420106
0
535752000
0
2132415776
0
157362449
0
1238310886
0
1027037925
0
2100334536
0
2133840813
0
485639191
0
1700024537
0
42470024
0
829122564
0
41547765
0
361101080
0
237065138
0
771609181
0
1929244481
0
2103889761
0
1756965272
0
1415180254
0
1553138453
0
934250286
0
1691613585
0
413520462
0
781323142
0
1983029836
0
1983735859
0
964962538
0
328874022
0
1910264023
0
926911911
0
762112839
0
1238014365
0
338376772
0
561709748
0
317622424
0
1783217373
0
252610479
0
49150434
0
1437623790
0
804526133
0
1113675819
0
82022681
0
2018181840
0
77980515
0
653490935
0
990773787
0
346839271
0
1057009739
0
1177955389
0
244481230
0
859815899
0
508353830
0
1212873044
0
842473184
0
1087118817
0
415088643
0
1367937445
0
2112196980
0
1789957950
0
1872338474
0
1314853027
0
1128097159
0
1943315597
0
226451556
0
630279208
0
1713301852
0
2003487588
0
72306556
0
1928026137
0
954534976
0
1166498542
0
962781931
0
186634172
0
1434404184
0
379699266
0
1431648425
0
1308297987
0
479205876
0
949481682
0
2135132164
0
714538978
0
528049222
0
1520844750
0
1487346656
0
1125596312
0
713769361
0
477998185
0
2126655515
0
2128903584
0
1257493621
0
1308718020
0
1096249566
0
1404248149
0
353359713
0
1124412436
0
143718252
0
1701042136
0
2112870888
0
231427824
0
514553251
0
179843088
0
1113288687
0
17946098
0
972358506
0
78856672
0
346676105
0
462162424
0
115508969
0
34025095
0
629121563
0
1584115160
0
1868722261
0
666703252
0
1859369965
0
248970611
0
1150914721
0
1038507318
0
1592894457
0
1245995297
0
1329914782
0
867943098
0
1810717662
0
740983597
0
453645826
0
858450732
0
1186312178
0
1110596898
0
2021688609
0
1034188629
0
2023132432
0
1678201673
0
485298413
0
267535985
0
1794026724
0
1536746388
0
310720647
0
1749168272
0
1367503721
0
1265048653
0
1584605671
0
1522806050
0
91177404
0
1262788717
0
109083318
0
1559774735
0
801092216
0
1381891269
0
410915778
0
2101555741
0
1183796778
0
1783942038
0
1694636899
0
1834234979
0
859539368
0
155664607
0
619967803
0
208209777
0
1130861076
0
1151828382
0
1362022216
0
1479190939
0
1491414101
0
767667723
0
109669285
0
670703869
0
378263180
0
917671140
0
71297226
0
2144086003
0
877855761
0
909120237
0
237674854
0
281687758
0
1272190718
0
1362207894
0
304913791
0
790103595
0
1379731764
0
623337242
0
1003796228
0
171673164
0
1240329427
0
592918160
0
851393040
0
679283319
0
691674981
0
652424456
0
246330410
0
1874213101
0
609454311
0
1749092434
0
92894455
0
56493816
0
303793538
0
1289364247
0
87417452
0
346301216
0
603853942
0
2112971119
0
1916010241
0
866833722
0
345304406
0
1030337448
0
1720842775
0
2042245276
0
785223731
0
968236102
0
1660572995
0
552850553
0
1744987349
0
1965691211
0
483757829
0
144744461
0
1768667623
0
528097987
0
192954458
0
285268636
0
1326465148
0
872002929
0
1324820575
0
1148951929
0
262116879
0
909425356
0
1070842593
0
1738498691
0
284998555
0
1082181075
0
1178321082
0
2095716187
0
1822660462
0
1747644026
0
1519304963
0
1377950311
0
747227729
0
172073647
0
1528796267
0
1984506761
0
1036610570
0
1926505526
0
1167429663
0
1579747049
0
1468324682
0
1398342697
0
2032159358
0
922408018
0
227110833
0
973329512
0
1366168985
0
306977171
0
1109592903
0
179930173
0
429442635
0
2097312525
0
735025817
0
1252968775
0
421558943
0
592603548
0
2006160097
0
2039492379
0
1761924086
0
1006104919
0
319137155
0
1471497526
0
1037240630
0
1778505711
0
520602184
0
912528610
0
1687625043
0
2097571772
0
797222852
0
773999931
0
1308390438
0
2033029833
0
520095814
0
991902608
0
2139064642
0
235703667
0
1511686201
0
30952550
0
528465276
0
2071013387
0
1107044733
0
302509923
0
1190483412
0
349566385
0
1794458150
0
197788582
0
2075495765
0
1280444134
0
490933551
0
488019883
0
910125688
0
2103904282
0
2001019719
0
1544505213
0
1864273602
0
1060019084
0
216409276
0
1500887361
0
1070958665
0
1541837148
0
2119261734
0
268194196
0
2119160766
0
718708667
0
1888535541
0
808534927
0
1917483520
0
2005913758
0
46756453
0
2004174416
0
878406517
0
1575741741
0
723106183
0
635659308
0
1942329378
0
830937999
0
488792752
0
1014833089
0
984602349
0
1850179508
0
403782396
0
322405052
0
560467583
0
915391739
0
416110265
0
1358469223
0
1893579704
0
1833920235
0
2012087901
0
736362798
0
101288325
0
1545829851
0
505144351
0
958250666
0
1339074609
0
198332903
0
486480577
0
808813510
0
157177060
0
269961610
0
1759316806
0
135222899
0
653564967
0
87545964
0
358718753
0
999484542
0
719610560
0
2014265663
0
830786733
0
93948737
0
595942214
0
137061090
0
1483270046
0
1329488746
0
150006987
0
21628931
0
592706974
0
1596957232
0
809578018
0
121361134
0
1754598135
0
285414341
0
1627845436
0
256580072
0
194106928
0
327479103
0
2088180507
0
1872021875
0
288740928
0
1703218323
0
33340151
0
2002169637
0
1543824216
0
1156175258
0
1405523150
0
307465050
0
719440668
0
1306374466
0
362843134
0
1598479305
0
621255165
0
370066441
0
594032175
0
247290322
0
827584909
0
2115467591
0
924542205
0
1736653390
0
1483279353
0
1485911495
0
627165502
0
920852638
0
2003126584
0
447363269
0
494213936
0
1934359403
0
23554288
0
739927368
0
2028957846
0
801687009
0
641158985
0
2033603896
0
1578438067
0
943100678
0
116296639
0
387492903
0
1422803017
0
819897374
0
1760085666
0
172551037
0
962355409
0
1608013506
0
1948781494
0
1897469261
0
633711677
0
1420749866
0
672326869
0
1886220416
0
552934698
0
1011728717
0
349029673
0
1363874154
0
392458200
0
1122687463
0
1216868099
0
1415369512
0
439030365
0
29533463
0
300190184
0
857335685
0
1773070072
0
1505614332
0
1060265323
0
59980855
0
928399542
0
2142406939
0
575114524
0
125909721
0
893288552
0
442517287
0
652173048
0
315883448
0
473535152
0
130903882
0
1078290246
0
209667489
0
2008306543
0
1607588302
0
1244828807
0
1052070175
0
1910565474
0
1698431574
0
1186828294
0
1195023922
0
1499990310
0
1026608037
0
1317657861
0
1024301963
0
1214177789
0
1296485929
0
1669926241
0
986549844
0
221989621
0
800465308
0
1582866748
0
214014600
0
2055757122
0
245552871
0
1691017010
0
1124302672
0
446398351
0
1456706286
0
1548973002
0
1792475680
0
1238153644
0
531755278
0
1531502179
0
218129511
0
348105948
0
871213608
0
943604410
0
2140069422
0
2090655598
0
521203372
0
279277091
0
1558299742
0
1780688629
0
701683011
0
1353660200
0
525225082
0
1300164004
0
1210307003
0
664695037
0
319555165
0
2054540655
0
1275228472
0
878131844
0
1254279924
0
983203716
0
1965674794
0
207837310
0
1313259148
0
109576570
0
1259926511
0
1396110957
0
1030527177
0
614650784
0
1039384618
0
1305290028
0
1464046491
0
361746911
0
354128520
0
1160849803
0
513706026
0
972918042
0
893043636
0
621181369
0
1277260716
0
674318400
0
998143581
0
1804399150
0
1919934763
0
254281919
0
223755103
0
408150224
0
718046250
0
1492711257
0
1094132145
0
176491754
0
621992971
0
2032953648
0
1387138166
0
548684130
0
439392692
0
1824196058
0
1786602234
0
1307394484
0
326416484
0
1408612150
0
684680522
0
1208152628
0
963336411
0
915844944
0
1590675759
0
463560010
0
2129900401
0
831127764
0
1530689460
0
1591146807
0
1938012805
0
1296739586
0
1638172146
0
2018903282
0
1465837974
0
406430634
0
1881668178
0
1352881924
0
329642232
0
1936667611
0
162900498
0
1974503608
0
417342565
0
594898853
0
1928645586
0
628196084
0
1061975136
0
879520535
0
971689444
0
1718833520
0
484951196
0
874310807
0
1458620475
0
1508492820
0
46889258
0
2088744404
0
612020519
0
1929677350
0
789184456
0
964148120
0
1673336225
0
316092463
0
1838966610
0
927166646
0
748476690
0
1836008351
0
599831514
0
1080016780
0
1310237016
0
856211574
0
60005671
0
1345482054
0
514078668
0
793461195
0
1976340142
0
1219198445
0
1926789088
0
1638288903
0
1833754534
0
1374634841
0
858698261
0
1051564787
0
2006443946
0
367691581
0
1481949448
0
609034630
0
1137964808
0
285167874
0
1780441861
0
849220529
0
673112941
0
65346991
0
922734120
0
1412939853
0
405940845
0
92235396
0
1864591085
0
2100988571
0
241305176
0
1166967496
0
254557221
0
555788523
0
1731325258
0
2127678003
0
2133990224
0
849306221
0
2113338385
0
1646198962
0
1634130033
0
655103148
0
169950267
0
200886959
0
462826829
0
544745569
0
815991022
0
530537012
0
383458340
0
185895733
0
1908361793
0
1168387006
0
489941674
0
997412320
0
251513758
0
943913410
0
890981481
0
322280636
0
616891518
0
44695310
0
1722282367
0
467664256
0
243002572
0
1777814657
0
1790959488
0
1525318464
0
1515130209
0
2079820184
0
946510269
0
1586717754
0
513363032
0
1650668825
0
1597189829
0
423868503
0
754672822
0
747700172
0
1669972207
0
1759100406
0
793155393
0
1131693222
0
105320675
0
598059597
0
1364178819
0
1217995561
0
1037270523
0
133433715
0
647520537
0
1578026010
0
460109620
0
2121254140
0
1542307133
0
1428365041
0
1959037921
0
331062443
0
36350124
0
1051178320
0
1953544018
0
336831543
0
360849709
0
307240035
0
1232580857
0
1359204637
0
1368780920
0
1256095776
0
1437457222
0
152501404
0
1143106157
0
796474637
0
1083652308
0
135530349
0
1525909823
0
716682687
0
50144386
0
963105878
0
1336244107
0
2018209670
0
545719325
0
2038938
0
2056176261
0
847571103
0
868497570
0
392310331
0
784936827
0
441207868
0
119604385
0
146205103
0
547873953
0
1855133382
0
2059164128
0
1672527891
0
1762808454
0
837292366
0
2059940218
0
1831370639
0
2110700869
0
267140490
0
1589393200
0
382427367
0
38201698
0
2105811480
0
1843041800
0
699408272
0
1776827473
0
231743529
0
1525639892
0
474919664
0
1925560596
0
318376682
0
1575129697
0
1173900910
0
820329381
0
430892727
0
699205005
0
508002651
0
1753058532
0
179110484
0
1685315141
0
1929754504
0
2085911734
0
247976063
0
1615415661
0
1802749053
0
2104041895
0
18914116
0
61967856
0
2111670644
0
1533763386
0
1715013561
0
707409693
0
965240459
0
704924975
0
6774326
0
39463791
0
1842972061
0
1674788546
0
1102931393
0
2036564894
0
1951807572
0
1217154679
0
1936952278
0
652331473
0
831048776
0
203138144
0
1791271125
0
320550582
0
1604644998
0
1168842360
0
1700625411
0
1551424754
0
49398604
0
1313649686
0
230897795
0
196290436
0
518476060
0
1685984541
0
295458422
0
787506690
0
683222369
0
323295274
0
490043208
0
556410611
0
1449340039
0
151027552
0
2141879357
0
297978438
0
191742662
0
1393449734
0
1400508803
0
1930680901
0
475996937
0
703935084
0
549545465
0
2030948155
0
2040555667
0
305252679
0
43343270
0
473382557
0
1861207011
0
1059431675
0
1081244448
0
468816622
0
283465111
0
1079391531
0
1539095308
0
1134313441
0
1193668468
0
193711402
0
122324562
0
767063355
0
689474544
0
176901796
0
1071117924
0
2071019514
0
1210021222
0
156541064
0
318195073
0
670310881
0
215764805
0
1406681499
0
448483870
0
802120
0
596328958
0
194616557
0
302879118
0
953092836
0
550771679
0
1165090383
0
918173735
0
2075960450
0
500470341
0
1859059535
0
1474024542
0
559125602
0
1983037189
0
2107317730
0
1388781786
0
255718059
0
738639966
0
1866428902
0
776924185
0
1064203535
0
1825000529
0
274960802
0
2028874517
0
1548660153
0
829389831
0
238536940
0
1885865278
0
1026581273
0
867835313
0
2146658814
0
1169417298
0
626190142
0
1707846294
0
506237456
0
2713578
0
509948859
0
103238036
0
2102367923
0
1949237770
0
976165405
0
1784382402
0
505900059
0
774533140
0
1680099513
0
170040588
0
1718912006
0
1804065398
0
605532193
0
254564618
0
680109902
0
1699153580
0
436681254
0
1350214179
0
590008604
0
1342609229
0
1622632774
0
694199365
0
130073404
0
5348382
0
1843426747
0
726761560
0
1942038431
0
235959064
0
1509176286
0
796484085
0
1242444844
0
1786993327
0
1438043594
0
1417721020
0
1306119675
0
375538091
0
214256904
0
1833193156
0
529489383
0
2103310560
0
612268653
0
1805098194
0
783865389
0
1760902225
0
1011556268
0
1745646624
0
161224254
0
1719158111
0
1645384839
0
836066654
0
786751457
0
874923220
0
1014027531
0
330490925
0
1168265333
0
592467210
0
1862210978
0
753235868
0
219134411
0
57591072
0
1565505954
0
488925834
0
1104058616
0
1654449032
0
706619468
0
568830766
0
1888971365
0
1690977954
0
467888480
0
1864051693
0
1625361815
0
1464034865
0
166348729
0
1946863556
0
1874940000
0
2089027569
0
1076207380
0
1710160626
0
748509734
0
243895212
0
1748029608
0
1557330696
0
526318036
0
342089059
0
677091594
0
362574905
0
1385321796
0
85724598
0
1959275096
0
22295374
0
1056196240
0
390379578
0
547025861
0
486153020
0
1746013952
0
2039938656
0
672567037
0
1627756698
0
912644153
0
1482072597
0
531316226
0
594806156
0
370687107
0
288147402
0
317761429
0
1971990761
0
1133595976
0
2020136095
0
710889595
0
1469894904
0
2019260087
0
1020208668
0
1137645428
0
1359799155
0
623426711
0
360018064
0
1362168049
0
1782722523
0
525601117
0
1177733308
0
806933157
0
766338894
0
1398360399
0
182193225
0
1957335600
0
1784924454
0
1026233435
0
1464172988
0
340298343
0
645298840
0
745186530
0
225380406
0
1954813981
0
206263214
0
627231440
0
2029072604
0
582941068
0
670132262
0
1508682566
0
1088466633
0
1592995685
0
799850646
0
1989660749
0
1760341006
0
169083123
0
659183280
0
25252087
0
1357547750
0
1438768522
0
716684034
0
72783415
0
1352660762
0
907539792
0
1592423150
0
1914673136
0
2016430104
0
701324621
0
1772650411
0
894822846
0
459592781
0
2024675655
0
1845346870
0
786014116
0
1367334915
0
575409858
0
794620965
0
2141241709
0
318446737
0
605060435
0
915662500
0
671823098
0
2009275807
0
718139174
0
907001278
0
1131552940
0
2042568395
0
1920917470
0
1738252939
0
449611985
0
1781161749
0
63476263
0
1693663329
0
503829518
0
334688905
0
856754842
0
600776359
0
1927641166
0
926778320
0
664332549
0
669670290
0
186770103
0
1571512854
0
515162725
0
1833338018
0
816701370
0
1731937613
0
1682110253
0
1752293063
0
198774883
0
1472387496
0
962580891
0
1102722186
0
667906492
0
607388175
0
1383283034
0
179990016
0
1435223936
0
1272369248
0
67794310
0
1252635260
0
1258623279
0
967527203
0
483525737
0
538941511
0
2051435978
0
634529661
0
136221425
0
255922273
0
2023381017
0
1561202474
0
1174781472
0
587549386
0
812721596
0
1415869052
0
244864557
0
859941847
0
477678219
0
1043954247
0
797633339
0
1230603999
0
346406936
0
233206335
0
341216570
0
1045554500
0
1923281746
0
672450378
0
1814552532
0
769134277
0
1135722246
0
1249133986
0
394769630
0
1316185827
0
2053630289
0
1007092639
0
1887361666
0
406570625
0
2087013268
0
1581588825
0
210799209
0
1701771760
0
1490759574
0
504450669
0
36955527
0
488768306
0
603969167
0
1902074047
0
716938687
0
57769092
0
262520800
0
1255674662
0
802245165
0
1432152289
0
1186805647
0
814395793
0
1636810620
0
610572270
0
1211276524
0
1927048955
0
1710906278
0
395781016
0
1134681153
0
931353111
0
243433594
0
432066823
0
1104883654
0
488477169
0
5796902
0
791767799
0
1432720981
0
7393856
0
1861969913
0
996623707
0
2029680596
0
64044377
0
504537092
0
1489466888
0
253113537
0
2061595299
0
1731029595
0
1453437256
0
293476967
0
1844930857
0
236534566
0
444220165
0
1355156183
0
2045891246
0
1933499405
0
601953431
0
235853800
0
1887487885
0
380449711
0
1159475658
0
1040771128
0
986043481
0
301481268
0
1081748003
0
342130919
0
1380632614
0
731537663
0
609622966
0
288709725
0
1178789502
0
1378516539
0
1673887137
0
985335859
0
1293380196
0
1011479238
0
451003414
0
1544588835
0
1122224909
0
2032657609
0
706577987
0
2019143246
0
1203945628
0
1123247762
0
2043878804
0
322641416
0
238070037
0
481077498
0
193577931
0
26561112
0
1883494455
0
1982348405
0
1268343277
0
1122776417
0
564434330
0
1012515511
0
687774549
0
1669856889
0
1968434427
0
1491832554
0
1358156353
0
930140908
0
1344774243
0
1502801073
0
1022461544
0
347026714
0
2059880593
0
829253264
0
90739018
0
337286156
0
1559079459
0
2000490366
0
1237603930
0
2030130315
0
1180020669
0
595903838
0
1639559305
0
1710564478
0
1093599357
0
1959342073
0
1147977813
0
1070018443
0
771911523
0
568255534
0
810981729
0
91211794
0
1840781447
0
1364361047
0
2133217910
0
753926705
0
1092613635
0
424697948
0
1810253055
0
1522268336
0
1791236441
0
1885100241
0
1053506296
0
277647357
0
2084647815
0
480125900
0
1379939521
0
1967625494
0
780997505
0
805016071
0
758129197
0
856936328
0
1503527914
0
353576349
0
470446394
0
1905239351
0
229111840
0
244515809
0
1440985152
0
1464362445
0
1377018495
0
118581746
0
138580606
0
1251971694
0
843487752
0
959094017
0
480889337
0
1326123298
0
1568980920
0
910620927
0
1837451567
0
1233642709
0
2025882025
0
645970990
0
1304593345
0
492313545
0
59258924
0
1679807107
0
1698023887
0
777283826
0
666238881
0
497137509
0
1678726933
0
723408645
0
1424170848
0
186712874
0
609665051
0
996032320
0
680173875
0
626864144
0
150896026
0
2078805522
0
1072955211
0
738047418
0
497409254
0
1950977854
0
156986135
0
1356052429
0
2076712239
0
250886182
0
1133661813
0
979174907
0
825474988
0
1013763696
0
191183374
0
583430906
0
312904940
0
1953358724
0
1517562579
0
10989834
0
22546396
0
980155700
0
129793763
0
1747873036
0
1073308739
0
237341573
0
1122684932
0
1174329582
0
1582568744
0
1647912313
0
365649232
0
1515928157
0
458546691
0
1622910201
0
1061947660
0
417731403
0
687648178
0
1693423139
0
761923482
0
202974913
0
1195331355
0
224565800
0
1148632821
0
1341319664
0
1423750289
0
1708312349
0
1896772900
0
1814874232
0
1880978883
0
505319094
0
1747672620
0
1999884321
0
1789223850
0
271738009
0
1550483741
0
1413662289
0
1810504462
0
1452698491
0
761955494
0
741000597
0
739364826
0
1164249040
0
1810107463
0
1222787239
0
2114107730
0
1691678495
0
1504462832
0
1034357646
0
568833857
0
1940921802
0
796128284
0
1704948378
0
1193087125
0
1160497836
0
1040647598
0
1057358418
0
595752401
0
1241841293
0
233046258
0
1945769725
0
670791559
0
1852069010
0
2095871452
0
137232023
0
61173683
0
1648906915
0
2049539517
0
972964339
0
1671157315
0
202374092
0
1834751043
0
943092428
0
2125122536
0
2133929295
0
1972756165
0
1112839122
0
1052041731
0
1432507166
0
708772445
0
246693206
0
1529274532
0
1432772028
0
865340785
0
1023316011
0
1823151701
0
1413963311
0
427330275
0
954616357
0
386785362
0
268579665
0
7803661
0
159627960
0
660048617
0
1684069164
0
315971888
0
1959946232
0
564659891
0
508551944
0
247607748
0
1867596397
0
1071659827
0
441365000
0
613038262
0
1855014775
0
65736279
0
1023046595
0
1590044283
0
587761113
0
76249991
0
1633345125
0
348056274
0
36342690
0
926235082
0
124066071
0
2119317707
0
1208932407
0
1184180182
0
1785362125
0
1939718991
0
2055320277
0
1493433544
0
348707872
0
250332041
0
410148614
0
2092732275
0
1064175359
0
1351446497
0
1974224407
0
19778652
0
1707322526
0
293203268
0
1539839058
0
749617809
0
1687442561
0
1178080445
0
198813775
0
2126045340
0
463626947
0
1107426913
0
283358242
0
1430727895
0
869335806
0
1595640901
0
160839371
0
1692880471
0
231236994
0
1602240735
0
1562583412
0
761886321
0
1725893633
0
1032669802
0
118527160
0
1368637351
0
990615240
0
1977107136
0
1225164721
0
1270258411
0
1098178850
0
1617469632
0
1964101298
0
1679377449
0
919212822
0
212542836
0
942139691
0
1144857306
0
163264822
0
1655246135
0
1218627707
0
924330110
0
319456372
0
394126704
0
1247946780
0
1916234858
0
347004347
0
1683958424
0
602248355
0
897674174
0
1137222243
0
689779801
0
1012388901
0
707323926
0
1671238137
0
1560749446
0
3190817
0
2088453791
0
22655122
0
660029935
0
1370080790
0
1628174396
0
1490443498
0
1634612278
0
170260275
0
1116224121
0
2109145102
0
2036651932
0
1267171591
0
757602638
0
596993803
0
631248237
0
819903079
0
1855969601
0
1081111332
0
379019657
0
746878197
0
739940264
0
98217271
0
1470232801
0
1255844025
0
1501245459
0
647060810
0
293845262
0
1592413981
0
1760569753
0
1866150305
0
389511700
0
992985844
0
1017659271
0
1239602989
0
1268576576
0
748865416
0
1926875292
0
939635884
0
2013045997
0
1806696741
0
1880841054
0
336310738
0
197614662
0
1299905972
0
1168530473
0
753707896
0
1710058066
0
1172267461
0
1284239449
0
2001766993
0
1219037449
0
1368412963
0
1514293418
0
900775729
0
1725449600
0
12258112
0
2011141919
0
2017112500
0
1432935958
0
1473028648
0
1001004320
0
492715642
0
374852262
0
1572430783
0
910409899
0
438187618
0
897870163
0
136242072
0
602936402
0
1724261868
0
1524882858
0
636351108
0
684510096
0
491286493
0
2124948783
0
1361146271
0
1789568853
0
1775236136
0
1403429981
0
1634795666
0
1104978744
0
2086654799
0
1999251283
0
1887172419
0
1520863590
0
1803990536
0
1494810206
0
2011429636
0
410321178
0
698048129
0
391740542
0
1945911339
0
903414410
0
976604580
0
575662039
0
738059738
0
704471494
0
975053747
0
280615572
0
431829792
0
1416070931
0
1490361263
0
252488633
0
148768359
0
678844605
0
1908143371
0
1792335746
0
1033766553
0
1371752041
0
1799602542
0
760239046
0
1957430119
0
1226021640
0
640110515
0
1591837782
0
666327748
0
1990725178
0
322846386
0
1535517180
0
1126258261
0
1101727969
0
1137970549
0
381656861
0
2120692885
0
699228936
0
910210968
0
1389721595
0
1018702393
0
1591485267
0
1184059084
0
1897551686
0
2019028652
0
1425447917
0
175575087
0
247956231
0
1282099237
0
390962261
0
1750244454
0
127541772
0
405882298
0
1255719614
0
1557753429
0
1188740626
0
1123333141
0
1331360010
0
1535569977
0
2013617440
0
673521007
0
481261312
0
1135456182
0
1072363632
0
1532797400
0
512072388
0
1433651587
0
615703369
0
1550311537
0
666913308
0
1094813863
0
896707945
0
2077680616
0
1494012892
0
1495875120
0
582086411
0
1338297592
0
23910066
0
277037273
0
420900615
0
265503087
0
1986848390
0
1737663527
0
1280782736
0
1886850071
0
398128048
0
1926542331
0
1786011298
0
2112951367
0
1584038377
0
578230380
0
954493985
0
477562805
0
1251674796
0
148490360
0
301482706
0
1105916469
0
667129698
0
436713299
0
1888794494
0
865790704
0
2142653703
0
427509778
0
1824039631
0
1305017292
0
1175139833
0
168071772
0
841276199
0
296744745
0
931900881
0
859869396
0
1407477909
0
948844858
0
21965784
0
1959228051
0
1379093706
0
636914671
0
1566378849
0
127286570
0
411669578
0
1885770459
0
1580441987
0
263245766
0
555276342
0
1713033779
0
1792951971
0
653241893
0
1100092187
0
1562669886
0
67771192
0
864091034
0
1493587424
0
787485385
0
325149234
0
1584777870
0
121987349
0
1541975405
0
147979839
0
311090847
0
1528668731
0
1988492856
0
1458916178
0
35922200
0
301510593
0
1574613278
0
1084381365
0
1651373113
0
549256363
0
1466978135
0
241763738
0
284084442
0
751069413
0
314747225
0
704388014
0
1719489034
0
764756759
0
577221218
0
1173377427
0
612085188
0
869085586
0
1685160655
0
1480791949
0
482301760
0
1442396542
0
1563274058
0
1632155408
0
1827319125
0
588898128
0
2006191920
0
426857893
0
1605226671
0
207602236
0
1657337724
0
2012225678
0
904497190
0
1995018864
0
1619866637
0
1448375040
0
1112158535
0
350834257
0
1628746384
0
366427579
0
1712704304
0
550432940
0
1914354951
0
963662103
0
2094783094
0
1172551940
0
1770510708
0
1440056524
0
889297178
0
2078971173
0
1709567921
0
1524335034
0
19007728
0
1635304740
0
1071050874
0
944110164
0
2050342312
0
1580638022
0
1410522364
0
577392515
0
1904882459
0
673278937
0
707758116
0
378734879
0
255581645
0
593413515
0
586889937
0
466780488
0
421899325
0
2018436528
0
63554437
0
860050100
0
149602743
0
1817434611
0
1963595796
0
1773339923
0
1746032795
0
209149310
0
1889206678
0
1350916251
0
1652314473
0
1338308354
0
204787000
0
1586306506
0
43968837
0
249868891
0
1215921152
0
532416812
0
1912485882
0
1762474125
0
1660675804
0
133277769
0
174019762
0
2024896367
0
1259886160
0
717931700
0
1714953054
0
1837952191
0
1057695689
0
1969298804
0
987031264
0
1870764620
0
632892613
0
539643100
0
958140419
0
1633636927
0
957405194
0
14128587
0
1235960539
0
179461542
0
1143096006
0
625866780
0
568068454
0
1961695463
0
2046697897
0
458497233
0
791669595
0
1929690000
0
1001793006
0
863259362
0
400578002
0
153246269
0
777150330
0
570055256
0
994138325
0
1060054615
0
813578793
0
790393502
0
1957231419
0
33954387
0
1588215854
0
2069609615
0
1136168846
0
165205598
0
2061613662
0
2039656536
0
225943491
0
681165341
0
110564030
0
676297555
0
2049546961
0
1098075647
0
2030420458
0
1761486776
0
98686690
0
769823346
0
1979486694
0
416206734
0
832340059
0
430895055
0
738331701
0
980386341
0
1858693403
0
1762894959
0
143698254
0
1364935750
0
1054832996
0
1100657787
0
331290851
0
1727719733
0
1659161444
0
451233013
0
1108491934
0
1003297013
0
371301247
0
2020063794
0
1643210335
0
796399925
0
1975451371
0
1314009777
0
1987979938
0
1428237940
0
1970335061
0
1223533487
0
1771395984
0
1286504727
0
1419588693
0
483845081
0
1611188825
0
1629276752
0
690387967
0
496416628
0
300298201
0
525293757
0
306901082
0
1978248727
0
1084531835
0
2032838756
0
1603631969
0
1322733133
0
425052587
0
1328219787
0
297449544
0
2040039439
0
218943271
0
1140068386
0
1280264968
0
1774657883
0
274666398
0
1375793783
0
1009683632
0
337024430
0
1455217871
0
155502214
0
38112299
0
603282487
0
1098461522
0
2073370642
0
2070723872
0
536133422
0
2100524389
0
1029732890
0
149971057
0
1565237068
0
264726126
0
1813366745
0
166964991
0
1566960755
0
1317446124
0
1760605498
0
319432873
0
2146662658
0
1234023406
0
1981805563
0
734732371
0
615989147
0
2058415089
0
1968331300
0
1906060712
0
1148824285
0
264287818
0
889175130
0
27710437
0
1872846907
0
1270151870
0
1455027910
0
1257794981
0
2078708246
0
1585521126
0
1876472706
0
2079413547
0
554613151
0
1304200877
0
338554810
0
1406510767
0
1873958440
0
624334178
0
579430404
0
1795944530
0
1557057125
0
223377533
0
504782175
0
1313609575
0
1704235865
0
2102783016
0
335771233
0
1867572362
0
667703582
0
1492047099
0
669046874
0
446435626
0
2083187211
0
1701558236
0
49545353
0
1632576482
0
314375255
0
895139165
0
1480998920
0
1813379710
0
384867746
0
251462258
0
78352910
0
469882759
0
1022160494
0
1729730305
0
1091106696
0
867377939
0
902024937
0
1246051986
0
135203158
0
321777980
0
758686714
0
1637189959
0
543671902
0
2098222576
0
997867445
0
1458348692
0
1235603233
0
616670541
0
625702165
0
2096351443
0
1761989819
0
2110879450
0
1121067710
0
1910966839
0
2001722188
0
465999814
0
186013289
0
1736641838
0
1289124889
0
359494840
0
1158276869
0
220077228
0
871130862
0
1700376035
0
1655129616
0
1407776521
0
1672649448
0
1658333306
0
1565103176
0
161886929
0
2119318601
0
1223957865
0
313982442
0
735582015
0
2011053973
0
539004078
0
955515900
0
473019034
0
46443244
0
1035038047
0
1266915229
0
743893798
0
2120753799
0
1723010534
0
1968548790
0
1266447848
0
1478555919
0
1556051196
0
496598006
0
1201234600
0
656156753
0
698020326
0
2071939168
0
1634260471
0
699890967
0
1299547750
0
1590344260
0
1334507258
0
744275938
0
2100929838
0
1401663292
0
2006824701
0
324589925
0
774406095
0
1692337845
0
1848740047
0
1980565133
0
1361661831
0
1864651185
0
963605624
0
1145540541
0
908977232
0
2129157113
0
1223588230
0
543977938
0
799318687
0
1638960424
0
235106099
0
58295413
0
518463259
0
1470838134
0
692257521
0
1853239648
0
295947848
0
423354884
0
712212877
0
87975361
0
1133143191
0
852629541
0
2133802803
0
1994288768
0
86561400
0
991020781
0
203100135
0
1152453862
0
1137046341
0
2028362181
0
1527763589
0
1808156791
0
650097640
0
1941723191
0
1380171325
0
1568588028
0
749736024
0
1526798419
0
618930130
0
2095392489
0
677235470
0
633215190
0
1666227445
0
1097911235
0
1414631621
0
922198210
0
995835071
0
1659977226
0
1277179205
0
1451846670
0
1477785476
0
1492117577
0
1853570620
0
1563626958
0
1120894767
0
1151797485
0
842736337
0
1214963994
0
1625331482
0
954228134
0
304372342
0
279904840
0
1371458950
0
1168589399
0
1744077178
0
1700832743
0
741086384
0
33703288
0
1662962255
0
2054437727
0
1692801223
0
1046799505
0
1373244311
0
1110380668
0
534994646
0
140985333
0
866029090
0
1854239911
0
2074982560
0
1244942287
0
811844888
0
1713423225
0
1895919952
0
364279078
0
2110069996
0
401476214
0
217109824
0
390095715
0
71107714
0
1106441466
0
900819689
0
316801673
0
873757198
0
744048600
0
427543719
0
247002371
0
282959746
0
1175656564
0
262835101
0
95680628
0
1786546840
0
376387526
0
1605809067
0
1405997220
0
1832708599
0
975474472
0
909289706
0
938456690
0
1521685262
0
581446311
0
1317555127
0
1445135272
0
348468934
0
529468369
0
1750128262
0
322186475
0
1181811238
0
625225963
0
535275370
0
564146307
0
466680244
0
884582064
0
141461467
0
278478640
0
1023635667
0
753159152
0
1077252246
0
2091354312
0
1527071335
0
910862048
0
1595004920
0
209324939
0
546035987
0
1029209878
0
2097126608
0
1905286092
0
1014687827
0
690667562
0
900602499
0
961456637
0
1534738031
0
916002900
0
2097958604
0
856257335
0
829110798
0
1991280250
0
1062006902
0
1413411697
0
1893772012
0
771073497
0
1515938081
0
625339359
0
293638295
0
261403259
0
1800515898
0
1078627809
0
1588121536
0
484406989
0
317758346
0
1920174780
0
2140763991
0
879374899
0
671468839
0
350212088
0
1909370236
0
937419331
0
1266661725
0
778219364
0
1357440518
0
1784003945
0
587624201
0
2070137301
0
1415052860
0
1559511142
0
665851959
0
436590396
0
1970647420
0
30900259
0
1797094086
0
1550291994
0
338454107
0
1861479093
0
1337346555
0
1219700383
0
1772926466
0
1239511937
0
1885749259
0
1224133587
0
1119858449
0
914270035
0
890983960
0
363945189
0
793364867
0
357355446
0
1708703910
0
2035287686
0
1960609186
0
969509534
0
1588308149
0
1473328033
0
1737800721
0
1439118647
0
158783968
0
1507460602
0
2025754155
0
644343547
0
1869446255
0
2097452175
0
934639720
0
1794379882
0
1029821953
0
1646852898
0
1887414150
0
1288669213
0
1290882896
0
1989031078
0
1914878744
0
1177116466
0
1177087898
0
696945522
0
1187577516
0
902296194
0
1510101091
0
1307296191
0
821889680
0
885034256
0
1299001470
0
998950888
0
340422370
0
582336982
0
1254677095
0
1216005772
0
1954625152
0
1327581505
0
307262205
0
1605192047
0
1773160315
0
874844786
0
1843270940
0
255596958
0
850779106
0
1098312816
0
1721552547
0
1086481398
0
439405745
0
2043577829
0
1706605532
0
1127586992
0
1958873416
0
1861194202
0
844150812
0
1365725202
0
1438250878
0
606575914
0
616514289
0
147058448
0
2005141486
0
2099566478
0
2109991889
0
1236215512
0
169825459
0
250722550
0
530982436
0
1427248567
0
374328579
0
1360825190
0
688127780
0
1164159365
0
302939738
0
1971933176
0
165764881
0
724064808
0
1714884154
0
679949891
0
1157332350
0
1525415571
0
999723911
0
447718049
0
14550455
0
1883845074
0
1432750997
0
511872768
0
226121894
0
1532100915
0
1691150875
0
1226688080
0
1103549360
0
1685318028
0
1978276313
0
1548169737
0
1176902707
0
1879407679
0
2015380877
0
246835608
0
1775141299
0
1956988169
0
240618931
0
370666016
0
2081154612
0
1899405195
0
958699710
0
296222529
0
744951157
0
564433689
0
1001742224
0
9766288
0
933245244
0
1979741867
0
409932051
0
600441581
0
595994614
0
1017747890
0
581538875
0
725794628
0
723197836
0
28587632
0
1583477743
0
1893072977
0
1907294134
0
404111369
0
1556486969
0
1378183876
0
377787390
0
1511003198
0
1436623011
0
1164302656
0
563747928
0
213575332
0
1115430787
0
1660482446
0
1178477157
0
423901418
0
1307875227
0
1963813144
0
1131340465
0
618984717
0
865352551
0
1221067173
0
1122245879
0
237616752
0
1452651091
0
2112787341
0
974737042
0
1400205578
0
1129345620
0
1451363154
0
1941266652
0
149571293
0
1288854461
0
109378738
0
82447734
0
572113023
0
1219289942
0
1317095520
0
162971364
0
1018064823
0
1613264512
0
8126162
0
1284934973
0
806536979
0
550226189
0
586974541
0
1888719916
0
1759841905
0
370627204
0
1428841328
0
1374058942
0
1916982003
0
19368480
0
1256012663
0
40577031
0
1225843918
0
1948104155
0
1250850923
0
1334042378
0
1520972366
0
1484705121
0
1826474154
0
1419856060
0
682514956
0
1318706865
0
1475043015
0
496732137
0
1308090670
0
1289796351
0
907338439
0
355766926
0
780252034
0
1160786856
0
1603239444
0
1168016399
0
703600766
0
1373113780
0
1064029798
0
1052486417
0
316410180
0
736385288
0
479277755
0
10068388
0
1715672650
0
1047300281
0
1199851955
0
1040362355
0
558246611
0
94737334
0
964990111
0
792293433
0
1677117031
0
1583073142
0
1535394911
0
1218766825
0
1115002689
0
907890301
0
1040976972
0
150696295
0
869410252
0
699371176
0
1153355001
0
1250103985
0
1665157294
0
291752554
0
780008977
0
1370695151
0
1216321488
0
818413023
0
434918526
0
1788815741
0
2002584634
0
2076227854
0
699762075
0
1280743553
0
1228301390
0
301163119
0
29585054
0
1167280121
0
1213878302
0
557975214
0
1975818896
0
1048551511
0
754438095
0
1097610777
0
659801309
0
1822530902
0
1717612753
0
1442356697
0
893599143
0
1367652930
0
1625320669
0
772494043
0
1768734586
0
1653545128
0
547090469
0
1572019676
0
443385491
0
211692147
0
1676995197
0
1682892751
0
2018835067
0
319348469
0
728084630
0
556555804
0
1742115143
0
937165203
0
1290499723
0
1991493408
0
349586114
0
2126043453
0
431912138
0
652576506
0
654351113
0
415399904
0
156850131
0
1217716848
0
647908426
0
1654825492
0
591331747
0
2105837160
0
127161913
0
464043026
0
1658015725
0
522486603
0
371704038
0
199837543
0
5161293
0
846505571
0
139970422
0
988289089
0
1536192925
0
1746086241
0
1107416232
0
103842675
0
1527117361
0
1684421030
0
1934816456
0
1262793118
0
183050925
0
1340313971
0
1700937214
0
349446834
0
1932648140
0
1327128105
0
1276902993
0
1104518880
0
800171492
0
939668530
0
414243672
0
51411730
0
788520016
0
534323275
0
1742154818
0
1603982928
0
778850105
0
1220886270
0
229292805
0
1138510917
0
873687249
0
1715899404
0
563387465
0
597724632
0
29389358
0
25701096
0
314107425
0
688687649
0
1983943060
0
152422451
0
1963626733
0
145814435
0
424367818
0
556725439
0
298203294
0
1823413807
0
1524211559
0
91247050
0
285845392
0
282585005
0
1319835518
0
1116961163
0
1611708114
0
1767032387
0
961973946
0
1639215806
0
232344079
0
881665507
0
515011849
0
1445048733
0
1041491608
0
210248959
0
1043654598
0
56399890
0
872662903
0
1679585358
0
118572091
0
2123792668
0
1257674289
0
50237802
0
385664943
0
765050355
0
1216721896
0
1105619338
0
2115699922
0
534362028
0
245992842
0
495675019
0
720977620
0
1368122966
0
935281133
0
1837189938
0
1131411400
0
1811189262
0
77230209
0
927999875
0
1867654611
0
2050062525
0
1173225207
0
201207295
0
1551746687
0
1165159241
0
2075470141
0
849781566
0
1512527212
0
1280922545
0
2089136287
0
755947159
0
690645661
0
532512392
0
1371415295
0
434879814
0
1138183157
0
1807475870
0
2090760275
0
133026064
0
238581121
0
480931698
0
2038084625
0
1724122725
0
1333790104
0
1575970542
0
273597296
0
587265645
0
338853903
0
2138399524
0
1941967323
0
1188330555
0
673720785
0
1691446511
0
1900475038
0
1759681835
0
1975298008
0
883921483
0
1923978482
0
1645074095
0
2055843187
0
1692047326
0
1260954508
0
1493787360
0
2000326090
0
624100845
0
952769967
0
1566763337
0
146925445
0
1917243712
0
122944349
0
446405229
0
1572304832
0
941035089
0
1907164315
0
369727083
0
1332893210
0
1534258613
0
1448359162
0
845296989
0
1302169218
0
552200349
0
1554426956
0
1115283737
0
1336496743
0
1969295628
0
933652232
0
230054595
0
1057013565
0
1242258971
0
810509463
0
743771720
0
68988853
0
2001966638
0
279503670
0
1071445701
0
1137516612
0
1342272290
0
254666295
0
241511594
0
341267528
0
1902005606
0
1714134447
0
964526224
0
1585679212
0
238456814
0
539187596
0
1892419279
0
1658010083
0
427661509
0
79215254
0
2078396485
0
640721293
0
1119765393
0
1497761490
0
74052296
0
1203907259
0
478379979
0
2101016332
0
707884303
0
352076141
0
1026254302
0
1814884657
0
2056191858
0
1109709882
0
2145996226
0
770719017
0
2000643662
0
1666566155
0
348159264
0
1767295620
0
1091163683
0
1825158448
0
781621788
0
559922217
0
339359965
0
2053848970
0
387496912
0
1490182280
0
1539288646
0
88777913
0
1736732773
0
669985787
0
1194360888
0
1093796107
0
971152029
0
1276434203
0
1815499938
0
1659801390
0
469387200
0
1283234969
0
151857162
0
1052749098
0
436322453
0
1762296713
0
826395967
0
1460272220
0
1352083624
0
1944999661
0
613227793
0
745494998
0
1114834788
0
233461841
0
340538618
0
388633471
0
1264976570
0
373106690
0
151889590
0
1597766494
0
1525942570
0
1267061516
0
1055055760
0
549685041
0
81834693
0
1006151171
0
1096494519
0
1226205926
0
1589921670
0
674488069
0
1702286817
0
1557387985
0
1489174259
0
1777348875
0
405012355
0
1666973142
0
745938832
0
2131901885
0
110331000
0
1054729639
0
1511020335
0
1724644570
0
1514504431
0
152303926
0
2119060705
0
1184467087
0
164923519
0
1615679203
0
1937132153
0
1528006951
0
1603374631
0
1292620661
0
1130876375
0
1408958675
0
66275256
0
1491698446
0
1251686844
0
350981096
0
1949185810
0
102873685
0
273687960
0
2111055493
0
1932338764
0
422412967
0
2061283034
0
777759034
0
63125149
0
87457625
0
1021488827
0
1178441271
0
1968249063
0
523903453
0
562381871
0
876575450
0
865769730
0
1790143685
0
699019325
0
1682246185
0
1889418540
0
616713591
0
1349243515
0
1455927932
0
1352079206
0
1870746335
0
325576618
0
177886170
0
435622566
0
736714139
0
1711309218
0
725542655
0
783254919
0
90667523
0
1283153338
0
927368592
0
1995099465
0
827043997
0
1614294195
0
134139167
0
1766634066
0
709843840
0
1073759795
0
1375788824
0
926337719
0
1849086130
0
1354731173
0
1345199117
0
53723803
0
992825281
0
466560577
0
1020822442
0
715926811
0
231038336
0
410879376
0
1489747327
0
671484516
0
613695427
0
15085048
0
131331390
0
1820966261
0
1190495230
0
548191511
0
749879747
0
1794867233
0
630795622
0
1802737362
0
1907551258
0
430627143
0
530502011
0
1942680180
0
284416272
0
2033168929
0
710398639
0
1808332000
0
1447351656
0
1092012823
0
1064268899
0
776089630
0
2070223179
0
710920759
0
1993668252
0
394967223
0
342164084
0
1938036769
0
1699502534
0
2006583838
0
571372778
0
1662894109
0
909107905
0
30410930
0
15392524
0
1004113228
0
1204524870
0
121149821
0
350544191
0
1048574416
0
1139402430
0
824960711
0
960244745
0
493822010
0
1789710062
0
2001052152
0
2089606644
0
71302670
0
88099664
0
1074820065
0
2015877538
0
4282447
0
1108126378
0
1301848262
0
1600343798
0
1893017958
0
982589801
0
237539977
0
162293666
0
365412772
0
1836712231
0
1692524439
0
689858111
0
181061424
0
115025369
0
496094483
0
1328458127
0
8262630
0
1431069002
0
159870214
0
436644301
0
729145108
0
1200140374
0
1592853194
0
552488056
0
2094951211
0
1850610712
0
1208577083
0
1654700655
0
640679935
0
424661487
0
1197453028
0
1523785559
0
1521399638
0
75931037
0
567652541
0
1413896613
0
1453820636
0
294493686
0
1753057914
0
168723758
0
1061786666
0
2006872539
0
1128603191
0
1858260833
0
935141910
0
1644752624
0
947847384
0
437289442
0
834611660
0
2102471063
0
1535228103
0
562708416
0
2069849971
0
880864844
0
2090654337
0
500009745
0
560273504
0
1948473280
0
1012283857
0
1089333065
0
1122732780
0
1978510918
0
1196208678
0
2084831579
0
1421163801
0
1186881473
0
2088803375
0
1603146116
0
1746936350
0
362812666
0
1086403629
0
1279825809
0
836163511
0
267143409
0
1638452833
0
293958750
0
1352323150
0
1675745849
0
12453738
0
1004060807
0
323485123
0
1533351704
0
1238325128
0
1266403219
0
728476316
0
697171465
0
690034223
0
993492161
0
937394502
0
849360722
0
881853045
0
1519479368
0
14207852
0
420683747
0
915569905
0
1263062580
0
416931465
0
127992094
0
1531993211
0
2028453394
0
913296833
0
1714247122
0
710771302
0
1629228100
0
2020177450
0
1405943080
0
922777619
0
2144027546
0
2042852609
0
255251227
0
1482529130
0
1761815416
0
1327171876
0
2012562190
0
117803433
0
2089859544
0
26825676
0
2035054309
0
185725594
0
1196319267
0
1796017255
0
631862553
0
407293856
0
1357454803
0
2024091940
0
624783453
0
1687944388
0
1022352246
0
657538875
0
305024663
0
506045652
0
1074031044
0
1639703473
0
1986112407
0
105415481
0
43980392
0
444073776
0
1042279907
0
574288370
0
1273124972
0
2031829343
0
1818296854
0
1422928368
0
779187984
0
457167682
0
2068226055
0
1504996043
0
1406100335
0
1418278757
0
2090070846
0
1430694743
0
312150142
0
4886973
0
530976625
0
1329583090
0
1735646595
0
1741944964
0
224450397
0
1356538247
0
1651920777
0
1163910623
0
417300238
0
2030992611
0
640244012
0
1688038214
0
451802181
0
2084563922
0
1217619896
0
1165919809
0
1973434635
0
1778466177
0
2003637893
0
450999044
0
1471142245
0
1508483804
0
2042840993
0
60021115
0
1605049362
0
1522537167
0
2014511764
0
672038946
0
1342065849
0
1079979702
0
687067070
0
516675571
0
1489936976
0
1711431612
0
635134966
0
1719647972
0
1288544078
0
1335222598
0
2029577083
0
471785033
0
781424907
0
1545910544
0
1861351602
0
1342088965
0
1468490314
0
2034636074
0
1746384537
0
1825909810
0
524861040
0
1624161051
0
610147140
0
508567555
0
509981825
0
657297598
0
544849418
0
413897518
0
676052393
0
76592874
0
953728765
0
501412147
0
508123801
0
1641742935
0
1903611889
0
793645417
0
777592002
0
1550785619
0
44874894
0
445583361
0
644071238
0
1587716186
0
114140480
0
656150589
0
594421978
0
356258402
0
450554578
0
443453124
0
1348399978
0
163503455
0
1370983672
0
1770526641
0
1707842455
0
441715383
0
59474402
0
1006378559
0
623237341
0
1472243768
0
694428042
0
1825964096
0
1437245842
0
894805038
0
160293725
0
1112142737
0
85317271
0
1555781148
0
252868564
0
91817735
0
1287413599
0
1662614868
0
510871712
0
581242878
0
45940343
0
1172715528
0
224966930
0
1447973790
0
810800726
0
1344061667
0
263954476
0
1729147077
0
2026211935
0
1895801066
0
513645723
0
2106889168
0
628391193
0
46204805
0
1322561068
0
1828123426
0
1221883153
0
1951519857
0
676495968
0
1089306958
0
683952431
0
1856029073
0
2080657236
0
2129941351
0
1519374414
0
397729621
0
1672630683
0
1342949951
0
906696487
0
303897897
0
895842313
0
413905474
0
809768885
0
1181779156
0
86023789
0
545327292
0
2003074895
0
1726109893
0
372384328
0
896053338
0
1813119002
0
298115684
0
350952537
0
1469194697
0
988299273
0
1707355413
0
845935077
0
1289095999
0
2021424257
0
886191859
0
1427482268
0
7173992
0
314199312
0
85548811
0
1152306634
0
810068992
0
1930710211
0
968610107
0
1504024089
0
102854986
0
2106897514
0
768662415
0
1795072200
0
1928192344
0
1600492378
0
95234724
0
734689253
0
2038788568
0
670390844
0
1559702946
0
1742018140
0
1454319429
0
87773049
0
2027852701
0
1554867817
0
2082383623
0
1080556602
0
1793090782
0
838754723
0
867970553
0
124670200
0
1535495575
0
763143026
0
1372498098
0
1453680659
0
89383894
0
1184037205
0
1529831333
0
53508200
0
1664152954
0
591679350
0
1505549840
0
2123831926
0
1917483495
0
2005493583
0
1574809816
0
92628237
0
2024618831
0
890305902
0
1852726265
0
257454355
0
2003279427
0
868711923
0
1847457555
0
1900558559
0
1015935635
0
187740148
0
695189993
0
1747172671
0
39692419
0
1390555563
0
2817040
0
101351046
0
452498051
0
895149130
0
1648480675
0
1328174778
0
1688466928
0
1214747438
0
133158437
0
315890485
0
591806011
0
1486857620
0
1496302848
0
1328459966
0
39170703
0
1212009339
0
1358568778
0
1419316942
0
211493318
0
482759841
0
551429321
0
1480661242
0
432992858
0
1636368370
0
1767611108
0
2098603205
0
952648107
0
1666145964
0
1875943715
0
1778596398
0
2044778593
0
413009610
0
785368166
0
1248271500
0
931352957
0
240845316
0
2028035064
0
324875464
0
1278492774
0
2054164383
0
1393675909
0
906864734
0
984141579
0
548469059
0
1119661689
0
1902292009
0
85258727
0
571832140
0
793456655
0
1900036362
0
829305244
0
964366878
0
1055034637
0
194670780
0
1214205079
0
1755148959
0
953178721
0
1994240874
0
1429090589
0
1268421275
0
286205156
0
2034171259
0
376689773
0
243223455
0
1195227944
0
634020770
0
173224976
0
1551829947
0
417026414
0
1723799937
0
203659482
0
1963464303
0
1710820719
0
1105274550
0
615815300
0
1284052207
0
1002274346
0
363206154
0
1257305504
0
294519248
0
35194801
0
961017482
0
596310887
0
2038380907
0
261283358
0
1932823438
0
2125877944
0
1945169669
0
1323068602
0
1768312776
0
1006635399
0
644979927
0
1827666680
0
2135287719
0
1181468216
0
1302506150
0
1920049179
0
29787984
0
282957337
0
1135168501
0
532276359
0
1699375958
0
2026704653
0
1586977904
0
590736788
0
696295835
0
1005706342
0
62704457
0
1606821769
0
1246610558
0
933188174
0
1020566377
0
707209650
0
1898085052
0
245892779
0
961399825
0
579898747
0
1077450743
0
1132526097
0
1218548918
0
1747607034
0
897580419
0
1708965605
0
2138628257
0
1491315560
0
1258972783
0
399189990
0
447248702
0
716170014
0
23583863
