500
369
27586
13919
4878
20789
23395
25722
534
27474
957
25696
28347
22459
16841
28246
25636
7782
4988
31382
15758
11008
25108
8801
7938
13060
14371
31284
31186
19575
9225
8653
1469
10968
19666
22656
19235
811
18241
28991
24502
12633
24338
5400
20014
14439
27077
7151
24263
31207
10971
2494
271
30406
15635
17422
24275
24601
14611
7013
3079
3837
20185
2886
2256
29813
17129
12573
27982
7065
16547
29642
30709
2588
32047
17081
4306
15624
24000
22502
16997
24356
18073
24426
18807
10758
30264
29968
2915
23088
6647
9842
23989
16004
19453
21819
9808
20161
215
3475
8625
17191
10770
2973
25259
26004
26149
1854
19872
18362
4366
13317
4097
8253
2640
28918
22516
21541
18647
11314
6802
20308
291
26983
4801
2562
170
23586
19484
26712
26762
21684
5329
4238
12362
22639
1633
19007
29238
25293
32490
21923
12889
30072
15318
30533
30790
29261
20602
29459
5036
30215
26990
18656
28401
15781
14342
9187
5814
22463
25819
2855
6487
7991
13186
2688
20429
7585
3016
27274
14922
15118
7754
4045
19792
22821
14192
851
4786
26697
2374
10171
28620
28223
8843
23906
25903
3850
8778
12
22948
13647
12479
11958
15879
23082
29464
14342
28111
20842
11621
12949
25522
18420
23869
19861
32202
31661
13298
15626
16122
7153
17985
16073
26494
1581
17571
7284
23447
15344
8735
5899
12304
23956
16533
2306
21898
26903
2907
1819
17213
16987
32120
31754
29570
22615
16885
18101
1035
26571
23100
14854
25264
4006
9451
11564
14726
1922
26595
31699
5740
24440
24098
10606
26071
13911
2808
6988
4709
2136
16770
18002
8263
657
32258
21370
26489
20298
4960
23312
29583
24443
7352
23926
30479
10449
12739
3397
4808
22388
8406
6533
19821
12706
32332
26978
20223
14180
31651
8286
26650
4831
27642
26372
25938
6876
13398
21920
241
16260
1775
6685
19375
24701
11682
23256
16885
11570
9512
18539
23616
94
24784
2754
10471
12801
18354
26042
11610
19789
24962
9564
12790
27310
24695
11848
28877
16890
25880
6095
525
2076
15857
1381
9311
26625
9461
12753
527
2736
5621
22435
13486
31339
5923
18377
22091
374
17076
13549
9726
20556
19208
5834
1147
32483
31597
28728
1599
2921
1170
3456
18717
5019
2510
10365
2546
25339
27109
19827
18392
12320
32146
3860
24661
30977
13806
11345
23800
13128
14606
14933
5865
2901
28862
21903
17404
19640
26202
16942
18320
16725
14340
4587
13490
5480
16426
31937
32704
7592
32371
25062
23511
32546
12262
12415
27834
13309
1061
30580
28777
1696
21304
29234
14216
8558
12435
26027
16399
12491
25432
7055
6732
17639
3438
6137
16503
23488
12682
22980
21085
22080
10009
21644
16647
20352
20180
21925
16411
5651
13061
7168
5492
23352
22188
21325
32492
20983
9344
19106
20252
19926
17248
16588
5604
570
643
19593
18048
542
17768
16325
15378
9442
19133
20811
14561
14301
6087
31360
488
5324
22943
26546
21843
22300
26793
18317
3636
20957
10810
11370
30357
17476
24204
15813
17176
26621
7352
26160
24767
13004
22612
1280
16390
16020
27756
18034
23419
2437
20406
5000
0
965196629
0
2115757812
0
1507319258
0
1797669194
0
478713915
0
1271027743
0
1143439892
0
2110591488
0
576257670
0
11411720
0
670733457
0
875548696
0
788984428
0
1897244818
0
1156465470
0
1988148940
0
2121170907
0
143410102
0
816932380
0
1319555389
0
703800354
0
432622002
0
1845842519
0
526452271
0
450693057
0
623386030
0
1823776144
0
1171558577
0
107444296
0
1930019392
0
95433409
0
1926504401
0
1148521788
0
1622671680
0
1348092507
0
1438289299
0
1252317661
0
215704180
0
387757124
0
1568598070
0
918511918
0
1317351190
0
165049760
0
1589928043
0
781599080
0
178268861
0
425059262
0
1440406512
0
329094553
0
1321761246
0
1270416954
0
1615327404
0
319413654
0
1823648925
0
1180872491
0
2027574310
0
1170917574
0
71525110
0
1679165097
0
1645180052
0
1689178839
0
294933733
0
558993255
0
1906164807
0
750865303
0
1179237749
0
322269280
0
426031226
0
596336284
0
317744639
0
1689801231
0
18057842
0
702956267
0
1278437322
0
1122182619
0
1321889579
0
1279826038
0
840012314
0
529466020
0
1710648619
0
360273497
0
1360263186
0
1979944787
0
1672924844
0
1991946584
0
1523664205
0
1629286607
0
856020952
0
1151189011
0
1353532054
0
518958907
0
1211259482
0
1640624061
0
278565747
0
340159369
0
457046469
0
30999164
0
1311906774
0
1002546869
0
648532921
0
1413294722
0
2075256834
0
1559698111
0
1660756295
0
1486090006
0
1479916232
0
796511670
0
1706065939
0
648582029
0
91169231
0
1125425106
0
2131277413
0
352248331
0
1772767985
0
723405417
0
1369917852
0
1037159077
0
407844440
0
2021185503
0
1168420675
0
1055816557
0
451498338
0
1272841915
0
1569457638
0
332885765
0
616151920
0
499173606
0
1539670860
0
70197670
0
843717487
0
525282868
0
123889659
0
1301844870
0
1543334454
0
1514679912
0
954129446
0
793206773
0
1995236882
0
989127869
0
601182856
0
169701657
0
317465983
0
1301397133
0
460669636
0
796024817
0
2113462156
0
1578934512
0
696917205
0
711653697
0
1427255336
0
488095162
0
27856194
0
27617512
0
311056432
0
950255826
0
113784843
0
1121410471
0
1229300025
0
2052836035
0
542967543
0
997479098
0
1373851604
0
579735884
0
487695949
0
1908217891
0
897309739
0
1454614139
0
745996725
0
957425889
0
361949452
0
1610751460
0
720934138
0
637320992
0
1952964955
0
1341937937
0
1077646365
0
125377757
0
542504192
0
1799873429
0
1018069561
0
1692896078
0
493543843
0
1409524587
0
987623652
0
1089611501
0
1507439338
0
1668370107
0
602409470
0
1458050332
0
516034007
0
1444589063
0
1905752506
0
263773337
0
832227551
0
687456746
0
623509162
0
1745772021
0
121287986
0
525199699
0
873551923
0
1588958969
0
1674241538
0
499302525
0
1558928846
0
1616621322
0
591457010
0
2063648754
0
1883709428
0
1300432322
0
1424960335
0
570719001
0
1412282305
0
91949844
0
1360285915
0
214467443
0
1076754835
0
173818576
0
791046912
0
54191407
0
261911121
0
1746217944
0
1173464906
0
2082344741
0
427066828
0
821829922
0
2028165197
0
364537148
0
5001545
0
309104582
0
357767581
0
45522267
0
588563137
0
670965477
0
480141542
0
1642834615
0
924124826
0
1164215478
0
1246030929
0
1928781806
0
770161977
0
1228406970
0
2075646179
0
1660968585
0
759080742
0
1817167614
0
1771144511
0
1354965310
0
985372382
0
1907222257
0
1343558277
0
393413334
0
2143239072
0
1675871973
0
2132219806
0
1158661953
0
249733075
0
1080745287
0
669352283
0
1284477395
0
1705958121
0
983968550
0
1935337950
0
1437608188
0
542303319
0
571284565
0
180298218
0
172724009
0
1722012166
0
221363343
0
1012029197
0
1104229739
0
235545999
0
1009243772
0
1534231998
0
1001040857
0
1106793001
0
366617493
0
609621608
0
265885819
0
1976974173
0
1137939227
0
2002711654
0
2063569347
0
549115979
0
1255027894
0
669433624
0
504091935
0
450164130
0
323644529
0
2065004699
0
1050756926
0
1313626001
0
1980307647
0
1329061923
0
1566327414
0
1410302172
0
1171592865
0
683722712
0
142625487
0
514809957
0
199333536
0
124250232
0
919544340
0
1489398568
0
1252342944
0
640635561
0
1826351316
0
1502801441
0
1028646520
0
1218703290
0
47169944
0
363783065
0
216030446
0
1576342492
0
82510005
0
1618701720
0
1196967844
0
1959232659
0
1456540362
0
907771981
0
1199856379
0
1114716523
0
393265633
0
1808312012
0
1111413340
0
711243774
0
980130416
0
1852329222
0
26803595
0
1663938942
0
1289746960
0
77223902
0
821998126
0
560202531
0
755630069
0
1803764972
0
1998723352
0
1604170690
0
1787082392
0
787475402
0
157364953
0
1280395614
0
1822941558
0
29573557
0
974050042
0
591214813
0
140527422
0
1759853501
0
565521176
0
2099267057
0
1372590436
0
858121778
0
2100033241
0
1364943042
0
1177389640
0
1473356022
0
60728197
0
604074654
0
1527510409
0
1847927825
0
1214451861
0
1607846739
0
1293412172
0
1548899870
0
563346156
0
2050927916
0
685466215
0
1528392997
0
1649198812
0
513001455
0
2016095127
0
1513817123
0
1485620252
0
27211695
0
2080424701
0
369209253
0
1219658988
0
1077200701
0
1225037497
0
1279488290
0
1605932619
0
1335052037
0
1310442003
0
6460789
0
1212298373
0
1921395922
0
1189661115
0
1561606235
0
1518341658
0
220068705
0
727884801
0
1492997095
0
1603244117
0
1246555510
0
7996438
0
1252147352
0
1648288111
0
239235277
0
737913355
0
391696060
0
1198302365
0
766206989
0
1328916711
0
1273232977
0
1699585731
0
1257392170
0
1751114710
0
1869032482
0
1585620305
0
1395890512
0
1620475356
0
941697038
0
147639276
0
1029699447
0
1735378203
0
1526047914
0
890094477
0
446789937
0
1595641247
0
166654593
0
645068863
0
1174930385
0
942846530
0
139798497
0
246229261
0
174201858
0
790416545
0
197031473
0
88183037
0
328586429
0
1371655766
0
181508617
0
1188547179
0
19553059
0
63264622
0
284096689
0
956904742
0
192966411
0
486162707
0
1908823361
0
336025794
0
1851011795
0
1507128123
0
732746896
0
1605849174
0
2080075569
0
943798670
0
1110029948
0
1082894547
0
284743104
0
1083783412
0
191511630
0
1805462204
0
459330518
0
1911788708
0
782488942
0
101793966
0
1454203550
0
287678343
0
1024221404
0
2007706323
0
109625350
0
2079771971
0
136194378
0
1948826991
0
514653693
0
1867971782
0
938304581
0
1112672946
0
406605346
0
523085468
0
1846893505
0
1010504797
0
1253442703
0
1944415898
0
1539341287
0
973515200
0
192059907
0
282935508
0
768288498
0
1953100122
0
1466206059
0
150384288
0
2067959544
0
1320712960
0
831743328
0
1139055373
0
1434424653
0
723721749
0
244058835
0
203074075
0
714463442
0
1405999317
0
1867952878
0
620585053
0
1992395939
0
486039102
0
1978877773
0
919489722
0
571433842
0
541713110
0
1389060137
0
638996022
0
40423107
0
786326897
0
181794241
0
1694062453
0
769455645
0
94503281
0
1326228634
0
1191879425
0
190036759
0
639625424
0
2028847933
0
1101862865
0
1257683974
0
213013597
0
264285230
0
845678614
0
1273689652
0
784987868
0
1299053955
0
1881066283
0
1974250894
0
464945661
0
1796216641
0
1835459408
0
2111164748
0
1621103902
0
768251425
0
1330014211
0
391562654
0
1103631370
0
916176451
0
719862967
0
1961502818
0
956397029
0
249768608
0
1677948418
0
523808922
0
1121083001
0
20479029
0
593656883
0
382208619
0
656671356
0
757018359
0
1514434885
0
1130927951
0
128312860
0
480656432
0
1706656257
0
1980122067
0
357502510
0
2032924911
0
904155407
0
545639277
0
804155849
0
1332763572
0
1502916394
0
813177944
0
495775300
0
258916740
0
811780358
0
628867515
0
1609297718
0
2057696108
0
621835868
0
1540007174
0
1427659774
0
843033687
0
1917558150
0
1112736521
0
1475110371
0
1628784429
0
1005849894
0
327899274
0
560059916
0
506183411
0
1241862910
0
596363177
0
769735290
0
499529502
0
1078763991
0
1729448763
0
654197596
0
2130206979
0
1688816916
0
654544813
0
1523432157
0
2024223165
0
682798381
0
1787263546
0
1684647033
0
1438281583
0
1122634849
0
332584601
0
1996939513
0
1687959675
0
1279280855
0
267056221
0
173084117
0
1331896381
0
1960422786
0
2131652028
0
205951695
0
1833982548
0
911898845
0
1840582923
0
175251826
0
1257359545
0
1202786335
0
966363134
0
246370877
0
406858323
0
479902613
0
1922122206
0
511414421
0
1112618453
0
1638225142
0
762123407
0
1415630741
0
534538874
0
1070759917
0
348963159
0
245973356
0
168173817
0
408862867
0
1958018916
0
384514584
0
758319465
0
1907286957
0
283487530
0
1456187664
0
1422427636
0
953319848
0
71195069
0
427133304
0
1939092054
0
108324706
0
1694684733
0
490697370
0
813493110
0
1497802968
0
771173042
0
1041507249
0
473127246
0
1865162328
0
964451437
0
328734103
0
1706129037
0
1709070115
0
1747644180
0
1521893241
0
1929465717
0
1527235919
0
1529541689
0
1627912433
0
1382598651
0
1562466817
0
949757803
0
333446870
0
1456709067
0
1595713269
0
1377128347
0
1964864310
0
1618418251
0
727671655
0
58135920
0
2132831702
0
705379790
0
1208399090
0
810655951
0
1058311889
0
1588353969
0
95941126
0
1869769432
0
1086637073
0
908351823
0
207842638
0
1402806844
0
1899150342
0
970352633
0
725887513
0
136832384
0
1934375598
0
295743653
0
1286416813
0
2089501742
0
455698403
0
996374019
0
2128141674
0
1336974133
0
1402854770
0
557158977
0
1142225519
0
1027977300
0
708540985
0
651512280
0
2095257554
0
556866572
0
522741978
0
368824369
0
1193364541
0
1528061254
0
368561505
0
1070376587
0
348786790
0
1576706867
0
1911593336
0
1793839032
0
529690591
0
1190046122
0
1589967943
0
1452198380
0
946524505
0
1825982206
0
1741620612
0
1215517274
0
186890207
0
1442617135
0
975813315
0
161773066
0
205623160
0
607262097
0
1411773735
0
134348442
0
988951697
0
1935227346
0
1726170407
0
1389443126
0
633441204
0
1169877449
0
1917497058
0
85963277
0
1675785755
0
683153880
0
1319684298
0
722890270
0
1301776811
0
399466841
0
805316165
0
1506841761
0
214828056
0
695126585
0
681474415
0
1010203454
0
483738196
0
1962256277
0
734880560
0
959118023
0
884358179
0
673593566
0
1700760425
0
1673121405
0
1000580017
0
1951389709
0
636582179
0
273153099
0
1711581254
0
1002684413
0
812751282
0
1914801654
0
2028948483
0
644323068
0
1525255702
0
460289275
0
845748431
0
299620324
0
2017116900
0
1506886758
0
971092635
0
278199245
0
622811196
0
752475694
0
327791875
0
902488570
0
448397229
0
692110480
0
1529405208
0
1481559913
0
504570826
0
2056434226
0
888221564
0
1180995851
0
1953402183
0
100494345
0
1086309873
0
1851552364
0
2002536718
0
1270903642
0
1205158032
0
25285320
0
1916094781
0
140213855
0
784700226
0
759622155
0
179277670
0
200242949
0
376368994
0
1294341743
0
2139814138
0
2095064704
0
1610603916
0
388645777
0
1471803512
0
1884980038
0
1180738122
0
1916718174
0
2027645418
0
218546083
0
906980611
0
784202671
0
987149858
0
1716490331
0
1905162966
0
1092792792
0
1288306000
0
1628812946
0
1485135113
0
463415110
0
1842049748
0
1205859484
0
1077170849
0
723314933
0
1996636911
0
897095155
0
2143068145
0
950585531
0
1360169484
0
405095273
0
913092321
0
424497585
0
590235761
0
865469634
0
1041397507
0
776177099
0
1392831015
0
1739116805
0
2083705965
0
1830322126
0
1668212054
0
93496346
0
1582541265
0
1186072760
0
1381665866
0
917534851
0
2075655297
0
1814214811
0
1535508371
0
978205398
0
1710806401
0
864631924
0
1994391066
0
1805883886
0
1104088951
0
16805730
0
1133546353
0
1186122334
0
67372437
0
604666690
0
740441226
0
2075434664
0
253519627
0
296815341
0
2118407853
0
949401758
0
791849496
0
658318813
0
528540747
0
1191970837
0
1726398243
0
923715484
0
726855425
0
1372143839
0
1942100587
0
1280614956
0
1214455258
0
1664940118
0
936642816
0
1100676002
0
637430356
0
1643562056
0
265323831
0
1121576445
0
1871341396
0
1736832257
0
194529728
0
991027762
0
320429802
0
1722179185
0
880968029
0
1677400985
0
2060520726
0
850550360
0
1548746088
0
126215729
0
1741397714
0
1764237882
0
1239368645
0
1624924262
0
552532535
0
695026117
0
1140392386
0
283282027
0
149782390
0
541794446
0
608590642
0
118309433
0
2004266956
0
286242650
0
516849270
0
114328775
0
1673341007
0
396463537
0
1868393365
0
1581399121
0
1317411375
0
1176579055
0
734755809
0
1009911613
0
2021217450
0
1705353904
0
1566311666
0
1145625536
0
190004550
0
98288761
0
524281584
0
475178647
0
1983320583
0
427869747
0
1431587673
0
287239123
0
84701805
0
1949062321
0
174877709
0
1412026067
0
80325072
0
1403754788
0
651375974
0
1951846259
0
1867367088
0
1512630758
0
873736520
0
396513454
0
559864737
0
1520777252
0
352907770
0
2118541023
0
1040106301
0
549714327
0
574044495
0
1469285141
0
360907934
0
1285827610
0
776701509
0
1616655297
0
1162474835
0
2055815086
0
1219753819
0
523541671
0
924362738
0
867835168
0
2144221799
0
1012695486
0
1565130727
0
624936586
0
2114167072
0
541555842
0
893340508
0
1315741779
0
1032966494
0
810062310
0
1818405837
0
1107122002
0
1601170006
0
746710285
0
65326927
0
585518472
0
1038888350
0
1554448340
0
1474684625
0
915722348
0
1677688434
0
449225128
0
1721707091
0
1536418759
0
1246710985
0
473581116
0
903420830
0
1084505520
0
1590562551
0
708356801
0
1850899086
0
1760311607
0
1822457777
0
488600878
0
2084974065
0
1668442356
0
1816698413
0
327734245
0
2081384807
0
1473325266
0
1691295752
0
1514152172
0
674337854
0
1325106959
0
1667240523
0
944844005
0
1499106117
0
1198361815
0
1765383139
0
1160350221
0
707165940
0
1163451082
0
1283729239
0
2016602111
0
1444762623
0
527808132
0
1763812414
0
530978910
0
1367987085
0
799012813
0
793103400
0
257846871
0
10361251
0
195370150
0
83614787
0
859419971
0
296442875
0
153339085
0
189625195
0
164920217
0
1560182489
0
1211762753
0
1509165170
0
609657473
0
868668874
0
1123933012
0
675973672
0
901012674
0
1412816921
0
487306368
0
1802980965
0
1706819585
0
430208469
0
2083782681
0
972204291
0
1781932461
0
131930965
0
1160605051
0
695126456
0
679306312
0
1078118332
0
1615276185
0
1606059568
0
1321200233
0
431406051
0
736706885
0
1589391240
0
349485647
0
437494584
0
2134949607
0
1941270773
0
218832940
0
1433218916
0
1933736460
0
291169522
0
1718408388
0
1929692260
0
1039776826
0
1454678943
0
1835157553
0
1332855057
0
893021142
0
243124711
0
1683121183
0
1563124397
0
1264286628
0
1662153378
0
1344543870
0
1925889356
0
1548878708
0
207676422
0
756698179
0
428136919
0
1626980183
0
746658430
0
1341283589
0
817437764
0
1223609689
0
904639351
0
89351497
0
639540826
0
607009347
0
1458771779
0
1903975501
0
462421360
0
172479027
0
1899566986
0
1530437400
0
1649741681
0
1047066150
0
1559779532
0
881715395
0
1353479465
0
1782579231
0
264776120
0
506132256
0
382100825
0
992461245
0
790658466
0
2115514073
0
1705765179
0
2036159650
0
1583322605
0
1433152258
0
813415454
0
192638576
0
1418690803
0
425393380
0
613476797
0
635537932
0
2049846593
0
1839023377
0
1881249615
0
760544524
0
649147924
0
1012231908
0
216226222
0
571782430
0
2105464332
0
303492658
0
527441381
0
2042279298
0
1357031485
0
1351837255
0
2099243172
0
971155241
0
1330418287
0
740417045
0
1669024597
0
865004665
0
1816598112
0
789458985
0
1283189729
0
1538992129
0
1547667635
0
1328008981
0
1049400396
0
2136746408
0
2075334122
0
711193880
0
141561958
0
1967430877
0
1805036880
0
1900844638
0
1529098094
0
614862209
0
297837299
0
2114586783
0
1153187678
0
585389971
0
1026655690
0
2118561832
0
1389843164
0
914428929
0
1414031771
0
1577937495
0
1119921662
0
1976690926
0
672374192
0
534094430
0
43440550
0
2108367517
0
1852682719
0
1673060380
0
2122416489
0
1750553953
0
1034324171
0
6219532
0
1452459268
0
1036301827
0
1032429219
0
370015973
0
1893300146
0
1430356223
0
1065095443
0
1782912756
0
1575363501
0
808477444
0
951366739
0
1605030458
0
1204817639
0
746751110
0
751472702
0
650374507
0
152575919
0
247996115
0
1952429625
0
934581215
0
811086347
0
1849526520
0
166431315
0
1187402811
0
113512906
0
845932606
0
1247565902
0
1957269253
0
669830425
0
730675401
0
1149971061
0
210799227
0
1702074286
0
132863115
0
1794864572
0
586072195
0
1755376223
0
477837475
0
1573086192
0
1188450727
0
545967942
0
2033061210
0
1047449053
0
1552779312
0
1340618440
0
375696756
0
733455912
0
637379204
0
783850392
0
1508847646
0
1715482546
0
2147189647
0
1501192941
0
1911874431
0
75751756
0
1849444068
0
928144198
0
2145807625
0
1895869304
0
1660521789
0
1839714958
0
619749600
0
835839250
0
1259739723
0
404248688
0
1716923755
0
599785546
0
307432604
0
174120746
0
1574650808
0
1715148075
0
820702844
0
265234427
0
1766447064
0
1861868520
0
1439995203
0
2006158778
0
2017323946
0
691741586
0
1771854691
0
406058688
0
2072822697
0
1451346845
0
1667161289
0
1760641814
0
929795885
0
1988423623
0
295317147
0
560581412
0
681032095
0
18582155
0
925150270
0
1218983610
0
463540890
0
1808550561
0
825739089
0
1157541909
0
752506390
0
843699547
0
223765288
0
579329519
0
100370335
0
1149557450
0
1849173738
0
679675182
0
835265481
0
206338728
0
1896395238
0
1909959939
0
111139417
0
1756892276
0
188336482
0
2127840943
0
577555510
0
349372130
0
677098012
0
470442231
0
1835271810
0
1105688809
0
1135815372
0
666819021
0
1657615901
0
245095576
0
447710886
0
2041645561
0
1443231961
0
571775662
0
1991714556
0
1918936903
0
663118075
0
1732842242
0
1853824327
0
1532713213
0
1244625126
0
1923770902
0
303760682
0
737153455
0
504958642
0
2132006797
0
1873586984
0
823724127
0
1651813927
0
1515566320
0
819603173
0
1110416753
0
1141475241
0
1302956836
0
904794193
0
544297344
0
1872608035
0
1550397460
0
2111021169
0
1355455296
0
630632496
0
1208562327
0
1406696563
0
701664518
0
1042848349
0
1538158476
0
421363546
0
1603533463
0
1814626438
0
2011272419
0
2062942353
0
748646056
0
387575419
0
662165782
0
760039320
0
748118884
0
117330203
0
578733875
0
826799862
0
1806084544
0
181580663
0
251940654
0
1676303541
0
795648594
0
85249489
0
416569074
0
479737498
0
1294518048
0
808004979
0
1600582072
0
1602721782
0
1057605753
0
457744452
0
1024581210
0
1612514824
0
293021828
0
637860625
0
285158551
0
1623750200
0
147425324
0
1728775477
0
75698029
0
946454379
0
647374524
0
1271469166
0
2119985312
0
1691951407
0
1796327522
0
1551552728
0
52773975
0
61451614
0
2025125938
0
823318663
0
1279631420
0
1864034882
0
1342819338
0
858967443
0
1280739367
0
1157947288
0
1123260302
0
107154937
0
1361729973
0
862430132
0
1496094921
0
2128798171
0
1633300977
0
1753544485
0
1904071614
0
2077792551
0
1227820790
0
813653507
0
2046111700
0
1343702489
0
669700771
0
699064270
0
290153153
0
1816163781
0
2079592456
0
1414053067
0
1935859367
0
1611129119
0
625798010
0
1559734711
0
128408848
0
2093926748
0
1812330247
0
2073895928
0
161787439
0
447190171
0
1879923144
0
2088866544
0
517343852
0
1984317508
0
3319046
0
2096114947
0
2082168841
0
1765682822
0
1902155108
0
2079330914
0
1313283967
0
526709503
0
479023987
0
39956906
0
1540821278
0
77920173
0
1786806588
0
447004868
0
913019270
0
1344213075
0
661185085
0
1457334017
0
1361829684
0
390789262
0
990133908
0
329811153
0
480755564
0
1225284134
0
1129749055
0
1789444258
0
1828651618
0
1509271509
0
249413399
0
2918049
0
1799009309
0
1527190250
0
761982806
0
1200033381
0
1942105490
0
1363019677
0
1063648790
0
1091335902
0
424675887
0
1439473828
0
1833343741
0
912887831
0
1282601449
0
241704757
0
1440274422
0
256541570
0
1694487461
0
1470114160
0
1409328385
0
1985023932
0
1138768979
0
915967989
0
1511209427
0
607746520
0
963536508
0
2131391576
0
123502225
0
1232692573
0
1089331802
0
1101505539
0
1694556833
0
488565717
0
1494023138
0
1668079642
0
15531509
0
1192550476
0
730972681
0
1851388727
0
1399773306
0
306601057
0
1230695846
0
1890079465
0
987461831
0
517369601
0
269597304
0
2078876805
0
123524945
0
1614547613
0
98368199
0
1859396050
0
687381206
0
1501392029
0
962979153
0
1353860679
0
1747191988
0
364353238
0
1208993469
0
62965569
0
1700363859
0
1450487584
0
110463544
0
1134913000
0
533038346
0
1621189585
0
60841959
0
368588941
0
1531493439
0
71236331
0
1120623738
0
891580376
0
1797974313
0
1311881654
0
580355029
0
156247729
0
1830564669
0
1449664961
0
1317024312
0
1113662155
0
1999855480
0
1304493163
0
956038318
0
663363772
0
1567304427
0
651090487
0
1448633544
0
1161867969
0
446152812
0
1624899607
0
138155950
0
557229243
0
175702534
0
242474313
0
1489300232
0
1747093439
0
855523842
0
1386195829
0
1890695347
0
601172370
0
2140947102
0
1809437829
0
705666836
0
1737813918
0
1660920626
0
2100517476
0
913546099
0
1608693490
0
492370700
0
1019863009
0
1770605556
0
886683213
0
1095734358
0
1335081881
0
1812030111
0
1324477470
0
1824837135
0
1823765138
0
986580735
0
741174658
0
1517324406
0
302983517
0
560243182
0
1438851426
0
2110051562
0
91655976
0
716213733
0
758369096
0
593951527
0
1039323033
0
270230933
0
1990861173
0
461030704
0
422043752
0
150853823
0
1369499701
0
451746161
0
1143035782
0
1761165659
0
1144124212
0
727055846
0
445652292
0
1802594555
0
1654877656
0
1468052095
0
1111940282
0
977623380
0
518764463
0
90722821
0
65063177
0
447639516
0
842129971
0
1761188867
0
1534181068
0
145060347
0
635312684
0
411587104
0
499629941
0
619358617
0
707038910
0
1175941519
0
757106492
0
848202569
0
744128397
0
1768691898
0
936087912
0
364339062
0
970737437
0
750837400
0
710272028
0
1827864570
0
1166257655
0
1209161416
0
738167151
0
362278138
0
692526121
0
2072632554
0
403097091
0
1689385799
0
1625826806
0
689204014
0
2072555027
0
1247584449
0
121505035
0
2025658595
0
1185750274
0
256610958
0
713207930
0
1779445603
0
1284981499
0
1588499461
0
393741523
0
1216660654
0
76325044
0
747277249
0
1004356287
0
994650189
0
1073018275
0
1797964066
0
1139660325
0
864434682
0
826828419
0
138558396
0
878688224
0
2015423996
0
971536641
0
1298157146
0
1840782949
0
1389605161
0
1209279802
0
580397006
0
861755168
0
889393208
0
1545463736
0
794300487
0
1049935257
0
388737000
0
857504826
0
320855565
0
288043338
0
716241428
0
1223838961
0
463046561
0
2090297646
0
947555049
0
1966466038
0
621373336
0
208682791
0
490872786
0
1614226175
0
1138410674
0
1336386795
0
121399592
0
253478094
0
1746253857
0
1777054697
0
1903213650
0
542893485
0
1900269939
0
460066589
0
1398032123
0
1107309434
0
456372336
0
1585747715
0
1389786735
0
2113510373
0
241833984
0
1464708964
0
758512387
0
854759717
0
1428448836
0
1219896839
0
779795164
0
2072107354
0
165995279
0
301396700
0
1807897274
0
583362715
0
1314302450
0
464484108
0
481346311
0
416550728
0
171396276
0
881640105
0
88080435
0
751638262
0
1285457780
0
1003419640
0
284809589
0
53713160
0
813948380
0
559591270
0
1219584677
0
1975739371
0
1859458483
0
1736692637
0
2142903682
0
333939537
0
1147028748
0
151468517
0
963243524
0
1502176782
0
1267420942
0
653477601
0
766669249
0
508185943
0
538679882
0
1949204669
0
419836898
0
1714964291
0
2026812450
0
1251238436
0
1404522428
0
668199572
0
1238216441
0
1587184457
0
1914789412
0
1823197189
0
30996480
0
1266796786
0
900705944
0
552573105
0
1376886107
0
41020277
0
85544852
0
1085767721
0
1329538288
0
982659381
0
1406971037
0
1019781742
0
404751087
0
1570809160
0
1573079549
0
1076801826
0
963596313
0
989050564
0
1449401368
0
1181784055
0
168361282
0
1412103475
0
1381321328
0
1569335626
0
429713728
0
211121635
0
678334601
0
1926440731
0
78420098
0
1599111475
0
508718120
0
893044133
0
629534448
0
2081022414
0
1825037056
0
888870091
0
1343370905
0
1539219424
0
1072847406
0
1073652430
0
1718788916
0
1882775415
0
634861360
0
1416119224
0
154538067
0
1013562846
0
1110464718
0
1947622996
0
1753946198
0
65727417
0
874102961
0
112836400
0
213314499
0
1026577850
0
810304952
0
1601522637
0
230928561
0
713374598
0
285667385
0
1585788650
0
2077781280
0
1038389093
0
1753370529
0
1127876769
0
386704514
0
1057250976
0
937458354
0
1922521286
0
776301040
0
1328423755
0
1578056073
0
965378461
0
876840942
0
1032926480
0
137547012
0
1060226512
0
1555168025
0
685528538
0
428372011
0
1283204133
0
1781080157
0
839643166
0
767646525
0
1900878146
0
2092267050
0
1835073372
0
2065508637
0
930508304
0
1077147874
0
337174108
0
1823372370
0
827779900
0
1097714034
0
247758061
0
98939694
0
727094280
0
1091612530
0
778995389
0
1515190811
0
950874351
0
1919399930
0
2002761923
0
760956783
0
1135533996
0
232699883
0
419212394
0
1956343798
0
148093769
0
78428710
0
1743853359
0
86590457
0
1479381780
0
403911494
0
344671491
0
1130353278
0
1207201984
0
18248232
0
1755357350
0
160638964
0
472123669
0
30429218
0
322758940
0
65812258
0
152542001
0
1825419936
0
881483310
0
1747794164
0
1895190682
0
992340070
0
901553888
0
1919066031
0
685888724
0
39567172
0
1433012881
0
618389862
0
1605042801
0
1412266440
0
1972790436
0
1688831819
0
905019534
0
36636237
0
1564912217
0
1247406310
0
1422490156
0
2004093488
0
1665733268
0
1382212984
0
1523012489
0
1413314030
0
252282743
0
983342423
0
1956049
0
663060838
0
770859983
0
74891930
0
283250368
0
1765173224
0
1927276110
0
1233733069
0
1397078898
0
118842388
0
224223406
0
1836467804
0
1879407144
0
2006389132
0
1593916330
0
1240745632
0
1145624654
0
175180776
0
63222195
0
1718509747
0
1485749326
0
49074766
0
165871714
0
372123392
0
805469280
0
1932761919
0
1091928111
0
1787997962
0
1143074863
0
270516379
0
345901154
0
322462849
0
1531861762
0
1966673698
0
1964031309
0
503072326
0
493464843
0
81771587
0
2093012276
0
1475184872
0
733439089
0
354635043
0
1084047276
0
331306584
0
1992144264
0
551104671
0
319235986
0
985066496
0
1061163549
0
124079708
0
201031119
0
738240302
0
1591726995
0
951814286
0
537018299
0
1940266599
0
521549698
0
1805010879
0
1463845831
0
1284221585
0
1701526745
0
1667759763
0
1081776097
0
814306777
0
140718708
0
679830009
0
1289959223
0
1497244496
0
2122352373
0
672956341
0
1728338085
0
1314385273
0
1856490269
0
1242043820
0
1489433900
0
1846167868
0
1699625620
0
1927806593
0
1559626262
0
453190152
0
1789872402
0
434533238
0
1755731266
0
2594235
0
651634705
0
2005370882
0
1660057756
0
483163268
0
889375969
0
1255727863
0
1696394372
0
1307312632
0
1098213567
0
53474604
0
1099504982
0
283450039
0
826076427
0
384730734
0
96185221
0
1677306803
0
477603852
0
1941551725
0
645825910
0
1013717432
0
1561107973
0
1733986812
0
1763259494
0
1975470705
0
1638956315
0
166046136
0
1156150299
0
986037237
0
196538360
0
390367434
0
342921653
0
1785597070
0
1593472312
0
220586047
0
832917207
0
1541086903
0
247312254
0
1196196033
0
1872307064
0
786945157
0
1982955473
0
733916918
0
1943056105
0
160136806
0
622288751
0
561677167
0
1917517204
0
424557099
0
1590487559
0
1595449904
0
1245720086
0
999410799
0
1627695606
0
2033354556
0
1682747981
0
1733169324
0
908640560
0
765678103
0
1029864297
0
211044859
0
1535444016
0
2044074560
0
1465228861
0
906486678
0
1072605328
0
1300014778
0
849749268
0
969694726
0
405862799
0
927999921
0
1868427733
0
11538450
0
653200920
0
411458976
0
493666292
0
1320041283
0
280286224
0
1338928897
0
2044318613
0
1272060338
0
1318394881
0
526495221
0
1172553707
0
1800208677
0
210131756
0
1221307424
0
865177142
0
420451757
0
1311481269
0
293535275
0
677429766
0
1751264415
0
90157123
0
1294795126
0
1169887631
0
2088625932
0
768345262
0
759649023
0
630848146
0
538024583
0
1673012611
0
1319562906
0
830138573
0
2085225499
0
1599326300
0
1971798248
0
45513632
0
443434692
0
1038613354
0
1227557862
0
689589905
0
2115774123
0
1781458235
0
751549171
0
1935588990
0
1361870174
0
1071304692
0
915061996
0
1316570605
0
2078143194
0
678626750
0
394138033
0
1438353283
0
180213102
0
889663044
0
1785630094
0
1023033
0
14246455
0
1069484368
0
385647586
0
473331256
0
998991104
0
1016332682
0
418458136
0
16947827
0
1374286985
0
1454733410
0
603100775
0
191911585
0
2085054948
0
880359290
0
36259200
0
1670502299
0
2078422062
0
1070593932
0
1854220558
0
1749716689
0
1994813652
0
318352200
0
1163660723
0
512198232
0
1401228048
0
1134129734
0
253588566
0
1455473114
0
150404021
0
252128428
0
537253865
0
1604457067
0
157769690
0
1640359432
0
125913438
0
955760171
0
283514437
0
1908413613
0
2039325746
0
1108806902
0
2001996895
0
788033069
0
940139634
0
1889637659
0
4479330
0
122171665
0
344807123
0
1262436655
0
634428225
0
578870220
0
970866630
0
774700504
0
198018967
0
1652609166
0
1996246311
0
774731896
0
725624311
0
8163664
0
1915231087
0
656494326
0
2076642443
0
1225308457
0
1538545716
0
487255285
0
944428984
0
966299111
0
1317819963
0
1601266630
0
223186206
0
1584116580
0
1892588201
0
202114843
0
1772520394
0
857110774
0
140474542
0
871099341
0
1170602588
0
1220006349
0
472846087
0
1434690309
0
893634847
0
1967730058
0
390921006
0
1056871669
0
1004896546
0
1484848614
0
2090677358
0
886923692
0
842497617
0
1497764248
0
120406002
0
734080140
0
391360965
0
2008811641
0
1506835800
0
114641529
0
487346544
0
330735350
0
981349014
0
858469338
0
1499023220
0
1952595583
0
1576353674
0
270445879
0
1308491301
0
1580750627
0
1155590952
0
175026796
0
1770247629
0
1313455065
0
1254869942
0
162218007
0
1241295606
0
1799103084
0
955783028
0
667672036
0
961853477
0
1761976970
0
1894926307
0
843956739
0
251423938
0
1581792317
0
1483405606
0
1460362019
0
713851770
0
1863046248
0
1906716876
0
1439554398
0
1040000084
0
912008855
0
1542037346
0
1189022226
0
1561217047
0
1419709883
0
373201764
0
1749798308
0
1219100538
0
281266139
0
628491126
0
1725778736
0
1249079570
0
1627683565
0
1830981469
0
2012371620
0
1209860737
0
1754236963
0
657647478
0
2130315284
0
1361615404
0
1084352596
0
1167852530
0
96938130
0
1446546484
0
444388901
0
2043618488
0
242477698
0
1546191927
0
148104742
0
262851921
0
378374368
0
638924209
0
980945663
0
521800022
0
1717239053
0
1604031738
0
1599199775
0
1992776220
0
434970928
0
522052508
0
1665803961
0
422866588
0
1095356593
0
1428436467
0
1012011056
0
799333952
0
1895519279
0
72618908
0
735275260
0
1150389982
0
809153533
0
1576976327
0
2145440262
0
16566657
0
1410413736
0
899165366
0
429882423
0
898894853
0
178337726
0
1582473317
0
44070724
0
1962283700
0
1195778921
0
1304356621
0
808660571
0
1881698581
0
1863865145
0
637533226
0
1225014499
0
892960904
0
1378188292
0
452007102
0
1233703875
0
906415340
0
2021111209
0
2067245064
0
49865835
0
576466515
0
1373985988
0
690844125
0
1720613193
0
331144249
0
1411263566
0
149872647
0
2058743845
0
1051282451
0
1556190088
0
683472203
0
227288018
0
1803794160
0
341802421
0
154534022
0
945578531
0
959382717
0
1038102943
0
1239014773
0
2119848499
0
1540018963
0
1625797497
0
196607651
0
1554941271
0
1169441354
0
1030499334
0
146693483
0
166142025
0
620273075
0
1043948987
0
709228519
0
1469477983
0
1454519781
0
1307605466
0
1724907311
0
1635425124
0
946861115
0
1040935535
0
1601748283
0
1875877236
0
661283845
0
969709690
0
657362747
0
1639808661
0
1606523476
0
528167401
0
1359595556
0
1496505612
0
441347220
0
314209802
0
261854241
0
790235784
0
1453948640
0
298373267
0
385182724
0
1250330210
0
1172353575
0
584073800
0
380606163
0
1641480775
0
1792456063
0
908450725
0
1870088552
0
7635972
0
1636246231
0
1862304582
0
178954649
0
1213679943
0
1519122795
0
463736382
0
799217311
0
2082617639
0
718696220
0
1679338812
0
269840763
0
1875724924
0
248859708
0
1434451647
0
1177409907
0
1813983491
0
1942680425
0
288533987
0
372644583
0
975191829
0
453876099
0
433681749
0
329657525
0
46213415
0
1467269338
0
841045265
0
710404301
0
1903493234
0
946894479
0
1601684283
0
800229236
0
1910171938
0
1526722963
0
1498224785
0
1418200420
0
773460887
0
838612518
0
625414765
0
1560986937
0
1847218407
0
28681770
0
1018171462
0
1258062538
0
133087804
0
1276245301
0
788107671
0
46491801
0
1851135546
0
1439527533
0
588480029
0
1421652968
0
818376654
0
1971148390
0
2008252108
0
692699257
0
687562012
0
245231177
0
579273246
0
1302073671
0
1093825567
0
1466286249
0
1498137618
0
2100668298
0
1300927806
0
1162625335
0
290301292
0
10968660
0
1814158625
0
591190269
0
1875500061
0
764554561
0
1473846726
0
1865539384
0
859180688
0
569780788
0
676121943
0
1245519724
0
1926893959
0
1253372153
0
758682048
0
1558768497
0
1069119326
0
692837633
0
865763797
0
1690427754
0
1958095315
0
1668552577
0
1521699113
0
814240068
0
1167024192
0
1207446893
0
1986950148
0
1300426586
0
1328555383
0
1642844222
0
1085589675
0
484602813
0
1461488667
0
322071883
0
1403347141
0
242503786
0
1984652943
0
1346007797
0
760306681
0
946687917
0
277480396
0
1426017935
0
1165933025
0
48072300
0
497294828
0
27820072
0
1567998705
0
1582402598
0
1002980138
0
1488034063
0
1941427526
0
705896964
0
1310607920
0
647544161
0
1975074578
0
1423700767
0
875996095
0
1865968480
0
1628546219
0
1297221718
0
1151430082
0
1110245057
0
403264216
0
203288380
0
21320283
0
1847710979
0
1864888433
0
656065466
0
1311243364
0
590033234
0
1756565639
0
1140999364
0
1894826685
0
1317093432
0
127878348
0
1767747836
0
101623407
0
735102084
0
387304597
0
405427722
0
58111723
0
1726152723
0
1092228138
0
388100810
0
902477731
0
266226156
0
1254567191
0
1516332891
0
818460088
0
1225939981
0
1415151349
0
1067332118
0
720003835
0
34104000
0
1955277898
0
1560865292
0
1950214539
0
212852812
0
1856939029
0
194418552
0
1269976377
0
653000706
0
1341429572
0
1123490398
0
1826894762
0
2046563775
0
351792426
0
552823591
0
1291837015
0
845039935
0
1276829934
0
2024099914
0
758802471
0
1435234211
0
1445061173
0
1250570688
0
919100027
0
464280918
0
1361299275
0
66139787
0
1362354610
0
623285956
0
141832426
0
70735612
0
1294974093
0
2030302353
0
1923979688
0
1665343337
0
1271093608
0
102949300
0
1544549265
0
457171919
0
2139437314
0
56751030
0
331821942
0
2063831582
0
661532330
0
851029791
0
1016608317
0
756088287
0
915100310
0
1960514003
0
1517252500
0
1241943022
0
1942805561
0
244211092
0
614573827
0
1893451966
0
1834511316
0
1208968033
0
1782946364
0
2140213157
0
211442449
0
1775288205
0
131070017
0
1723037544
0
275022213
0
913525547
0
1263276026
0
1856834740
0
589116976
0
1389402962
0
2105888503
0
990083714
0
1633684242
0
1752628399
0
1539799741
0
88816990
0
246016265
0
889345380
0
741618540
0
387714592
0
853762746
0
1852226415
0
446409993
0
1652373380
0
180874656
0
1270982887
0
389545100
0
1554339644
0
1795314600
0
1707241850
0
1084765383
0
1663112698
0
287965934
0
1562796047
0
40675472
0
732858158
0
1328345961
0
270572315
0
1286017506
0
1820799934
0
542520988
0
2082163801
0
1680975542
0
2008558109
0
1540690770
0
31955864
0
211294498
0
1436159395
0
1962243132
0
513952545
0
821195581
0
2104214245
0
768116919
0
1216855516
0
1203887031
0
138407983
0
498180580
0
2029752054
0
1265038983
0
1422081981
0
1586347204
0
727980123
0
947590302
0
411479562
0
839655194
0
969801121
0
46559917
0
848477511
0
1070111297
0
185025054
0
159761722
0
760702904
0
1163556937
0
915350577
0
1871784178
0
588734743
0
1407663872
0
1926841352
0
369206304
0
1170095145
0
1281346436
0
623537736
0
78531592
0
1325507486
0
1956446871
0
1880441680
0
66482861
0
685948387
0
1042323213
0
1302132312
0
2079404854
0
408509900
0
320669841
0
1461547364
0
1308592362
0
1131799207
0
1886610570
0
667802035
0
999263023
0
1291508021
0
1758088718
0
969584353
0
698307435
0
454929190
0
953113010
0
889836097
0
399164571
0
20031569
0
1663131251
0
599786205
0
318508417
0
1641716195
0
1454192709
0
105473656
0
1021727617
0
896817507
0
1771605503
0
512923266
0
701972604
0
1925882457
0
1432927215
0
1326085047
0
926096363
0
2087583132
0
421874838
0
1606883519
0
136959161
0
1917632990
0
223088754
0
2093724463
0
560009899
0
1813031339
0
972247290
0
357133007
0
117655284
0
1747402948
0
1762474311
0
1663801906
0
1134066555
0
1339222760
0
540823113
0
1463266087
0
130398765
0
1178723415
0
267792330
0
1807449845
0
1653358100
0
1698678167
0
1036349551
0
1834526487
0
1463947030
0
837589531
0
611941432
0
600462141
0
941546534
0
1913085842
0
1108583610
0
396611898
0
66929398
0
1748444805
0
2093095734
0
730379831
0
477293365
0
1018164010
0
1132816774
0
1808989963
0
1768317562
0
1087073701
0
1804307678
0
382564859
0
201546095
0
803507346
0
1170791886
0
106570541
0
129720989
0
524760418
0
2080490744
0
1479193954
0
1542087206
0
2027019246
0
431891514
0
305948938
0
1007950048
0
1265449200
0
1874148159
0
1665457764
0
1046784550
0
1121895626
0
793365522
0
368364031
0
2046398363
0
1866680236
0
706127429
0
889065881
0
339046141
0
1074376296
0
999902896
0
1308435297
0
639491399
0
1923773405
0
345828603
0
1250581839
0
1106514884
0
2134756015
0
835053676
0
941499387
0
1120686213
0
1941597701
0
1418544542
0
114668400
0
938967441
0
1515942731
0
703491909
0
1691037828
0
1474190798
0
1205906547
0
1868158690
0
1932183690
0
2111051543
0
1865951114
0
1336675857
0
684697332
0
1490678298
0
1285928584
0
326287880
0
1394648369
0
71130778
0
1494078114
0
444577627
0
920569076
0
1532267344
0
193355784
0
587903777
0
326520192
0
1004148859
0
1803375087
0
1888377098
0
293067073
0
1398293340
0
1202616259
0
255379449
0
1490072637
0
1844002392
0
1811692487
0
2092481843
0
1150132029
0
768704756
0
359213740
0
728796463
0
1782914800
0
1609717009
0
514785357
0
1933364983
0
490206524
0
1153778976
0
1933400869
0
1093342526
0
1937750750
0
1187348495
0
1348107541
0
1690965737
0
262557361
0
1870155389
0
1130965431
0
758239220
0
558609242
0
1894509257
0
277048330
0
606735614
0
1153108542
0
1402834866
0
222632449
0
867057269
0
1954975188
0
768185616
0
223962348
0
1743833292
0
1896808035
0
257904530
0
979436064
0
919773393
0
1044125045
0
1520751678
0
2070569199
0
84027958
0
1361134027
0
1583783945
0
596959050
0
47154566
0
105325019
0
671069205
0
76014391
0
1968583219
0
1845096051
0
865466477
0
988337808
0
207529511
0
435048649
0
1828309355
0
51824562
0
1284536499
0
551835402
0
1863213668
0
425577522
0
1560867744
0
1991425303
0
1352429026
0
1307720134
0
1504648740
0
2011429755
0
412321211
0
2100348055
0
213570999
0
1042606056
0
1760907319
0
1097171126
0
1860521540
0
276138813
0
352868924
0
1465656301
0
1648019817
0
24985313
0
1168844426
0
1735348673
0
1029737204
0
222476455
0
392749758
0
1727935475
0
990169944
0
935468205
0
686341748
0
1211090599
0
949691127
0
1360306985
0
568590933
0
5581781
0
1471196446
0
271956364
0
925408932
0
1271348550
0
92792200
0
485377678
0
1599742840
0
382651440
0
1656712962
0
101785332
0
1309091912
0
937801469
0
1246804150
0
2039405271
0
297899930
0
1019742353
0
1890223811
0
1266001406
0
417656166
0
1570623566
0
601284838
0
1883713131
0
1362668643
0
1606271293
0
584695014
0
83931626
0
1889565750
0
943388414
0
657308297
0
724667511
0
1107095240
0
1151381072
0
286533987
0
1118382935
0
1885110001
0
1217542616
0
2014558496
0
1457463670
0
1393424008
0
968131921
0
2057086575
0
1114832972
0
202940329
0
614078067
0
3664587
0
1461171593
0
1435460106
0
946711144
0
667856585
0
1916084873
0
2121173746
0
191125175
0
1752763960
0
1670689821
0
935137022
0
1562600008
0
1040815293
0
1728324636
0
1088347930
0
1745438011
0
950032857
0
661312154
0
1445499053
0
20085260
0
418032241
0
1448865150
0
759502717
0
319366851
0
1037030904
0
401124476
0
747900199
0
736858702
0
1993495912
0
1793416137
0
2012028914
0
1892451936
0
59392635
0
1779604237
0
1803659490
0
225887378
0
1885557797
0
153715400
0
71900459
0
1545204799
0
737313622
0
1049401764
0
12254737
0
1954418294
0
2145886393
0
1072239433
0
1592868454
0
808962876
0
520087775
0
856791135
0
1210752810
0
1714922345
0
1321826028
0
211724381
0
71268388
0
1659405737
0
262098170
0
594983193
0
1198664319
0
407116926
0
531275940
0
2065203001
0
88651346
0
1757004851
0
2080384507
0
1841152342
0
1155542371
0
1506009576
0
1260680290
0
1179972728
0
1937643098
0
1525524978
0
691043713
0
780121415
0
1112956970
0
885229420
0
284155524
0
1945744587
0
248297193
0
570196630
0
1222727496
0
1110007129
0
699375614
0
1227944467
0
744809199
0
326029230
0
1342485113
0
1684098809
0
814215403
0
752479537
0
392381176
0
1975628742
0
116880
0
1964402160
0
293514142
0
322247435
0
58882311
0
1792523357
0
2039460983
0
1234251514
0
1520649425
0
352003028
0
1944927758
0
1552237719
0
827999477
0
493177379
0
1692815080
0
1279694104
0
770081223
0
2018658139
0
1640686867
0
1334146189
0
1118240196
0
1633579275
0
2135931677
0
1267052087
0
896582557
0
2117768147
0
935281251
0
1839173164
0
103752430
0
10369646
0
336464915
0
641383854
0
1518009885
0
1086410835
0
1400937051
0
538310449
0
35111532
0
1708999046
0
553187497
0
965554216
0
1683271580
0
1943363129
0
1025321880
0
1176053632
0
493906036
0
1054451397
0
1129574335
0
1000408865
0
1222321692
0
732110242
0
1643023631
0
1953433091
0
619965101
0
162797263
0
239432963
0
1912938310
0
776496933
0
325830112
0
143392534
0
521667004
0
1629089174
0
1832731815
0
1365665784
0
439612552
0
1224415784
0
1567776134
0
2136619095
0
2083068178
0
1848454252
0
1472175862
0
1700615547
0
1385640506
0
1147316274
0
688950705
0
2110157958
0
1879853548
0
919166572
0
1582702733
0
1752381789
0
1689992765
0
1089686133
0
614295715
0
1514190876
0
1324835982
0
1407897378
0
1556409400
0
74481693
0
1978331697
0
331524978
0
1367724928
0
687907408
0
1755334455
0
1923326346
0
1422042578
0
924100983
0
763486177
0
697386014
0
991972
0
1639687875
0
1723956821
0
692925223
0
190405280
0
390906930
0
820296337
0
2023005866
0
1698490558
0
30688735
0
389493865
0
693232999
0
1068229218
0
765178006
0
1214668606
0
955712660
0
1632480707
0
852168477
0
827151096
0
1266823441
0
1348696529
0
852668818
0
646447695
0
726639692
0
2041286602
0
1852658989
0
1274230270
0
1281220006
0
646112373
0
1533333779
0
937059653
0
1664004520
0
244432759
0
45163802
0
1006292823
0
1329756036
0
347382723
0
1600872915
0
48469142
0
724567381
0
1571693977
0
1411813339
0
799972870
0
1896395870
0
1920581963
0
394354084
0
774555146
0
2049954355
0
1502695664
0
1398336128
0
1921754175
0
768368345
0
1147605004
0
1246668521
0
1907372315
0
1718099436
0
1032103290
0
1334578211
0
1936783009
0
2102394684
0
251526250
0
1153866454
0
1256159968
0
368848519
0
1599253591
0
749778085
0
86233999
0
1930843115
0
1054843988
0
1285400331
0
37874297
0
898150167
0
547302006
0
832354741
0
677655429
0
1249015162
0
545178309
0
1646601261
0
1953118385
0
1773152300
0
740136681
0
1251914143
0
2023711742
0
677246608
0
820411556
0
1812007952
0
952051157
0
223141902
0
839499252
0
496367574
0
1623331270
0
1696403402
0
1459079842
0
639139401
0
302710313
0
263470848
0
43262222
0
1258692468
0
2130386726
0
414857451
0
1777260795
0
1072135442
0
1992575364
0
1354151430
0
191393104
0
1960879369
0
1215507921
0
29694336
0
856499048
0
596613895
0
688585422
0
265813871
0
767744137
0
1393959383
0
1376244958
0
2647269
0
1542977143
0
1951804876
0
1171843007
0
592892012
0
411923604
0
1860218147
0
1619463603
0
1117033543
0
680715127
0
1133751920
0
346119609
0
1846552387
0
1719785512
0
1452695211
0
706828534
0
1935119381
0
2059086299
0
364455888
0
786748372
0
823073625
0
1456245048
0
239396877
0
1306440908
0
1479533828
0
811898583
0
468391443
0
1727416246
0
853422729
0
432527990
0
265782835
0
246122085
0
520378473
0
1447585127
0
720992626
0
1620328808
0
626148449
0
1007112043
0
66001047
0
1178035077
0
1583797446
0
823870357
0
1962017890
0
1023277545
0
1176653639
0
1988289097
0
181822312
0
18368103
0
1622545600
0
1376549594
0
827697227
0
1855712570
0
1056158609
0
1905399008
0
764983392
0
91274755
0
751483327
0
828948882
0
1417441685
0
906303624
0
143500397
0
187036798
0
1758888425
0
1525358020
0
32464254
0
165870640
0
354072674
0
222246081
0
815821234
0
1971877390
0
1375653226
0
794825780
0
1288600120
0
129636845
0
1258035857
0
1832143884
0
74244055
0
131833478
0
1669624689
0
213332674
0
1332045075
0
164555550
0
1873675161
0
158231319
0
809023447
0
1538104572
0
1662882665
0
716768597
0
1494033756
0
1846536368
0
1450554179
0
1229725709
0
617372435
0
1685016388
0
1203580127
0
1422723396
0
1629190874
0
1394520068
0
62259518
0
571182937
0
619720069
0
339511733
0
309646452
0
875042083
0
864274325
0
279191967
0
127620674
0
1731988212
0
385043999
0
1066262782
0
2075026506
0
1983542709
0
2013657782
0
1351549001
0
1549525488
0
340689647
0
779494227
0
1309226489
0
1052153461
0
1162869629
0
101183256
0
1927418815
0
1484692357
0
1611949606
0
1530821137
0
1656758499
0
867125691
0
957460095
0
936849694
0
282707254
0
1226990814
0
1896632404
0
1601041607
0
736191939
0
1524628406
0
654743638
0
570116638
0
2025785599
0
1172822855
0
2028811819
0
494894867
0
493864838
0
362036611
0
928149126
0
81148874
0
217009473
0
850980105
0
181535715
0
1643983265
0
902132553
0
907270451
0
1360576257
0
799278143
0
957537416
0
88900094
0
1642745193
0
1568692919
0
365155414
0
1806263619
0
1043810541
0
529850244
0
1725850446
0
306825893
0
714547204
0
666303604
0
1584936970
0
648497402
0
816326889
0
1880486387
0
817873410
0
2103061070
0
714057517
0
1026068783
0
844350471
0
426426721
0
800969808
0
1472063660
0
1962320180
0
1808898281
0
227418188
0
1844077703
0
929960817
0
465468453
0
1992847197
0
1627881367
0
860472389
0
804563025
0
1733719663
0
1568253545
0
1570531184
0
1196104211
0
329054710
0
652119945
0
1570864974
0
363661800
0
325413238
0
1726925804
0
1200498623
0
1171493196
0
1156069476
0
1775128723
0
1745623337
0
1917323292
0
1460445409
0
2115387500
0
1725936415
0
1751706876
0
1084148209
0
2027687515
0
926070362
0
1650584325
0
176998329
0
546064408
0
1506881625
0
884822304
0
2031691500
0
1649053200
0
213184218
0
984428730
0
1079648622
0
1565056451
0
1524063501
0
1897803538
0
1956937922
0
1543601249
0
1703736183
0
147078583
0
196066784
0
1054524190
0
205522639
0
1065289297
0
746049640
0
1846768294
0
1053567167
0
1300706254
0
1733968165
0
1449859365
0
289405046
0
2127631314
0
1349288201
0
59481887
0
1132178954
0
1826567458
0
840532741
0
686348021
0
1316520910
0
1242919329
0
1171728134
0
809705148
0
110551397
0
463974724
0
510064011
0
2038597700
0
1757439662
0
798318396
0
2006938763
0
94146312
0
1769101592
0
1379364029
0
885266038
0
899594250
0
1195684870
0
1871125111
0
249213909
0
945056913
0
782483579
0
11658025
0
515414298
0
1766558135
0
1581155170
0
1512294212
0
1659858839
0
1434932543
0
669894391
0
1805751963
0
1034342737
0
318258294
0
1732866228
0
109473382
0
1673129442
0
1135657876
0
167267396
0
207030649
0
640609603
0
1390075210
0
519458757
0
1022303844
0
1991530108
0
966403014
0
916634037
0
1968059928
0
1640078802
0
1851815969
0
2137978659
0
1310940209
0
1937358090
0
1030362816
0
2147202751
0
1721431869
0
1205729899
0
1046719401
0
26936383
0
1748223211
0
516249023
0
763395681
0
1323903389
0
766192356
0
1082979880
0
1718934835
0
40268754
0
339599673
0
1787654032
0
1805094294
0
718318089
0
1766542036
0
1310579277
0
166141260
0
607415720
0
1846231849
0
627470640
0
1754339710
0
237032660
0
225751435
0
1748247443
0
923516247
0
1673246460
0
954895755
0
787660254
0
1116688870
0
1330246957
0
8357382
0
876082219
0
1165970901
0
684654232
0
766296598
0
687491527
0
1208073429
0
1779722465
0
1643233839
0
1191431653
0
1254267343
0
771754849
0
82519263
0
1774300926
0
717741040
0
658014081
0
1849360964
0
1678898917
0
1466460086
0
124848783
0
241972762
0
1649667163
0
1942125771
0
1703882444
0
457803563
0
2018059787
0
174119391
0
1551877323
0
1213274846
0
1153108457
0
1401406271
0
1982040048
0
380754472
0
1986626491
0
155690681
0
1058193521
0
1746426640
0
386051284
0
815832601
0
15438912
0
1783756344
0
721161488
0
163425148
0
54877923
0
1062767298
0
1308485387
0
1481354029
0
1339245732
0
926913517
0
789104881
0
1774214742
0
1416730199
0
1833260304
0
1658045819
0
1028276461
0
1441572618
0
600485272
0
1330309251
0
1055332640
0
908239907
0
474354073
0
1009607247
0
1200705382
0
351524415
0
343330008
0
58884967
0
1837162749
0
674445877
0
993165873
0
1895923027
0
415960603
0
990583636
0
1445938708
0
966915904
0
946841679
0
714274683
0
381010451
0
1993898250
0
2113059962
0
1261710895
0
1321481787
0
868516835
0
716097186
0
947047314
0
2022898481
0
2041154510
0
1780072392
0
1082005987
0
383100713
0
617709685
0
910726197
0
1459240810
0
1197044930
0
1107333414
0
859404196
0
31312450
0
134853635
0
889795860
0
1870384959
0
694381127
0
1037463691
0
1232524644
0
414432746
0
1081694801
0
1595448552
0
1222997022
0
1344963317
0
385600497
0
1829390080
0
1035700461
0
1662689092
0
1758354480
0
1141278993
0
152100347
0
844992099
0
472850282
0
1505195674
0
466331258
0
1461625303
0
471029488
0
967881974
0
3710993
0
93633588
0
1741683912
0
131916727
0
921306985
0
1049402025
0
16641364
0
518530638
0
455793340
0
444496531
0
1705072251
0
1127536989
0
1118472995
0
1251264774
0
1847185194
0
1617954526
0
1523780168
0
1430793101
0
1965253048
0
1709486876
0
162211719
0
1135613190
0
1563713441
0
426930901
0
684788480
0
875119087
0
10996906
0
141405500
0
1485324918
0
1505984098
0
832471544
0
493279803
0
1266771601
0
477421649
0
1026749551
0
1548600012
0
1966083691
0
637718248
0
39711959
0
1718964343
0
536209710
0
1235213158
0
503130957
0
1478876060
0
494210042
0
1868912945
0
1724045593
0
37432580
0
2064147136
0
1670081114
0
1442016708
0
1621854961
0
506398156
0
556114831
0
773132873
0
1768132161
0
118522741
0
1294367218
0
420488816
0
1934331882
0
1708492488
0
629401779
0
1998738178
0
1853351272
0
24528769
0
2085644006
0
43238861
0
866064141
0
295858421
0
1067838942
0
648260215
0
1124892274
0
1765904577
0
1334224099
0
280189919
0
1867814409
0
440820217
0
46804969
0
672099181
0
206951847
0
1463668036
0
443504667
0
67199532
0
1993619649
0
1725580249
0
60592208
0
465991178
0
40868037
0
1821814466
0
413891136
0
568790119
0
1205817236
0
367108713
0
275621560
0
249332341
0
788059890
0
1390920181
0
1835984472
0
198497161
0
1099681136
0
1096586670
0
627504136
0
169823335
0
215024482
0
1848974720
0
1629746950
0
3071165
0
77462627
0
539281907
0
1330020609
0
499093840
0
199043698
0
1695393907
0
1672366553
0
1198684335
0
743525838
0
231417373
0
338903294
0
821030414
0
1475736123
0
1408380058
0
1078877572
0
1490920983
0
1069768085
0
859111911
0
1561329396
0
1160475879
0
671616299
0
681088661
0
969286917
0
2141751524
0
296972854
0
470761550
0
759615302
0
64099299
0
1427611146
0
25742891
0
1016555990
0
2024112045
0
962688188
0
758579218
0
1977988334
0
1003073978
0
917719296
0
880655118
0
713273102
0
727307760
0
384603596
0
106860502
0
708128222
0
156655480
0
93701138
0
729513115
0
942783082
0
1220911608
0
655148571
0
933374628
0
2006815108
0
163360374
0
1113704952
0
571661012
0
64792006
0
185035813
0
340588235
0
1222546390
0
213642234
0
92369054
0
1963497444
0
120337859
0
1736284386
0
1723880066
0
1550387585
0
1945052044
0
1493628874
0
1484135535
0
843376840
0
1242479680
0
224998332
0
1975747204
0
1991107714
0
309677997
0
1405218898
0
1636352627
0
1503018507
0
381907488
0
2038013580
0
530069410
0
1114406114
0
1618672511
0
706052181
0
1771856392
0
434647395
0
1526884318
0
2062634623
0
2019078887
0
122263915
0
1895252873
0
2037584207
0
1903531987
0
1598216150
0
493376374
0
742356751
0
2057408634
0
85227644
0
49420159
0
1675924571
0
868750745
0
352455262
0
955690008
0
1251768543
0
1724096189
0
887799552
0
530691108
0
825866165
0
1145824594
0
1388088709
0
1492074802
0
1134651195
0
427849005
0
1082976879
0
1668497028
0
588087070
0
1259641996
0
909234646
0
13063270
0
511046896
0
1378076719
0
724283338
0
1092750570
0
578680846
0
2083025106
0
1124543148
0
193111189
0
771962906
0
1431849615
0
394731023
0
667317978
0
1453651612
0
1748674612
0
1660494689
0
1384245258
0
1319703255
0
1041500569
0
360856486
0
421141074
0
11930206
0
794993071
0
1952776310
0
318865069
0
1193515418
0
1916367346
0
426246516
0
2067231667
0
1972186103
0
121741676
0
1707916588
0
1687668714
0
684066622
0
1627753563
0
859954208
0
685429546
0
912097114
0
877922712
0
2034365694
0
1497075171
0
1423990745
0
1454689047
0
2004975481
0
1457004090
0
111713889
0
674624945
0
1855278102
0
196505874
0
1991858879
0
49606270
0
508924854
0
72655177
0
1344848343
0
600716126
0
915305135
0
1108040484
0
2005711451
0
941549998
0
1971305290
0
350303114
0
1291760571
0
1707729274
0
686965963
0
964853869
0
649957786
0
1738680660
0
1195867891
0
652191764
0
630443260
0
175556522
0
2083417923
0
1284167526
0
792957132
0
2094487889
0
506008799
0
454642673
0
432589085
0
1292606500
0
892872448
0
2038991947
0
1941098050
0
1610844773
0
141762082
0
1035947651
0
1522244128
0
1384372585
0
1312204497
0
1711410036
0
272507134
0
1592265734
0
1416466071
0
1689028302
0
2059825668
0
2053612436
0
707037268
0
1148344425
0
789215386
0
1483988630
0
521828152
0
42536316
0
1943292208
0
1980836280
0
1623862166
0
2029237886
0
1213351995
0
302268053
0
1420341616
0
253320060
0
1237660066
0
826124420
0
1191349085
0
2014030614
0
1175285484
0
468544482
0
4575425
0
1737240330
0
610561698
0
1033592920
0
600985857
0
1153706758
0
719632943
0
242973097
0
1282428332
0
1627094632
0
522719126
0
2132234452
0
1404817275
0
1328725807
0
212193096
0
1506510452
0
1088968634
0
1440191904
0
1017145191
0
1189395017
0
1384264443
0
1642145550
0
80427606
0
979560079
0
856609851
0
311396269
0
219445344
0
988474709
0
360940971
0
1841080469
0
2095056507
0
1472836937
0
2073884837
0
2122864649
0
692844485
0
980925361
0
180584308
0
686071345
0
961394672
0
493292276
0
1476405312
0
1918021346
0
307737105
0
996901759
0
260449619
0
805073947
0
1730851129
0
601442841
0
244302258
0
2146800789
0
1408107476
0
792559192
0
1848761250
0
189440307
0
1352474895
0
2078640417
0
445519123
0
1711906819
0
32004427
0
1027492839
0
1156139546
0
805311566
0
1429546368
0
338764340
0
633114183
0
2116086443
0
588169534
0
498130797
0
1193049173
0
522638572
0
778363374
0
1630332941
0
1261887314
0
2139072273
0
363957884
0
1006729732
0
82951011
0
440754974
0
1097749515
0
844087228
0
297068914
0
2085241970
0
1876154397
0
1024561478
0
1280879100
0
1358956172
0
1487796959
0
103904245
0
414440704
0
1215444907
0
1118101685
0
1453108545
0
1211282131
0
2021285804
0
706695935
0
1854011635
0
385831475
0
1416470032
0
1755600829
0
2105306870
0
1951996118
0
91080007
0
1773320985
0
1427741829
0
74648425
0
485629127
0
1530878889
0
479912716
0
2091923327
0
353088205
0
856144774
0
1084781718
0
1937655043
0
1726284593
0
1161083581
0
147845578
0
202049867
0
680468762
0
1288062659
0
1833948053
0
332141380
0
990175107
0
1022242746
0
964656022
0
1619710551
0
972521285
0
667199678
0
1612867159
0
1919748879
0
1425096825
0
717222784
0
537620077
0
1316931210
0
1696380488
0
1073964244
0
516995873
0
430801749
0
1317621406
0
411602778
0
763062859
0
25131329
0
1475451691
0
922898728
0
2032022862
0
775803393
0
1554405214
0
749865943
0
1562863405
0
1172761378
0
995567880
0
1464265383
0
1893181108
0
1577168204
0
1075349707
0
180152397
0
2016877756
0
1782560844
0
2103229458
0
1396670986
0
1852999992
0
563016750
0
809568568
0
2110018631
0
1685668306
0
1422947718
0
1104403434
0
1007354217
0
1988735818
0
1247411218
0
1504978912
0
1118179618
0
615444829
0
1499997051
0
1139904024
0
665316481
0
26746238
0
699939843
0
2121006682
0
1678247821
0
1260907849
0
709589547
0
1094824638
0
1077803370
0
616677145
0
736695593
0
1399606596
0
1799673381
0
1950830119
0
1968971284
0
1924853565
0
1320208547
0
944008625
0
343776339
0
1117919143
0
532608798
0
844227290
0
503607301
0
894855080
0
1001349619
0
2001188641
0
88609973
0
1061648840
0
1837914604
0
425970980
0
1731265409
0
1121795860
0
1264082007
0
370571878
0
498977246
0
386931987
0
585422393
0
1571572244
0
1513330455
0
1896125764
0
1675877715
0
81241953
0
1781388226
0
1722391555
0
155303325
0
990352170
0
1850656940
0
1985531079
0
1072454020
0
904464869
0
1451799817
0
690327105
0
1620992641
0
1045771445
0
1274509067
0
1671993891
0
1377805042
0
453175293
0
1540137189
0
1465338232
0
597201428
0
1973317965
0
1965077134
0
900383925
0
1582850713
0
2091998002
0
1608150930
0
2110983015
0
714201018
0
1290406443
0
423736448
0
682708084
0
269641867
0
680363499
0
1666391065
0
1700388928
0
1871822267
0
1228896566
0
1714351563
0
318627542
0
1496366423
0
249481344
0
1144869664
0
370965728
0
675963255
0
725934155
0
920744478
0
185281464
0
174277298
0
2058336625
0
649586852
0
1946843863
0
1543959749
0
1286594742
0
784987151
0
1287003336
0
1209775568
0
322801580
0
782462738
0
1808866985
0
1848909963
0
541376051
0
19076818
0
649016723
0
954620348
0
453862099
0
198383749
0
1341049299
0
1174693028
0
1248554725
0
1396548238
0
1937458003
0
562116960
0
719183567
0
1280245253
0
1443307878
0
1847712681
0
1893493947
0
392602336
0
1397697568
0
1926894490
0
1262296670
0
429183977
0
2045014813
0
88191856
0
476807362
0
1439846177
0
1648962443
0
835314966
0
1038033123
0
65550033
0
40293720
0
759203235
0
1728423818
0
607816157
0
2133925567
0
1910099669
0
312097880
0
1274003186
0
1759586512
0
373204347
0
1793210789
0
708228725
0
1845809401
0
2117321692
0
2021646654
0
329050944
0
588824783
0
773482505
0
1201946244
0
1879339226
0
864891306
0
2058857046
0
806368011
0
2005348307
0
1280639731
0
1630848683
0
1340028520
0
1198329551
0
1223122091
0
1299514353
0
1029040881
0
1404277676
0
849620002
0
944604711
0
1772259153
0
761400581
0
4512394
0
677878313
0
700059256
0
1980497326
0
222029582
0
1472089835
0
254759758
0
1812344235
0
161508597
0
55659971
0
1321746152
0
1016732096
0
688958293
0
90205827
0
2113363254
0
2064172245
0
2092088077
0
974557808
0
535303387
0
1035028026
0
1098492282
0
442870315
0
143063703
0
1437455328
0
120668946
0
858412654
0
546335232
0
1763653299
0
4216752
0
3990513
0
496558934
0
544551496
0
1849173405
0
674078451
0
1260288032
0
1029743463
0
327671468
0
1026291768
0
297092072
0
326974829
0
55298330
0
1686096806
0
34812630
0
980320426
0
750859998
0
1090076614
0
734658941
0
1529334784
0
297943745
0
1756141058
0
447517438
0
937848672
0
2040144971
0
1992619595
0
2097541847
0
294273377
0
197808198
0
257698230
0
1807119258
0
392149685
0
232443152
0
399301771
0
178468322
0
1629916642
0
707600962
0
2032414895
0
922251083
0
1884471582
0
1225052718
0
1535307637
0
1899436354
0
1482389023
0
1554520714
0
543590796
0
735074034
0
2063351894
0
1189350702
0
639462238
0
1433664478
0
832362406
0
806481084
0
1758282571
0
2080188077
0
687236979
0
1224852487
0
317508867
0
2022148521
0
173995025
0
1609141608
0
1581438985
0
1987405623
0
365660323
0
1702334594
0
212892377
0
374424337
0
822746249
0
249003910
0
1710571014
0
1203449909
0
1381633117
0
367122408
0
505793425
0
1129819149
0
820030469
0
1849529684
0
219608663
0
1585893495
0
1692427548
0
1208894721
0
550791580
0
1499566490
0
345916238
0
575979637
0
1780962030
0
1001766324
0
414814988
0
1063585154
0
21805650
0
1415339560
0
2083110748
0
416444595
0
535102592
0
1955233755
0
818953891
0
935352414
0
887726058
0
1442961097
0
314331708
0
163244736
0
1317660733
0
1072571667
0
734274351
0
1507981595
0
44665271
0
1217416894
0
2049032489
0
1041279331
0
937476714
0
83614159
0
848865175
0
1143129204
0
1183825566
0
120298307
0
1071533922
0
472763312
0
43490884
0
806847408
0
1472639098
0
896288411
0
1469023619
0
260474974
0
1231215432
0
2032826779
0
1402334530
0
403419885
0
672133616
0
785700892
0
397946441
0
1021757129
0
1392825691
0
1649636337
0
1424033189
0
20561708
0
1983242836
0
1268659565
0
2143661539
0
186340254
0
789491652
0
1832223998
0
1420720053
0
171259778
0
735001866
0
850424318
0
1577841841
0
1659748531
0
1728469634
0
1377845669
0
1135993282
0
1509468744
0
1416858397
0
1840400443
0
1403277760
0
1223900966
0
1505164596
0
2091486959
0
1608985817
0
1110543295
0
1120782988
0
1420611479
0
493940207
0
1628763394
0
652314649
0
548287808
0
220859779
0
1138563637
0
1759752289
0
1011934739
0
1664157780
0
672789932
0
1078985669
0
1160223615
0
726782545
0
147249679
0
924193609
0
172767712
0
309044840
0
1501167434
0
1483178282
0
1934694845
0
1366360688
0
1381445845
0
1514609198
0
1913122895
0
1731333381
0
116717617
0
1020419208
0
381223914
0
1286603597
0
933813136
0
786884476
0
963089906
0
1067802703
0
39191342
0
1558889012
0
947131284
0
1286698624
0
383448278
0
16783699
0
763271336
0
1381520621
0
623885783
0
1633190227
0
2039652882
0
164530713
0
1456239702
0
149546655
0
874763595
0
478693803
0
933005359
0
95478319
0
533823124
0
1926051549
0
2127372812
0
1299612381
0
529113830
0
86358583
0
1877242756
0
2136742015
0
2001500971
0
1042972989
0
1485499309
0
142006341
0
846241370
0
2141995156
0
96728584
0
72190509
0
2125107855
0
1887185728
0
1744547953
0
1023213580
0
101593884
0
238909023
0
1697013318
0
972519819
0
642560616
0
1968495996
0
379139090
0
606704981
0
638259711
0
550146012
0
1386923349
0
1233222105
0
1399241538
0
2106594516
0
2118625970
0
320326883
0
2139903199
0
1444429284
0
1367830500
0
314772365
0
1126915994
0
1418828265
0
588233567
0
1574333428
0
675909709
0
1973470180
0
228387345
0
952830226
0
432052703
0
867568814
0
1962577415
0
1837279632
0
491414811
0
2134105762
0
643669740
0
1282190241
0
1920466489
0
601066213
0
356766403
0
398592797
0
1147644186
0
1905200395
0
1721861995
0
1992406640
0
665890809
0
1089542346
0
345151253
0
603778624
0
847101493
0
1565696888
0
1550469925
0
1181456777
0
1110250877
0
501080956
0
1384247605
0
1359149284
0
438463049
0
1232071686
0
1391502228
0
881030166
0
574253897
0
693737261
0
953426064
0
1856367381
0
1324148851
0
596704896
0
70555582
0
416693530
0
423985843
0
579322555
0
2130810034
0
1086944066
0
1773015880
0
594809388
0
425007331
0
567602195
0
567731391
0
591644916
0
926817602
0
1324545123
0
814397459
0
1664811082
0
915418411
0
864386569
0
18193228
0
830905122
0
2083712660
0
1942844991
0
906911102
0
1763448555
0
858051638
0
921190261
0
1235105404
0
839593126
0
2074107892
0
1576782740
0
1039307200
0
4125702
0
621196810
0
1536777603
0
835351152
0
1646211225
0
1840234274
0
757959024
0
144322364
0
1116934285
0
1159969568
0
751981910
0
618698775
0
354492651
0
838348579
0
484359286
0
1663497672
0
315773011
0
764904140
0
906770038
0
1540069554
0
328596787
0
1545742672
0
1187410545
0
243498244
0
1518639373
0
928797416
0
239540669
0
1575669405
0
1654838678
0
812948849
0
940342929
0
1011449430
0
2097504005
0
1805746530
0
943030306
0
1081038082
0
1295390554
0
439827792
0
546987170
0
1983357030
0
1040434476
0
1770384258
0
1462295021
0
989561679
0
1449776585
0
1045605233
0
628467630
0
1330881464
0
2082581943
0
118753548
0
878573173
0
81761839
0
1929177640
0
980493074
0
1505071287
0
523242596
0
192776507
0
1589413473
0
723155678
0
1467521773
0
788753016
0
155386981
0
248874915
0
1690035696
0
1811227450
0
719055925
0
1282449806
0
1988008150
0
1902397024
0
1850245832
0
1518489864
0
563483300
0
60939830
0
2013506838
0
962116840
0
1893351617
0
147945673
0
1884346532
0
1270821015
0
1963929690
0
942645440
0
1055046161
0
388354648
0
873765703
0
886992135
0
1992819118
0
1155957614
0
2042547736
0
1573701657
0
795152747
0
341483548
0
1237686452
0
1269593922
0
667530462
0
729902906
0
1051549478
0
1749145583
0
986169698
0
275326740
0
1736743542
0
850980370
0
185989570
0
1337996605
0
1407672498
0
2071818534
0
1754248480
0
851213697
0
1960032812
0
2019809951
0
1671838328
0
910741348
0
1713883667
0
1044634058
0
1485798581
0
876903551
0
2085195943
0
1102578608
0
402274693
0
752244495
0
736997576
0
32583936
0
29882367
0
1869252418
0
987117363
0
1170346866
0
1217053989
0
244655448
0
1640414178
0
1046029460
0
1315999878
0
1075869093
0
319538311
0
1771275477
0
1408627225
0
938046047
0
1062459302
0
426963909
0
1239553936
0
444142805
0
54966663
0
406736831
0
585470216
0
227849758
0
507540105
0
421498851
0
1730120951
0
1214243077
0
246297698
0
1324422517
0
901242064
0
973207357
0
1460593547
0
310175572
0
1178027335
0
1453677652
0
38845245
0
37004027
0
1303907806
0
1855361454
0
1597402938
0
1858107819
0
510919259
0
1380365307
0
533876208
0
670750690
0
1165183727
0
339522696
0
493901593
0
979777896
0
222492876
0
668737505
0
1689321784
0
549926701
0
1995930666
0
1912137322
0
199193499
0
2065615667
0
581877867
0
2128265878
0
1276987114
0
370856880
0
994038566
0
1530888749
0
645629736
0
2011588308
0
929637835
0
1479560920
0
1267233827
0
1803603090
0
1425456225
0
315207643
0
2000182399
0
356569855
0
1390177855
0
97129625
0
370035655
0
76611873
0
1273044958
0
687034045
0
2109108043
0
1413801319
0
1999698025
0
805630625
0
349520040
0
1015537735
0
2090169436
0
940213226
0
979014756
0
281300778
0
1210668799
0
302949468
0
2135465286
0
2018353138
0
809502354
0
997159933
0
304612743
0
25357153
0
975908365
0
1759278416
0
1637485816
0
1221173207
0
756875670
0
1263744509
0
1140693933
0
1056415162
0
1922317985
0
1654388427
